116,0,120,364,28,44,-1,-1,-1,-1
117,0,119,364,28,43,-1,-1,-1,-1
118,0,118,367,25,44,-1,-1,-1,-1
1,1,196,364,21,42,-1,-1,-1,-1
2,1,194,361,21,41,-1,-1,-1,-1
3,1,193,361,21,41,-1,-1,-1,-1
4,1,191,361,20,41,-1,-1,-1,-1
5,1,190,361,20,41,-1,-1,-1,-1
6,1,189,361,20,41,-1,-1,-1,-1
7,1,189,361,20,41,-1,-1,-1,-1
8,1,188,361,20,40,-1,-1,-1,-1
9,1,187,362,20,40,-1,-1,-1,-1
10,1,187,361,20,41,-1,-1,-1,-1
11,1,187,362,20,41,-1,-1,-1,-1
12,1,186,362,19,40,-1,-1,-1,-1
13,1,185,363,20,40,-1,-1,-1,-1
14,1,182,363,23,42,-1,-1,-1,-1
15,1,181,364,24,42,-1,-1,-1,-1
16,1,181,364,24,42,-1,-1,-1,-1
17,1,179,364,26,43,-1,-1,-1,-1
18,1,176,365,28,42,-1,-1,-1,-1
19,1,176,363,27,44,-1,-1,-1,-1
20,1,176,365,27,42,-1,-1,-1,-1
21,1,176,365,27,42,-1,-1,-1,-1
22,1,177,365,26,42,-1,-1,-1,-1
23,1,177,365,25,41,-1,-1,-1,-1
24,1,177,365,25,41,-1,-1,-1,-1
25,1,174,365,27,40,-1,-1,-1,-1
26,1,173,364,26,41,-1,-1,-1,-1
27,1,173,364,25,42,-1,-1,-1,-1
28,1,172,364,26,41,-1,-1,-1,-1
29,1,173,364,25,41,-1,-1,-1,-1
30,1,169,363,27,43,-1,-1,-1,-1
31,1,169,364,26,42,-1,-1,-1,-1
32,1,169,363,25,44,-1,-1,-1,-1
33,1,168,363,26,42,-1,-1,-1,-1
34,1,167,364,27,42,-1,-1,-1,-1
35,1,166,364,28,44,-1,-1,-1,-1
36,1,166,364,27,44,-1,-1,-1,-1
37,1,165,364,28,45,-1,-1,-1,-1
38,1,164,364,29,45,-1,-1,-1,-1
39,1,165,365,26,43,-1,-1,-1,-1
40,1,166,365,25,42,-1,-1,-1,-1
41,1,166,365,22,41,-1,-1,-1,-1
42,1,165,364,22,41,-1,-1,-1,-1
43,1,165,363,21,41,-1,-1,-1,-1
44,1,164,364,21,39,-1,-1,-1,-1
45,1,163,365,20,39,-1,-1,-1,-1
46,1,161,366,21,39,-1,-1,-1,-1
47,1,160,367,21,40,-1,-1,-1,-1
48,1,156,367,24,39,-1,-1,-1,-1
49,1,156,367,23,39,-1,-1,-1,-1
50,1,154,366,24,40,-1,-1,-1,-1
51,1,155,366,22,40,-1,-1,-1,-1
52,1,154,367,23,39,-1,-1,-1,-1
53,1,154,367,23,40,-1,-1,-1,-1
54,1,153,365,23,41,-1,-1,-1,-1
55,1,152,364,23,42,-1,-1,-1,-1
56,1,152,364,22,41,-1,-1,-1,-1
57,1,152,363,21,42,-1,-1,-1,-1
58,1,151,362,21,42,-1,-1,-1,-1
59,1,150,361,22,43,-1,-1,-1,-1
60,1,149,360,23,44,-1,-1,-1,-1
61,1,148,360,23,43,-1,-1,-1,-1
62,1,149,362,22,41,-1,-1,-1,-1
63,1,150,363,23,42,-1,-1,-1,-1
64,1,147,365,23,42,-1,-1,-1,-1
65,1,147,364,24,43,-1,-1,-1,-1
66,1,147,363,24,44,-1,-1,-1,-1
67,1,146,363,25,44,-1,-1,-1,-1
68,1,146,362,24,43,-1,-1,-1,-1
69,1,146,362,24,43,-1,-1,-1,-1
70,1,147,362,24,42,-1,-1,-1,-1
71,1,146,362,24,42,-1,-1,-1,-1
72,1,146,361,23,42,-1,-1,-1,-1
73,1,144,359,23,44,-1,-1,-1,-1
74,1,144,359,23,43,-1,-1,-1,-1
75,1,143,360,22,43,-1,-1,-1,-1
76,1,141,361,22,42,-1,-1,-1,-1
77,1,139,362,23,42,-1,-1,-1,-1
78,1,137,362,24,44,-1,-1,-1,-1
79,1,135,362,24,44,-1,-1,-1,-1
80,1,135,362,23,44,-1,-1,-1,-1
81,1,135,363,22,44,-1,-1,-1,-1
82,1,133,362,22,43,-1,-1,-1,-1
83,1,133,361,23,46,-1,-1,-1,-1
84,1,133,361,23,45,-1,-1,-1,-1
85,1,133,362,24,45,-1,-1,-1,-1
86,1,132,365,25,43,-1,-1,-1,-1
87,1,131,365,26,44,-1,-1,-1,-1
88,1,131,367,25,43,-1,-1,-1,-1
89,1,130,366,25,44,-1,-1,-1,-1
90,1,130,366,24,43,-1,-1,-1,-1
91,1,128,364,25,46,-1,-1,-1,-1
92,1,127,365,27,47,-1,-1,-1,-1
93,1,127,367,26,43,-1,-1,-1,-1
94,1,126,367,26,41,-1,-1,-1,-1
95,1,126,367,26,43,-1,-1,-1,-1
96,1,125,369,27,42,-1,-1,-1,-1
97,1,125,368,26,41,-1,-1,-1,-1
98,1,124,366,26,43,-1,-1,-1,-1
99,1,124,365,26,43,-1,-1,-1,-1
100,1,123,361,27,46,-1,-1,-1,-1
101,1,123,361,28,45,-1,-1,-1,-1
102,1,124,362,27,45,-1,-1,-1,-1
103,1,123,363,26,45,-1,-1,-1,-1
104,1,123,365,27,44,-1,-1,-1,-1
105,1,122,366,27,43,-1,-1,-1,-1
106,1,121,366,26,45,-1,-1,-1,-1
107,1,119,365,27,46,-1,-1,-1,-1
108,1,119,363,25,47,-1,-1,-1,-1
109,1,119,363,25,46,-1,-1,-1,-1
110,1,119,363,24,46,-1,-1,-1,-1
111,1,119,364,24,46,-1,-1,-1,-1
112,1,118,365,24,45,-1,-1,-1,-1
113,1,117,365,24,45,-1,-1,-1,-1
114,1,115,363,24,44,-1,-1,-1,-1
115,1,113,363,26,45,-1,-1,-1,-1
116,1,112,364,25,45,-1,-1,-1,-1
117,1,110,365,25,45,-1,-1,-1,-1
118,1,109,367,25,44,-1,-1,-1,-1
119,1,106,367,28,45,-1,-1,-1,-1
120,1,107,369,27,43,-1,-1,-1,-1
121,1,107,367,27,43,-1,-1,-1,-1
122,1,106,366,26,42,-1,-1,-1,-1
123,1,107,366,25,41,-1,-1,-1,-1
124,1,103,367,27,42,-1,-1,-1,-1
125,1,102,367,27,41,-1,-1,-1,-1
126,1,102,365,26,41,-1,-1,-1,-1
127,1,101,365,28,41,-1,-1,-1,-1
128,1,101,363,27,42,-1,-1,-1,-1
129,1,100,362,27,43,-1,-1,-1,-1
130,1,99,362,28,43,-1,-1,-1,-1
131,1,99,362,29,44,-1,-1,-1,-1
132,1,99,361,28,47,-1,-1,-1,-1
133,1,98,362,27,45,-1,-1,-1,-1
134,1,98,362,27,45,-1,-1,-1,-1
135,1,97,363,27,46,-1,-1,-1,-1
136,1,97,363,27,46,-1,-1,-1,-1
137,1,98,364,26,45,-1,-1,-1,-1
138,1,97,364,25,45,-1,-1,-1,-1
139,1,96,365,25,45,-1,-1,-1,-1
140,1,96,366,25,45,-1,-1,-1,-1
141,1,94,367,24,43,-1,-1,-1,-1
142,1,93,369,23,41,-1,-1,-1,-1
143,1,92,369,24,41,-1,-1,-1,-1
144,1,91,367,25,42,-1,-1,-1,-1
145,1,90,365,26,42,-1,-1,-1,-1
146,1,89,365,27,41,-1,-1,-1,-1
147,1,88,365,27,41,-1,-1,-1,-1
148,1,87,365,27,41,-1,-1,-1,-1
149,1,87,366,27,40,-1,-1,-1,-1
150,1,85,366,28,41,-1,-1,-1,-1
151,1,86,365,27,40,-1,-1,-1,-1
152,1,85,364,25,39,-1,-1,-1,-1
153,1,85,364,27,40,-1,-1,-1,-1
154,1,85,365,27,40,-1,-1,-1,-1
155,1,83,365,27,44,-1,-1,-1,-1
156,1,83,364,26,45,-1,-1,-1,-1
157,1,81,364,27,43,-1,-1,-1,-1
158,1,80,364,26,43,-1,-1,-1,-1
159,1,79,366,27,42,-1,-1,-1,-1
160,1,78,366,27,43,-1,-1,-1,-1
161,1,77,365,28,44,-1,-1,-1,-1
162,1,77,365,28,42,-1,-1,-1,-1
163,1,77,365,27,42,-1,-1,-1,-1
164,1,77,365,27,42,-1,-1,-1,-1
165,1,77,364,27,42,-1,-1,-1,-1
166,1,77,364,26,42,-1,-1,-1,-1
167,1,76,362,26,42,-1,-1,-1,-1
168,1,76,362,27,42,-1,-1,-1,-1
169,1,74,362,28,44,-1,-1,-1,-1
170,1,74,361,27,43,-1,-1,-1,-1
171,1,74,362,27,42,-1,-1,-1,-1
172,1,73,363,27,43,-1,-1,-1,-1
173,1,71,364,26,41,-1,-1,-1,-1
174,1,70,364,24,41,-1,-1,-1,-1
175,1,68,364,25,41,-1,-1,-1,-1
176,1,66,363,26,43,-1,-1,-1,-1
177,1,66,362,25,44,-1,-1,-1,-1
178,1,65,363,24,44,-1,-1,-1,-1
179,1,64,362,25,44,-1,-1,-1,-1
180,1,64,362,25,45,-1,-1,-1,-1
181,1,63,362,26,44,-1,-1,-1,-1
182,1,63,362,26,45,-1,-1,-1,-1
183,1,63,363,26,45,-1,-1,-1,-1
184,1,63,362,25,45,-1,-1,-1,-1
185,1,63,363,24,44,-1,-1,-1,-1
186,1,62,363,24,44,-1,-1,-1,-1
187,1,61,363,26,44,-1,-1,-1,-1
188,1,60,364,26,44,-1,-1,-1,-1
189,1,59,365,26,44,-1,-1,-1,-1
190,1,59,365,25,43,-1,-1,-1,-1
191,1,57,365,27,44,-1,-1,-1,-1
192,1,57,366,27,43,-1,-1,-1,-1
193,1,57,366,26,42,-1,-1,-1,-1
194,1,57,366,26,41,-1,-1,-1,-1
195,1,55,368,27,40,-1,-1,-1,-1
196,1,55,367,26,39,-1,-1,-1,-1
197,1,55,367,26,39,-1,-1,-1,-1
198,1,55,365,23,39,-1,-1,-1,-1
199,1,55,365,22,39,-1,-1,-1,-1
200,1,54,366,23,39,-1,-1,-1,-1
201,1,54,365,24,39,-1,-1,-1,-1
202,1,54,363,26,41,-1,-1,-1,-1
203,1,53,362,26,40,-1,-1,-1,-1
204,1,53,362,26,41,-1,-1,-1,-1
205,1,53,362,25,41,-1,-1,-1,-1
206,1,53,362,25,40,-1,-1,-1,-1
207,1,52,363,26,40,-1,-1,-1,-1
208,1,52,364,25,39,-1,-1,-1,-1
209,1,51,364,25,40,-1,-1,-1,-1
210,1,50,364,26,40,-1,-1,-1,-1
211,1,48,362,26,41,-1,-1,-1,-1
212,1,47,361,25,40,-1,-1,-1,-1
213,1,47,363,26,40,-1,-1,-1,-1
214,1,46,363,25,39,-1,-1,-1,-1
215,1,46,364,26,40,-1,-1,-1,-1
216,1,46,364,26,40,-1,-1,-1,-1
217,1,46,363,24,40,-1,-1,-1,-1
218,1,46,362,23,40,-1,-1,-1,-1
219,1,45,361,23,40,-1,-1,-1,-1
220,1,44,360,24,41,-1,-1,-1,-1
221,1,44,360,25,41,-1,-1,-1,-1
222,1,44,360,24,41,-1,-1,-1,-1
223,1,43,361,24,42,-1,-1,-1,-1
224,1,44,361,24,42,-1,-1,-1,-1
225,1,43,362,25,41,-1,-1,-1,-1
226,1,43,364,25,40,-1,-1,-1,-1
227,1,43,367,25,38,-1,-1,-1,-1
228,1,42,370,24,37,-1,-1,-1,-1
229,1,40,370,26,38,-1,-1,-1,-1
230,1,39,370,26,37,-1,-1,-1,-1
231,1,38,368,25,37,-1,-1,-1,-1
232,1,39,367,24,38,-1,-1,-1,-1
233,1,38,367,24,39,-1,-1,-1,-1
234,1,38,365,23,41,-1,-1,-1,-1
235,1,35,367,23,39,-1,-1,-1,-1
236,1,34,367,23,39,-1,-1,-1,-1
237,1,35,366,23,39,-1,-1,-1,-1
238,1,34,367,24,40,-1,-1,-1,-1
239,1,34,367,25,40,-1,-1,-1,-1
240,1,33,368,25,40,-1,-1,-1,-1
241,1,32,368,26,41,-1,-1,-1,-1
242,1,32,368,26,42,-1,-1,-1,-1
243,1,31,368,27,42,-1,-1,-1,-1
244,1,31,368,27,42,-1,-1,-1,-1
245,1,30,368,28,42,-1,-1,-1,-1
246,1,31,369,26,41,-1,-1,-1,-1
247,1,30,369,27,39,-1,-1,-1,-1
248,1,30,369,27,39,-1,-1,-1,-1
249,1,31,369,27,40,-1,-1,-1,-1
250,1,31,369,26,40,-1,-1,-1,-1
251,1,31,369,26,40,-1,-1,-1,-1
252,1,30,369,26,40,-1,-1,-1,-1
253,1,29,370,24,41,-1,-1,-1,-1
254,1,28,370,24,41,-1,-1,-1,-1
255,1,28,371,24,40,-1,-1,-1,-1
256,1,28,371,23,39,-1,-1,-1,-1
257,1,28,371,22,39,-1,-1,-1,-1
258,1,26,370,22,39,-1,-1,-1,-1
259,1,25,370,22,39,-1,-1,-1,-1
260,1,25,370,21,39,-1,-1,-1,-1
261,1,26,371,20,41,-1,-1,-1,-1
287,2,5,378,23,42,-1,-1,-1,-1
288,2,1,378,25,42,-1,-1,-1,-1
289,2,5,378,23,41,-1,-1,-1,-1
290,2,4,377,24,42,-1,-1,-1,-1
291,2,4,377,24,41,-1,-1,-1,-1
292,2,2,377,22,41,-1,-1,-1,-1
293,2,2,376,21,42,-1,-1,-1,-1
294,2,1,377,22,40,-1,-1,-1,-1
295,2,1,375,21,41,-1,-1,-1,-1
1009,3,183,557,25,48,-1,-1,-1,-1
1010,3,184,557,25,49,-1,-1,-1,-1
1011,3,183,557,27,50,-1,-1,-1,-1
1012,3,183,557,26,50,-1,-1,-1,-1
1013,3,183,557,26,49,-1,-1,-1,-1
1014,3,182,557,28,51,-1,-1,-1,-1
1015,3,182,557,27,49,-1,-1,-1,-1
1016,3,183,556,25,49,-1,-1,-1,-1
1018,3,185,556,23,47,-1,-1,-1,-1
1019,3,183,555,25,50,-1,-1,-1,-1
1020,3,182,556,27,51,-1,-1,-1,-1
1021,3,182,555,27,52,-1,-1,-1,-1
1022,3,183,555,27,51,-1,-1,-1,-1
1023,3,184,555,25,50,-1,-1,-1,-1
1024,3,184,556,25,49,-1,-1,-1,-1
1025,3,185,555,25,50,-1,-1,-1,-1
1027,3,185,555,24,50,-1,-1,-1,-1
1028,3,185,555,24,49,-1,-1,-1,-1
1029,3,184,555,25,49,-1,-1,-1,-1
1030,3,182,556,28,51,-1,-1,-1,-1
1031,3,182,556,28,51,-1,-1,-1,-1
1032,3,182,557,27,51,-1,-1,-1,-1
1033,3,182,554,30,53,-1,-1,-1,-1
1034,3,182,554,30,53,-1,-1,-1,-1
1035,3,183,554,29,53,-1,-1,-1,-1
1091,6,143,537,35,64,-1,-1,-1,-1
1092,6,143,537,35,64,-1,-1,-1,-1
1093,6,142,539,34,59,-1,-1,-1,-1
1094,6,139,538,37,60,-1,-1,-1,-1
1095,6,138,537,38,60,-1,-1,-1,-1
1096,6,135,536,32,57,-1,-1,-1,-1
1099,6,132,536,33,56,-1,-1,-1,-1
1100,6,132,536,33,55,-1,-1,-1,-1
1101,6,133,537,31,53,-1,-1,-1,-1
1102,6,132,537,32,56,-1,-1,-1,-1
1103,6,132,538,32,54,-1,-1,-1,-1
1104,6,132,538,31,53,-1,-1,-1,-1
1105,6,132,539,32,49,-1,-1,-1,-1
1106,6,132,539,32,49,-1,-1,-1,-1
1107,6,131,538,33,51,-1,-1,-1,-1
1108,6,131,538,33,53,-1,-1,-1,-1
1109,6,128,539,39,55,-1,-1,-1,-1
1110,6,129,538,37,57,-1,-1,-1,-1
1111,6,129,538,35,53,-1,-1,-1,-1
1112,6,128,538,37,56,-1,-1,-1,-1
1113,6,127,538,36,57,-1,-1,-1,-1
1129,8,111,538,34,61,-1,-1,-1,-1
1130,8,113,537,33,62,-1,-1,-1,-1
1131,8,112,537,34,62,-1,-1,-1,-1
1132,8,108,539,36,66,-1,-1,-1,-1
1133,8,109,540,35,67,-1,-1,-1,-1
1134,8,108,542,34,65,-1,-1,-1,-1
1135,8,100,550,28,59,-1,-1,-1,-1
1136,8,100,551,28,59,-1,-1,-1,-1
1137,8,101,553,29,60,-1,-1,-1,-1
1138,8,100,552,30,60,-1,-1,-1,-1
1139,8,99,552,30,59,-1,-1,-1,-1
1140,8,99,553,30,57,-1,-1,-1,-1
1141,8,100,555,29,57,-1,-1,-1,-1
1163,9,79,557,28,53,-1,-1,-1,-1
1164,9,79,557,28,54,-1,-1,-1,-1
1165,9,79,556,28,56,-1,-1,-1,-1
1174,10,79,556,25,58,-1,-1,-1,-1
1175,10,79,556,25,58,-1,-1,-1,-1
1176,10,78,556,27,59,-1,-1,-1,-1
1145,8,98,552,31,58,-1,-1,-1,-1
1146,8,97,551,30,58,-1,-1,-1,-1
1147,8,98,552,30,58,-1,-1,-1,-1
1148,8,96,555,26,55,-1,-1,-1,-1
1149,8,95,554,27,57,-1,-1,-1,-1
1150,8,93,553,28,57,-1,-1,-1,-1
1151,8,93,553,26,57,-1,-1,-1,-1
1152,8,91,551,28,59,-1,-1,-1,-1
1153,8,90,553,29,59,-1,-1,-1,-1
1154,8,89,553,30,58,-1,-1,-1,-1
1155,8,89,554,30,56,-1,-1,-1,-1
1156,8,88,554,29,57,-1,-1,-1,-1
1157,8,87,555,29,57,-1,-1,-1,-1
1158,8,91,553,27,58,-1,-1,-1,-1
1159,8,89,555,27,56,-1,-1,-1,-1
1160,8,89,556,27,56,-1,-1,-1,-1
1161,8,88,558,28,56,-1,-1,-1,-1
1162,8,91,557,27,56,-1,-1,-1,-1
1163,8,90,557,27,56,-1,-1,-1,-1
1164,8,89,557,29,57,-1,-1,-1,-1
1165,8,87,557,30,59,-1,-1,-1,-1
1166,8,87,557,30,60,-1,-1,-1,-1
1167,8,87,557,29,61,-1,-1,-1,-1
1168,8,87,558,29,60,-1,-1,-1,-1
1169,8,88,558,30,60,-1,-1,-1,-1
1170,8,88,558,30,60,-1,-1,-1,-1
1171,8,87,558,32,59,-1,-1,-1,-1
1172,8,87,558,30,59,-1,-1,-1,-1
1173,8,86,558,31,60,-1,-1,-1,-1
1174,8,87,557,30,62,-1,-1,-1,-1
1175,8,87,558,30,62,-1,-1,-1,-1
1176,8,86,557,30,63,-1,-1,-1,-1
1177,8,86,557,30,62,-1,-1,-1,-1
1178,8,81,556,28,61,-1,-1,-1,-1
1179,8,81,556,28,60,-1,-1,-1,-1
1180,8,81,556,27,59,-1,-1,-1,-1
1181,8,81,557,27,59,-1,-1,-1,-1
1182,8,81,557,26,60,-1,-1,-1,-1
1183,8,79,557,23,57,-1,-1,-1,-1
1040,12,183,556,27,49,-1,-1,-1,-1
1041,12,184,555,26,49,-1,-1,-1,-1
1042,12,183,554,29,53,-1,-1,-1,-1
1043,12,183,554,29,54,-1,-1,-1,-1
1044,12,182,555,30,54,-1,-1,-1,-1
1045,12,183,553,29,52,-1,-1,-1,-1
1046,12,184,552,29,53,-1,-1,-1,-1
1047,12,184,552,29,53,-1,-1,-1,-1
1048,12,184,554,28,53,-1,-1,-1,-1
1049,12,183,557,29,54,-1,-1,-1,-1
1050,12,180,558,32,56,-1,-1,-1,-1
1051,12,181,557,32,59,-1,-1,-1,-1
1052,12,182,557,31,60,-1,-1,-1,-1
1053,12,182,557,32,59,-1,-1,-1,-1
1054,12,182,557,32,59,-1,-1,-1,-1
1055,12,182,557,32,58,-1,-1,-1,-1
1056,12,182,557,32,58,-1,-1,-1,-1
1057,12,182,556,31,59,-1,-1,-1,-1
1058,12,181,556,32,58,-1,-1,-1,-1
1059,12,181,556,32,59,-1,-1,-1,-1
1060,12,182,555,31,60,-1,-1,-1,-1
1061,12,182,555,31,60,-1,-1,-1,-1
1062,12,183,555,31,59,-1,-1,-1,-1
1063,12,183,555,31,60,-1,-1,-1,-1
1064,12,183,556,31,59,-1,-1,-1,-1
1065,12,183,557,32,58,-1,-1,-1,-1
1066,12,183,558,32,56,-1,-1,-1,-1
1067,12,182,559,32,55,-1,-1,-1,-1
1068,12,182,558,32,57,-1,-1,-1,-1
1069,12,182,556,32,60,-1,-1,-1,-1
1070,12,183,556,32,59,-1,-1,-1,-1
1071,12,183,556,32,59,-1,-1,-1,-1
1072,12,184,556,31,59,-1,-1,-1,-1
1073,12,184,556,31,59,-1,-1,-1,-1
1074,12,184,556,31,57,-1,-1,-1,-1
1075,12,184,555,30,58,-1,-1,-1,-1
1076,12,184,554,30,60,-1,-1,-1,-1
1077,12,184,555,31,58,-1,-1,-1,-1
1078,12,184,555,31,58,-1,-1,-1,-1
1079,12,185,554,29,59,-1,-1,-1,-1
1080,12,184,554,30,60,-1,-1,-1,-1
1081,12,184,553,30,58,-1,-1,-1,-1
1082,12,184,553,30,58,-1,-1,-1,-1
1083,12,184,553,30,59,-1,-1,-1,-1
1084,12,184,554,30,57,-1,-1,-1,-1
1085,12,185,554,29,57,-1,-1,-1,-1
1086,12,185,555,29,56,-1,-1,-1,-1
1087,12,185,555,28,54,-1,-1,-1,-1
1088,12,184,554,28,55,-1,-1,-1,-1
1089,12,183,552,30,58,-1,-1,-1,-1
1090,12,183,552,30,59,-1,-1,-1,-1
1091,12,185,554,31,58,-1,-1,-1,-1
1092,12,185,553,31,58,-1,-1,-1,-1
1093,12,182,550,33,60,-1,-1,-1,-1
1094,12,186,552,30,58,-1,-1,-1,-1
1095,12,187,551,29,60,-1,-1,-1,-1
1096,12,186,551,30,61,-1,-1,-1,-1
1097,12,186,551,29,63,-1,-1,-1,-1
1098,12,185,551,30,63,-1,-1,-1,-1
1099,12,180,553,36,56,-1,-1,-1,-1
1100,12,185,551,30,60,-1,-1,-1,-1
1101,12,184,551,31,60,-1,-1,-1,-1
1102,12,184,550,31,62,-1,-1,-1,-1
1103,12,183,550,32,62,-1,-1,-1,-1
1104,12,181,552,35,62,-1,-1,-1,-1
1105,12,183,550,34,60,-1,-1,-1,-1
1106,12,185,550,32,60,-1,-1,-1,-1
1107,12,184,548,33,62,-1,-1,-1,-1
1108,12,185,548,33,62,-1,-1,-1,-1
1109,12,184,548,34,61,-1,-1,-1,-1
1110,12,183,549,36,62,-1,-1,-1,-1
1111,12,183,549,37,63,-1,-1,-1,-1
1112,12,181,547,37,63,-1,-1,-1,-1
1113,12,181,550,36,61,-1,-1,-1,-1
1114,12,181,550,36,61,-1,-1,-1,-1
1115,12,181,551,35,60,-1,-1,-1,-1
1116,12,181,552,36,61,-1,-1,-1,-1
1117,12,182,552,34,62,-1,-1,-1,-1
1118,12,183,552,34,63,-1,-1,-1,-1
1119,12,183,552,34,64,-1,-1,-1,-1
1120,12,183,552,34,64,-1,-1,-1,-1
1121,12,184,552,33,63,-1,-1,-1,-1
1122,12,183,550,37,61,-1,-1,-1,-1
1123,12,182,550,37,61,-1,-1,-1,-1
1124,12,183,549,36,63,-1,-1,-1,-1
1125,12,185,548,33,68,-1,-1,-1,-1
1126,12,183,550,36,63,-1,-1,-1,-1
1127,12,183,551,34,66,-1,-1,-1,-1
1128,12,184,548,32,68,-1,-1,-1,-1
1129,12,179,551,37,65,-1,-1,-1,-1
1130,12,179,551,36,65,-1,-1,-1,-1
1131,12,184,548,30,68,-1,-1,-1,-1
1132,12,184,549,31,67,-1,-1,-1,-1
1133,12,183,549,33,67,-1,-1,-1,-1
1134,12,184,548,32,68,-1,-1,-1,-1
1135,12,184,548,31,68,-1,-1,-1,-1
1136,12,183,548,30,69,-1,-1,-1,-1
1137,12,175,552,36,63,-1,-1,-1,-1
1138,12,176,549,34,66,-1,-1,-1,-1
1139,12,175,549,34,67,-1,-1,-1,-1
1140,12,174,549,35,67,-1,-1,-1,-1
1141,12,172,550,35,65,-1,-1,-1,-1
1142,12,169,549,36,65,-1,-1,-1,-1
1143,12,170,550,35,64,-1,-1,-1,-1
1144,12,170,549,34,65,-1,-1,-1,-1
1145,12,170,548,34,66,-1,-1,-1,-1
1146,12,170,548,35,66,-1,-1,-1,-1
1147,12,169,550,35,65,-1,-1,-1,-1
1148,12,170,548,34,66,-1,-1,-1,-1
1149,12,171,547,33,66,-1,-1,-1,-1
1150,12,171,549,34,65,-1,-1,-1,-1
1151,12,170,550,35,64,-1,-1,-1,-1
1152,12,169,551,36,65,-1,-1,-1,-1
1153,12,166,552,39,63,-1,-1,-1,-1
1154,12,161,550,46,70,-1,-1,-1,-1
1155,12,162,549,44,72,-1,-1,-1,-1
1156,12,162,548,42,73,-1,-1,-1,-1
1157,12,161,550,40,71,-1,-1,-1,-1
1158,12,163,549,38,71,-1,-1,-1,-1
1159,12,161,548,40,74,-1,-1,-1,-1
1160,12,160,549,40,73,-1,-1,-1,-1
1161,12,158,552,41,69,-1,-1,-1,-1
1162,12,157,550,42,71,-1,-1,-1,-1
1163,12,158,550,40,71,-1,-1,-1,-1
1164,12,157,552,39,70,-1,-1,-1,-1
1165,12,158,552,39,69,-1,-1,-1,-1
1166,12,157,553,40,68,-1,-1,-1,-1
1167,12,157,553,39,69,-1,-1,-1,-1
1168,12,155,552,37,70,-1,-1,-1,-1
1169,12,155,551,36,75,-1,-1,-1,-1
1170,12,151,551,40,73,-1,-1,-1,-1
1171,12,148,550,42,74,-1,-1,-1,-1
1172,12,148,552,40,70,-1,-1,-1,-1
1173,12,148,553,39,69,-1,-1,-1,-1
1174,12,149,554,36,68,-1,-1,-1,-1
1175,12,148,553,36,69,-1,-1,-1,-1
1176,12,145,554,40,68,-1,-1,-1,-1
1177,12,143,555,42,69,-1,-1,-1,-1
1178,12,145,555,37,69,-1,-1,-1,-1
1179,12,145,558,36,67,-1,-1,-1,-1
1180,12,145,558,37,67,-1,-1,-1,-1
1181,12,143,559,38,68,-1,-1,-1,-1
1182,12,143,560,37,67,-1,-1,-1,-1
1183,12,139,556,38,71,-1,-1,-1,-1
1184,12,137,559,39,68,-1,-1,-1,-1
1185,12,136,558,37,69,-1,-1,-1,-1
1186,12,135,558,37,70,-1,-1,-1,-1
1187,12,138,564,36,66,-1,-1,-1,-1
1188,12,137,566,34,64,-1,-1,-1,-1
1189,12,133,558,34,71,-1,-1,-1,-1
1190,12,133,563,36,67,-1,-1,-1,-1
1191,12,131,555,37,74,-1,-1,-1,-1
1192,12,133,557,34,74,-1,-1,-1,-1
1193,12,135,570,32,61,-1,-1,-1,-1
1201,10,80,556,27,60,-1,-1,-1,-1
1202,10,80,557,28,59,-1,-1,-1,-1
1203,10,80,557,28,59,-1,-1,-1,-1
1198,14,123,560,34,66,-1,-1,-1,-1
1199,14,122,564,32,63,-1,-1,-1,-1
1200,14,121,562,34,65,-1,-1,-1,-1
1201,14,121,562,34,65,-1,-1,-1,-1
1202,14,120,560,35,67,-1,-1,-1,-1
1203,14,120,559,35,67,-1,-1,-1,-1
1204,14,119,559,36,68,-1,-1,-1,-1
1205,14,119,558,36,68,-1,-1,-1,-1
1206,14,118,558,36,67,-1,-1,-1,-1
1207,14,118,559,34,66,-1,-1,-1,-1
1208,14,118,561,33,64,-1,-1,-1,-1
1209,14,118,560,32,64,-1,-1,-1,-1
1210,14,119,560,29,65,-1,-1,-1,-1
1211,14,118,560,28,64,-1,-1,-1,-1
1212,14,118,563,26,64,-1,-1,-1,-1
1213,14,116,563,27,63,-1,-1,-1,-1
1214,14,111,563,29,61,-1,-1,-1,-1
1215,14,112,561,32,64,-1,-1,-1,-1
1216,14,110,559,34,66,-1,-1,-1,-1
1217,14,109,558,33,67,-1,-1,-1,-1
1218,14,111,559,32,66,-1,-1,-1,-1
1219,14,111,559,30,67,-1,-1,-1,-1
1220,14,110,560,30,66,-1,-1,-1,-1
1221,14,110,560,30,66,-1,-1,-1,-1
1222,14,110,564,33,63,-1,-1,-1,-1
1223,14,109,562,31,64,-1,-1,-1,-1
1224,14,108,561,30,65,-1,-1,-1,-1
1225,14,106,557,31,67,-1,-1,-1,-1
1226,14,105,558,32,67,-1,-1,-1,-1
1227,14,105,559,32,66,-1,-1,-1,-1
1228,14,105,560,32,64,-1,-1,-1,-1
1229,14,104,563,31,61,-1,-1,-1,-1
1230,14,103,563,32,61,-1,-1,-1,-1
1231,14,104,563,32,62,-1,-1,-1,-1
1232,14,104,562,31,62,-1,-1,-1,-1
1233,14,104,563,31,61,-1,-1,-1,-1
1234,14,104,562,31,62,-1,-1,-1,-1
1235,14,103,560,32,64,-1,-1,-1,-1
1236,14,103,562,32,63,-1,-1,-1,-1
1237,14,104,562,32,62,-1,-1,-1,-1
1238,14,103,562,33,62,-1,-1,-1,-1
1239,14,102,562,34,63,-1,-1,-1,-1
1240,14,102,562,33,62,-1,-1,-1,-1
1241,14,102,562,34,63,-1,-1,-1,-1
1242,14,100,562,37,63,-1,-1,-1,-1
1244,15,92,562,30,61,-1,-1,-1,-1
1245,15,91,562,30,61,-1,-1,-1,-1
1246,15,91,561,31,62,-1,-1,-1,-1
1247,15,91,561,31,61,-1,-1,-1,-1
1248,15,92,562,29,61,-1,-1,-1,-1
1249,15,91,562,31,61,-1,-1,-1,-1
1250,15,91,561,30,62,-1,-1,-1,-1
1253,16,88,561,30,61,-1,-1,-1,-1
1254,16,89,561,30,61,-1,-1,-1,-1
1255,16,91,561,29,62,-1,-1,-1,-1
1256,16,91,561,29,62,-1,-1,-1,-1
1257,16,90,560,30,63,-1,-1,-1,-1
1258,16,91,560,30,63,-1,-1,-1,-1
1259,16,95,560,28,60,-1,-1,-1,-1
1260,16,95,560,27,60,-1,-1,-1,-1
1261,16,91,560,29,62,-1,-1,-1,-1
1262,16,95,560,28,58,-1,-1,-1,-1
1263,16,95,561,28,58,-1,-1,-1,-1
1264,16,95,560,26,60,-1,-1,-1,-1
1265,16,95,561,27,59,-1,-1,-1,-1
1266,16,89,561,30,61,-1,-1,-1,-1
1267,16,94,562,27,58,-1,-1,-1,-1
1268,16,93,561,28,58,-1,-1,-1,-1
1269,16,92,560,29,59,-1,-1,-1,-1
1268,17,1848,264,42,78,-1,-1,-1,-1
1269,17,1847,269,42,70,-1,-1,-1,-1
1270,17,1848,268,42,71,-1,-1,-1,-1
1291,9,79,557,27,56,-1,-1,-1,-1
1292,9,80,558,27,55,-1,-1,-1,-1
1293,9,80,558,26,55,-1,-1,-1,-1
1383,15,89,559,33,64,-1,-1,-1,-1
1384,15,93,563,32,61,-1,-1,-1,-1
1385,15,92,567,29,58,-1,-1,-1,-1
1386,15,90,571,30,56,-1,-1,-1,-1
1183,20,86,555,30,61,-1,-1,-1,-1
1184,20,86,556,32,61,-1,-1,-1,-1
1185,20,85,557,32,61,-1,-1,-1,-1
1186,20,86,557,32,61,-1,-1,-1,-1
1187,20,87,557,28,61,-1,-1,-1,-1
1188,20,86,556,30,62,-1,-1,-1,-1
1189,20,83,556,33,62,-1,-1,-1,-1
1190,20,87,556,28,63,-1,-1,-1,-1
1191,20,87,557,30,62,-1,-1,-1,-1
1192,20,86,556,31,63,-1,-1,-1,-1
1193,20,81,555,29,62,-1,-1,-1,-1
1194,20,86,556,30,63,-1,-1,-1,-1
1195,20,89,557,30,61,-1,-1,-1,-1
1196,20,88,557,32,61,-1,-1,-1,-1
1197,20,81,556,27,59,-1,-1,-1,-1
1198,20,80,556,28,59,-1,-1,-1,-1
1199,20,80,557,27,60,-1,-1,-1,-1
1200,20,84,555,31,64,-1,-1,-1,-1
1201,20,88,557,33,61,-1,-1,-1,-1
1202,20,88,559,33,60,-1,-1,-1,-1
1203,20,88,558,32,61,-1,-1,-1,-1
1204,20,87,558,33,61,-1,-1,-1,-1
1205,20,87,557,33,61,-1,-1,-1,-1
1206,20,86,557,33,60,-1,-1,-1,-1
1207,20,81,557,34,61,-1,-1,-1,-1
1208,20,86,556,32,62,-1,-1,-1,-1
1209,20,82,557,35,61,-1,-1,-1,-1
1210,20,84,559,32,60,-1,-1,-1,-1
1211,20,82,560,35,59,-1,-1,-1,-1
1212,20,81,557,29,60,-1,-1,-1,-1
1213,20,88,561,29,58,-1,-1,-1,-1
1214,20,93,558,28,60,-1,-1,-1,-1
1215,20,86,559,31,61,-1,-1,-1,-1
1216,20,85,558,33,62,-1,-1,-1,-1
1217,20,85,557,34,63,-1,-1,-1,-1
1218,20,87,559,32,61,-1,-1,-1,-1
1219,20,87,558,32,63,-1,-1,-1,-1
1220,20,86,559,32,61,-1,-1,-1,-1
1221,20,85,558,33,62,-1,-1,-1,-1
1222,20,86,560,32,60,-1,-1,-1,-1
1223,20,86,560,31,60,-1,-1,-1,-1
1224,20,88,559,30,62,-1,-1,-1,-1
1225,20,89,557,29,65,-1,-1,-1,-1
1226,20,89,558,29,65,-1,-1,-1,-1
1227,20,87,558,30,65,-1,-1,-1,-1
1228,20,95,558,26,61,-1,-1,-1,-1
1229,20,95,560,27,60,-1,-1,-1,-1
1230,20,94,561,28,59,-1,-1,-1,-1
1231,20,94,561,27,60,-1,-1,-1,-1
1232,20,94,560,27,60,-1,-1,-1,-1
1233,20,95,561,27,59,-1,-1,-1,-1
1234,20,96,560,27,61,-1,-1,-1,-1
1235,20,91,557,29,64,-1,-1,-1,-1
1236,20,95,559,30,61,-1,-1,-1,-1
1237,20,95,559,28,61,-1,-1,-1,-1
1238,20,95,559,29,60,-1,-1,-1,-1
1239,20,91,559,30,63,-1,-1,-1,-1
1240,20,92,560,29,62,-1,-1,-1,-1
1241,20,94,559,31,60,-1,-1,-1,-1
1242,20,89,560,32,64,-1,-1,-1,-1
1243,20,100,563,35,62,-1,-1,-1,-1
1244,20,100,563,35,62,-1,-1,-1,-1
1245,20,100,562,36,63,-1,-1,-1,-1
1246,20,99,562,37,63,-1,-1,-1,-1
1247,20,99,561,37,63,-1,-1,-1,-1
1248,20,100,561,37,63,-1,-1,-1,-1
1249,20,99,560,37,64,-1,-1,-1,-1
1250,20,100,560,36,64,-1,-1,-1,-1
1251,20,99,560,38,64,-1,-1,-1,-1
1252,20,101,560,36,65,-1,-1,-1,-1
1253,20,102,560,36,64,-1,-1,-1,-1
1254,20,102,561,35,63,-1,-1,-1,-1
1255,20,103,562,33,62,-1,-1,-1,-1
1256,20,102,562,34,61,-1,-1,-1,-1
1257,20,102,562,34,62,-1,-1,-1,-1
1258,20,101,562,35,61,-1,-1,-1,-1
1259,20,104,562,33,61,-1,-1,-1,-1
1260,20,104,562,33,60,-1,-1,-1,-1
1261,20,102,562,32,61,-1,-1,-1,-1
1262,20,102,563,33,59,-1,-1,-1,-1
1263,20,103,563,31,60,-1,-1,-1,-1
1264,20,104,562,32,61,-1,-1,-1,-1
1265,20,103,563,33,59,-1,-1,-1,-1
1266,20,103,563,33,59,-1,-1,-1,-1
1267,20,103,563,33,59,-1,-1,-1,-1
1268,20,104,562,37,60,-1,-1,-1,-1
1269,20,104,562,37,60,-1,-1,-1,-1
1270,20,105,561,37,62,-1,-1,-1,-1
1271,20,105,562,38,61,-1,-1,-1,-1
1272,20,105,561,37,62,-1,-1,-1,-1
1273,20,103,561,39,61,-1,-1,-1,-1
1274,20,106,562,38,60,-1,-1,-1,-1
1275,20,109,561,36,61,-1,-1,-1,-1
1276,20,109,562,35,60,-1,-1,-1,-1
1277,20,110,561,33,62,-1,-1,-1,-1
1278,20,110,562,32,62,-1,-1,-1,-1
1279,20,109,562,32,63,-1,-1,-1,-1
1280,20,108,562,33,63,-1,-1,-1,-1
1281,20,108,563,33,62,-1,-1,-1,-1
1282,20,109,563,32,62,-1,-1,-1,-1
1283,20,108,562,34,63,-1,-1,-1,-1
1284,20,107,563,35,62,-1,-1,-1,-1
1285,20,108,563,35,61,-1,-1,-1,-1
1286,20,107,564,35,60,-1,-1,-1,-1
1287,20,108,563,34,62,-1,-1,-1,-1
1288,20,108,564,33,60,-1,-1,-1,-1
1289,20,106,564,35,60,-1,-1,-1,-1
1290,20,108,564,35,61,-1,-1,-1,-1
1291,20,105,564,33,60,-1,-1,-1,-1
1292,20,106,564,35,60,-1,-1,-1,-1
1293,20,107,564,35,60,-1,-1,-1,-1
1294,20,110,564,35,59,-1,-1,-1,-1
1295,20,111,563,33,61,-1,-1,-1,-1
1296,20,109,564,36,60,-1,-1,-1,-1
1297,20,109,564,35,59,-1,-1,-1,-1
1298,20,107,564,36,59,-1,-1,-1,-1
1299,20,107,564,36,59,-1,-1,-1,-1
1300,20,107,564,36,59,-1,-1,-1,-1
1301,20,108,564,36,60,-1,-1,-1,-1
1302,20,108,564,35,60,-1,-1,-1,-1
1303,20,107,565,34,59,-1,-1,-1,-1
1304,20,108,565,33,60,-1,-1,-1,-1
1305,20,108,564,34,61,-1,-1,-1,-1
1306,20,106,564,35,60,-1,-1,-1,-1
1307,20,108,565,33,60,-1,-1,-1,-1
1308,20,107,564,34,61,-1,-1,-1,-1
1309,20,108,566,33,60,-1,-1,-1,-1
1310,20,108,566,33,59,-1,-1,-1,-1
1311,20,109,565,33,61,-1,-1,-1,-1
1312,20,109,566,32,60,-1,-1,-1,-1
1313,20,109,566,33,59,-1,-1,-1,-1
1314,20,108,566,34,59,-1,-1,-1,-1
1315,20,108,566,34,60,-1,-1,-1,-1
1316,20,109,566,34,59,-1,-1,-1,-1
1317,20,110,565,33,61,-1,-1,-1,-1
1318,20,111,565,32,61,-1,-1,-1,-1
1319,20,112,564,33,62,-1,-1,-1,-1
1320,20,111,565,32,61,-1,-1,-1,-1
1321,20,109,565,33,61,-1,-1,-1,-1
1322,20,109,565,32,60,-1,-1,-1,-1
1323,20,109,565,32,60,-1,-1,-1,-1
1324,20,109,565,33,60,-1,-1,-1,-1
1325,20,110,565,33,60,-1,-1,-1,-1
1326,20,110,565,34,60,-1,-1,-1,-1
1327,20,111,565,32,60,-1,-1,-1,-1
1328,20,111,565,34,59,-1,-1,-1,-1
1329,20,112,564,34,61,-1,-1,-1,-1
1330,20,110,565,36,60,-1,-1,-1,-1
1331,20,110,565,35,60,-1,-1,-1,-1
1332,20,109,565,36,60,-1,-1,-1,-1
1333,20,109,565,36,59,-1,-1,-1,-1
1334,20,109,565,37,60,-1,-1,-1,-1
1335,20,107,566,38,58,-1,-1,-1,-1
1336,20,108,565,37,60,-1,-1,-1,-1
1337,20,109,565,37,60,-1,-1,-1,-1
1338,20,112,565,34,60,-1,-1,-1,-1
1339,20,106,566,37,58,-1,-1,-1,-1
1340,20,104,567,37,57,-1,-1,-1,-1
1341,20,104,566,37,57,-1,-1,-1,-1
1342,20,105,565,38,59,-1,-1,-1,-1
1343,20,106,566,38,58,-1,-1,-1,-1
1344,20,106,565,38,59,-1,-1,-1,-1
1345,20,109,564,36,60,-1,-1,-1,-1
1346,20,112,564,35,61,-1,-1,-1,-1
1347,20,111,564,34,59,-1,-1,-1,-1
1348,20,111,563,32,60,-1,-1,-1,-1
1349,20,112,561,32,62,-1,-1,-1,-1
1350,20,111,561,32,61,-1,-1,-1,-1
1351,20,111,561,33,62,-1,-1,-1,-1
1352,20,110,561,35,63,-1,-1,-1,-1
1353,20,110,561,35,63,-1,-1,-1,-1
1354,20,111,562,33,62,-1,-1,-1,-1
1355,20,111,562,33,63,-1,-1,-1,-1
1356,20,110,561,33,64,-1,-1,-1,-1
1357,20,111,561,33,64,-1,-1,-1,-1
1358,20,110,561,34,63,-1,-1,-1,-1
1359,20,109,560,34,63,-1,-1,-1,-1
1360,20,110,559,34,64,-1,-1,-1,-1
1361,20,111,560,34,64,-1,-1,-1,-1
1362,20,111,560,35,64,-1,-1,-1,-1
1363,20,110,560,34,64,-1,-1,-1,-1
1364,20,111,561,32,64,-1,-1,-1,-1
1365,20,111,561,32,63,-1,-1,-1,-1
1366,20,110,559,33,66,-1,-1,-1,-1
1367,20,110,560,34,66,-1,-1,-1,-1
1368,20,110,561,34,64,-1,-1,-1,-1
1369,20,108,560,35,65,-1,-1,-1,-1
1370,20,109,559,34,66,-1,-1,-1,-1
1371,20,112,560,32,65,-1,-1,-1,-1
1372,20,109,559,33,64,-1,-1,-1,-1
1373,20,106,559,34,67,-1,-1,-1,-1
1374,20,106,558,34,68,-1,-1,-1,-1
1375,20,106,558,34,68,-1,-1,-1,-1
1376,20,105,558,35,68,-1,-1,-1,-1
1377,20,106,559,34,67,-1,-1,-1,-1
1378,20,105,559,35,67,-1,-1,-1,-1
1379,20,109,561,34,67,-1,-1,-1,-1
1380,20,108,560,35,68,-1,-1,-1,-1
1381,20,110,563,33,64,-1,-1,-1,-1
1382,20,105,562,36,63,-1,-1,-1,-1
1383,20,106,560,33,66,-1,-1,-1,-1
1384,20,107,561,33,64,-1,-1,-1,-1
1385,20,100,563,33,65,-1,-1,-1,-1
1386,20,98,564,33,63,-1,-1,-1,-1
1387,20,98,563,34,65,-1,-1,-1,-1
1388,20,97,561,30,65,-1,-1,-1,-1
1389,20,98,563,31,62,-1,-1,-1,-1
1390,20,98,566,30,60,-1,-1,-1,-1
1391,20,97,567,32,58,-1,-1,-1,-1
1392,20,90,569,31,54,-1,-1,-1,-1
1393,20,87,567,31,55,-1,-1,-1,-1
1394,20,88,569,31,53,-1,-1,-1,-1
1395,20,89,569,32,54,-1,-1,-1,-1
1396,20,91,569,31,55,-1,-1,-1,-1
1397,20,91,570,32,55,-1,-1,-1,-1
1398,20,89,570,32,54,-1,-1,-1,-1
1399,20,89,569,32,56,-1,-1,-1,-1
1400,20,89,569,31,54,-1,-1,-1,-1
1401,20,88,569,33,54,-1,-1,-1,-1
1402,20,87,568,32,56,-1,-1,-1,-1
1403,20,89,569,31,57,-1,-1,-1,-1
1404,20,92,571,29,55,-1,-1,-1,-1
1405,20,93,571,29,54,-1,-1,-1,-1
1406,20,92,570,33,59,-1,-1,-1,-1
1407,20,90,571,32,58,-1,-1,-1,-1
1408,20,90,570,35,59,-1,-1,-1,-1
1409,20,90,572,31,58,-1,-1,-1,-1
1410,20,89,571,31,59,-1,-1,-1,-1
1411,20,90,572,32,59,-1,-1,-1,-1
1412,20,88,572,32,59,-1,-1,-1,-1
1413,20,87,572,33,59,-1,-1,-1,-1
1414,20,87,572,32,59,-1,-1,-1,-1
1415,20,88,573,30,58,-1,-1,-1,-1
1416,20,85,573,32,59,-1,-1,-1,-1
1417,20,83,573,33,59,-1,-1,-1,-1
1420,21,76,570,36,63,-1,-1,-1,-1
1421,21,77,571,34,63,-1,-1,-1,-1
1422,21,76,572,37,64,-1,-1,-1,-1
1423,21,78,575,34,60,-1,-1,-1,-1
1424,21,75,572,36,63,-1,-1,-1,-1
1425,21,75,572,35,62,-1,-1,-1,-1
1426,21,75,573,36,61,-1,-1,-1,-1
1427,21,73,572,34,63,-1,-1,-1,-1
1428,21,73,573,33,61,-1,-1,-1,-1
1429,21,76,572,32,62,-1,-1,-1,-1
1430,21,73,575,33,60,-1,-1,-1,-1
1433,22,50,580,30,53,-1,-1,-1,-1
1434,22,49,580,30,54,-1,-1,-1,-1
1435,22,50,575,32,58,-1,-1,-1,-1
1436,22,48,576,31,59,-1,-1,-1,-1
1437,22,44,578,36,58,-1,-1,-1,-1
1440,23,32,573,31,59,-1,-1,-1,-1
1441,23,32,576,30,59,-1,-1,-1,-1
1442,23,32,574,30,63,-1,-1,-1,-1
1443,23,32,573,30,63,-1,-1,-1,-1
1444,23,32,574,29,63,-1,-1,-1,-1
1445,23,31,574,30,64,-1,-1,-1,-1
1446,23,31,577,29,62,-1,-1,-1,-1
1447,23,30,580,27,59,-1,-1,-1,-1
1448,23,27,582,25,53,-1,-1,-1,-1
1449,23,24,581,28,54,-1,-1,-1,-1
1450,23,21,577,32,59,-1,-1,-1,-1
1451,23,21,577,32,59,-1,-1,-1,-1
1452,23,19,578,32,60,-1,-1,-1,-1
1453,23,18,579,30,59,-1,-1,-1,-1
1454,23,10,580,36,55,-1,-1,-1,-1
1455,23,9,578,35,60,-1,-1,-1,-1
1456,23,6,575,37,63,-1,-1,-1,-1
1457,23,8,577,33,61,-1,-1,-1,-1
1458,23,8,578,33,60,-1,-1,-1,-1
1459,23,8,578,32,60,-1,-1,-1,-1
1460,23,3,576,35,66,-1,-1,-1,-1
1461,23,3,580,34,61,-1,-1,-1,-1
1462,23,3,580,32,59,-1,-1,-1,-1
1463,23,4,581,28,61,-1,-1,-1,-1
1464,23,4,582,25,62,-1,-1,-1,-1
1465,23,4,582,25,58,-1,-1,-1,-1
1466,23,0,581,27,60,-1,-1,-1,-1
1467,23,1,582,25,63,-1,-1,-1,-1
1468,23,1,582,25,65,-1,-1,-1,-1
1469,23,1,586,29,61,-1,-1,-1,-1
1470,23,1,588,28,61,-1,-1,-1,-1
1471,23,1,589,32,60,-1,-1,-1,-1
1472,23,1,593,29,59,-1,-1,-1,-1
1473,23,0,593,29,61,-1,-1,-1,-1
1229,10,81,561,32,53,-1,-1,-1,-1
1230,10,80,561,32,54,-1,-1,-1,-1
1231,10,81,561,32,55,-1,-1,-1,-1
1232,10,80,560,32,56,-1,-1,-1,-1
1233,10,80,561,32,55,-1,-1,-1,-1
1234,10,80,560,32,56,-1,-1,-1,-1
1235,10,80,558,31,58,-1,-1,-1,-1
1236,10,79,555,28,56,-1,-1,-1,-1
1237,10,80,554,27,56,-1,-1,-1,-1
1238,10,80,554,29,57,-1,-1,-1,-1
1239,10,81,559,31,57,-1,-1,-1,-1
1240,10,79,554,29,57,-1,-1,-1,-1
1241,10,81,560,32,55,-1,-1,-1,-1
1242,10,80,554,30,59,-1,-1,-1,-1
1243,10,80,554,29,58,-1,-1,-1,-1
1244,10,80,555,31,58,-1,-1,-1,-1
1245,10,80,556,31,58,-1,-1,-1,-1
1246,10,80,555,30,58,-1,-1,-1,-1
1247,10,80,556,31,58,-1,-1,-1,-1
1248,10,80,556,30,57,-1,-1,-1,-1
1249,10,79,556,29,57,-1,-1,-1,-1
1250,10,80,564,28,51,-1,-1,-1,-1
1251,10,80,562,32,55,-1,-1,-1,-1
1252,10,80,562,32,55,-1,-1,-1,-1
1253,10,79,555,29,59,-1,-1,-1,-1
1254,10,80,556,28,58,-1,-1,-1,-1
1255,10,81,563,31,54,-1,-1,-1,-1
1256,10,81,562,30,56,-1,-1,-1,-1
1257,10,81,561,30,57,-1,-1,-1,-1
1258,10,80,561,30,55,-1,-1,-1,-1
1259,10,81,561,30,56,-1,-1,-1,-1
1260,10,81,557,30,58,-1,-1,-1,-1
1261,10,81,556,28,57,-1,-1,-1,-1
1262,10,81,556,30,58,-1,-1,-1,-1
1263,10,81,556,30,58,-1,-1,-1,-1
1264,10,80,562,28,54,-1,-1,-1,-1
1265,10,81,556,30,58,-1,-1,-1,-1
1266,10,82,556,29,59,-1,-1,-1,-1
1267,10,82,557,28,57,-1,-1,-1,-1
1268,10,82,557,30,58,-1,-1,-1,-1
1269,10,82,557,30,58,-1,-1,-1,-1
1270,10,85,561,30,60,-1,-1,-1,-1
1271,10,85,561,30,60,-1,-1,-1,-1
1272,10,87,560,30,59,-1,-1,-1,-1
1273,10,88,560,30,60,-1,-1,-1,-1
1274,10,88,560,30,59,-1,-1,-1,-1
1275,10,87,559,31,60,-1,-1,-1,-1
1276,10,88,560,30,60,-1,-1,-1,-1
1277,10,88,562,30,58,-1,-1,-1,-1
1278,10,87,561,31,60,-1,-1,-1,-1
1279,10,87,562,30,59,-1,-1,-1,-1
1280,10,86,561,31,60,-1,-1,-1,-1
1281,10,86,561,31,60,-1,-1,-1,-1
1282,10,85,563,32,60,-1,-1,-1,-1
1283,10,85,563,32,60,-1,-1,-1,-1
1284,10,86,563,32,60,-1,-1,-1,-1
1285,10,86,562,32,60,-1,-1,-1,-1
1286,10,86,562,32,60,-1,-1,-1,-1
1287,10,86,561,32,61,-1,-1,-1,-1
1288,10,87,561,31,61,-1,-1,-1,-1
1289,10,86,561,32,61,-1,-1,-1,-1
1290,10,87,562,31,60,-1,-1,-1,-1
1291,10,87,561,32,61,-1,-1,-1,-1
1292,10,87,561,32,61,-1,-1,-1,-1
1293,10,88,561,31,61,-1,-1,-1,-1
1294,10,87,561,31,60,-1,-1,-1,-1
1295,10,87,561,31,60,-1,-1,-1,-1
1296,10,87,561,31,60,-1,-1,-1,-1
1297,10,88,561,30,60,-1,-1,-1,-1
1298,10,88,561,30,60,-1,-1,-1,-1
1299,10,89,561,29,60,-1,-1,-1,-1
1300,10,88,561,30,60,-1,-1,-1,-1
1301,10,87,561,31,60,-1,-1,-1,-1
1302,10,87,561,31,60,-1,-1,-1,-1
1303,10,87,561,31,60,-1,-1,-1,-1
1304,10,88,562,30,60,-1,-1,-1,-1
1305,10,87,561,31,61,-1,-1,-1,-1
1306,10,87,561,31,61,-1,-1,-1,-1
1307,10,88,561,30,61,-1,-1,-1,-1
1308,10,88,561,30,61,-1,-1,-1,-1
1309,10,87,563,31,59,-1,-1,-1,-1
1310,10,87,563,31,59,-1,-1,-1,-1
1311,10,88,563,30,59,-1,-1,-1,-1
1312,10,87,563,31,59,-1,-1,-1,-1
1313,10,87,563,30,59,-1,-1,-1,-1
1314,10,87,563,30,59,-1,-1,-1,-1
1315,10,87,564,31,59,-1,-1,-1,-1
1316,10,86,563,31,59,-1,-1,-1,-1
1317,10,86,563,31,59,-1,-1,-1,-1
1318,10,86,563,31,59,-1,-1,-1,-1
1319,10,85,562,32,60,-1,-1,-1,-1
1320,10,85,563,31,59,-1,-1,-1,-1
1321,10,86,562,30,59,-1,-1,-1,-1
1322,10,85,562,31,59,-1,-1,-1,-1
1323,10,85,562,31,59,-1,-1,-1,-1
1324,10,85,562,32,60,-1,-1,-1,-1
1325,10,86,562,31,60,-1,-1,-1,-1
1326,10,85,562,32,59,-1,-1,-1,-1
1327,10,85,561,31,60,-1,-1,-1,-1
1328,10,85,562,31,59,-1,-1,-1,-1
1329,10,85,561,31,60,-1,-1,-1,-1
1330,10,84,561,32,59,-1,-1,-1,-1
1331,10,84,560,32,60,-1,-1,-1,-1
1332,10,84,560,32,60,-1,-1,-1,-1
1333,10,84,561,32,59,-1,-1,-1,-1
1334,10,84,560,32,61,-1,-1,-1,-1
1335,10,84,561,33,60,-1,-1,-1,-1
1336,10,85,561,32,60,-1,-1,-1,-1
1337,10,84,560,33,61,-1,-1,-1,-1
1338,10,84,559,33,62,-1,-1,-1,-1
1339,10,84,560,33,61,-1,-1,-1,-1
1340,10,85,561,32,59,-1,-1,-1,-1
1341,10,86,561,31,59,-1,-1,-1,-1
1342,10,86,562,32,59,-1,-1,-1,-1
1343,10,86,562,32,59,-1,-1,-1,-1
1344,10,86,562,32,59,-1,-1,-1,-1
1345,10,85,560,33,60,-1,-1,-1,-1
1346,10,85,559,33,61,-1,-1,-1,-1
1347,10,85,560,33,60,-1,-1,-1,-1
1348,10,86,560,31,60,-1,-1,-1,-1
1349,10,86,559,31,60,-1,-1,-1,-1
1350,10,86,560,31,60,-1,-1,-1,-1
1351,10,85,561,32,59,-1,-1,-1,-1
1352,10,86,561,32,59,-1,-1,-1,-1
1353,10,85,561,32,59,-1,-1,-1,-1
1354,10,86,561,31,59,-1,-1,-1,-1
1355,10,86,560,32,61,-1,-1,-1,-1
1356,10,86,560,32,61,-1,-1,-1,-1
1357,10,85,559,33,61,-1,-1,-1,-1
1358,10,85,558,32,62,-1,-1,-1,-1
1359,10,84,558,33,62,-1,-1,-1,-1
1360,10,85,558,32,62,-1,-1,-1,-1
1361,10,84,557,33,62,-1,-1,-1,-1
1362,10,84,557,33,63,-1,-1,-1,-1
1363,10,84,558,33,63,-1,-1,-1,-1
1364,10,85,559,32,63,-1,-1,-1,-1
1365,10,85,560,32,62,-1,-1,-1,-1
1366,10,84,557,31,68,-1,-1,-1,-1
1367,10,83,558,32,67,-1,-1,-1,-1
1368,10,87,558,31,64,-1,-1,-1,-1
1369,10,83,558,30,66,-1,-1,-1,-1
1370,10,84,558,29,66,-1,-1,-1,-1
1371,10,88,558,29,64,-1,-1,-1,-1
1372,10,88,558,28,64,-1,-1,-1,-1
1373,10,84,556,27,67,-1,-1,-1,-1
1374,10,83,555,30,68,-1,-1,-1,-1
1375,10,83,555,30,70,-1,-1,-1,-1
1376,10,83,555,30,70,-1,-1,-1,-1
1377,10,83,556,28,67,-1,-1,-1,-1
1378,10,83,556,29,68,-1,-1,-1,-1
1379,10,83,558,28,67,-1,-1,-1,-1
1380,10,82,558,30,68,-1,-1,-1,-1
1381,10,82,559,29,68,-1,-1,-1,-1
1382,10,82,558,29,69,-1,-1,-1,-1
1383,10,80,558,30,63,-1,-1,-1,-1
1384,10,79,561,28,60,-1,-1,-1,-1
1385,10,78,563,24,57,-1,-1,-1,-1
1386,10,78,562,30,61,-1,-1,-1,-1
1387,10,78,561,31,63,-1,-1,-1,-1
1388,10,78,559,31,65,-1,-1,-1,-1
1389,10,78,561,32,62,-1,-1,-1,-1
1390,10,78,564,31,60,-1,-1,-1,-1
1391,10,80,565,34,60,-1,-1,-1,-1
1392,10,78,568,31,58,-1,-1,-1,-1
1393,10,78,565,26,57,-1,-1,-1,-1
1394,10,78,567,27,55,-1,-1,-1,-1
1395,10,77,566,29,57,-1,-1,-1,-1
1396,10,77,566,28,57,-1,-1,-1,-1
1397,10,76,566,29,58,-1,-1,-1,-1
1398,10,76,565,29,58,-1,-1,-1,-1
1399,10,76,565,29,59,-1,-1,-1,-1
1400,10,77,565,27,58,-1,-1,-1,-1
1401,10,76,564,27,59,-1,-1,-1,-1
1402,10,75,563,29,61,-1,-1,-1,-1
1403,10,76,564,28,61,-1,-1,-1,-1
1404,10,76,564,27,61,-1,-1,-1,-1
1405,10,76,563,27,61,-1,-1,-1,-1
1406,10,76,563,27,63,-1,-1,-1,-1
1407,10,72,565,30,62,-1,-1,-1,-1
1408,10,71,564,30,63,-1,-1,-1,-1
1409,10,71,564,29,62,-1,-1,-1,-1
1410,10,70,563,30,63,-1,-1,-1,-1
1411,10,69,564,32,63,-1,-1,-1,-1
1412,10,70,564,29,63,-1,-1,-1,-1
1413,10,70,564,31,64,-1,-1,-1,-1
1414,10,68,562,33,65,-1,-1,-1,-1
1415,10,69,563,32,65,-1,-1,-1,-1
1416,10,67,568,34,60,-1,-1,-1,-1
1417,10,67,569,35,60,-1,-1,-1,-1
1418,10,66,569,38,63,-1,-1,-1,-1
1419,10,66,567,38,64,-1,-1,-1,-1
1420,10,63,567,35,68,-1,-1,-1,-1
1421,10,58,567,34,65,-1,-1,-1,-1
1422,10,63,566,40,68,-1,-1,-1,-1
1423,10,59,568,40,66,-1,-1,-1,-1
1424,10,58,562,37,71,-1,-1,-1,-1
1425,10,59,563,36,69,-1,-1,-1,-1
1426,10,59,565,36,67,-1,-1,-1,-1
1427,10,57,566,35,68,-1,-1,-1,-1
1428,10,56,568,33,66,-1,-1,-1,-1
1429,10,60,568,35,65,-1,-1,-1,-1
1430,10,59,571,36,64,-1,-1,-1,-1
1431,10,58,574,37,61,-1,-1,-1,-1
1432,10,58,575,37,60,-1,-1,-1,-1
1433,10,59,574,35,58,-1,-1,-1,-1
1434,10,57,574,36,59,-1,-1,-1,-1
1435,10,61,577,33,58,-1,-1,-1,-1
1436,10,60,579,32,58,-1,-1,-1,-1
1437,10,55,579,38,58,-1,-1,-1,-1
1438,10,53,578,37,60,-1,-1,-1,-1
1439,10,56,579,36,58,-1,-1,-1,-1
1440,10,53,578,36,59,-1,-1,-1,-1
1441,10,55,580,34,58,-1,-1,-1,-1
1442,10,54,579,34,59,-1,-1,-1,-1
1443,10,52,578,34,59,-1,-1,-1,-1
1444,10,54,580,33,57,-1,-1,-1,-1
1445,10,55,581,33,56,-1,-1,-1,-1
1446,10,52,583,34,55,-1,-1,-1,-1
1447,10,53,583,30,55,-1,-1,-1,-1
1448,10,52,583,28,53,-1,-1,-1,-1
1449,10,50,582,29,54,-1,-1,-1,-1
1450,10,45,582,33,58,-1,-1,-1,-1
1451,10,43,581,34,60,-1,-1,-1,-1
1452,10,40,582,35,60,-1,-1,-1,-1
1453,10,42,582,32,59,-1,-1,-1,-1
1454,10,42,583,32,59,-1,-1,-1,-1
1455,10,37,583,36,60,-1,-1,-1,-1
1456,10,37,583,35,62,-1,-1,-1,-1
1457,10,35,584,35,58,-1,-1,-1,-1
1458,10,33,585,35,59,-1,-1,-1,-1
1459,10,33,586,35,56,-1,-1,-1,-1
1460,10,31,586,35,58,-1,-1,-1,-1
1461,10,31,584,33,62,-1,-1,-1,-1
1462,10,30,583,32,62,-1,-1,-1,-1
1463,10,27,582,34,61,-1,-1,-1,-1
1464,10,25,583,33,62,-1,-1,-1,-1
1465,10,26,583,30,59,-1,-1,-1,-1
1466,10,24,584,34,59,-1,-1,-1,-1
1467,10,22,584,34,63,-1,-1,-1,-1
1468,10,21,587,35,64,-1,-1,-1,-1
1469,10,19,588,35,65,-1,-1,-1,-1
1470,10,16,590,37,64,-1,-1,-1,-1
1471,10,16,590,36,64,-1,-1,-1,-1
1472,10,9,588,40,66,-1,-1,-1,-1
1473,10,5,587,41,69,-1,-1,-1,-1
1474,10,5,585,39,70,-1,-1,-1,-1
1475,10,1,585,39,70,-1,-1,-1,-1
1476,10,3,587,34,64,-1,-1,-1,-1
1477,10,7,588,31,68,-1,-1,-1,-1
1478,10,3,594,33,61,-1,-1,-1,-1
1479,10,3,591,30,61,-1,-1,-1,-1
1480,10,3,591,30,62,-1,-1,-1,-1
1481,10,1,589,32,64,-1,-1,-1,-1
1482,10,1,593,30,62,-1,-1,-1,-1
1483,10,1,597,29,60,-1,-1,-1,-1
1484,10,0,596,29,62,-1,-1,-1,-1
1485,10,0,593,30,65,-1,-1,-1,-1
1486,10,0,591,29,70,-1,-1,-1,-1
1487,10,0,595,27,65,-1,-1,-1,-1
1488,10,0,594,24,66,-1,-1,-1,-1
1489,10,0,592,23,67,-1,-1,-1,-1
1490,10,0,609,21,57,-1,-1,-1,-1
1820,25,33,361,24,39,-1,-1,-1,-1
1821,25,29,366,24,38,-1,-1,-1,-1
1822,25,32,362,26,39,-1,-1,-1,-1
1823,25,33,359,25,43,-1,-1,-1,-1
1824,25,34,359,25,44,-1,-1,-1,-1
1825,25,34,359,24,44,-1,-1,-1,-1
1834,25,36,358,25,41,-1,-1,-1,-1
1835,25,36,357,24,42,-1,-1,-1,-1
1836,25,36,357,24,40,-1,-1,-1,-1
1837,25,37,355,24,40,-1,-1,-1,-1
1853,27,42,355,25,41,-1,-1,-1,-1
1854,27,41,354,24,43,-1,-1,-1,-1
1855,27,41,353,25,42,-1,-1,-1,-1
1856,27,41,353,26,41,-1,-1,-1,-1
1773,28,26,365,22,43,-1,-1,-1,-1
1774,28,25,364,23,45,-1,-1,-1,-1
1775,28,27,366,22,42,-1,-1,-1,-1
1776,28,25,366,22,41,-1,-1,-1,-1
1777,28,25,364,23,44,-1,-1,-1,-1
1778,28,26,364,22,43,-1,-1,-1,-1
1779,28,27,362,22,44,-1,-1,-1,-1
1780,28,29,362,22,42,-1,-1,-1,-1
1781,28,30,361,22,44,-1,-1,-1,-1
1782,28,30,361,23,44,-1,-1,-1,-1
1783,28,31,360,24,44,-1,-1,-1,-1
1784,28,31,360,26,44,-1,-1,-1,-1
1785,28,32,359,24,46,-1,-1,-1,-1
1786,28,32,359,24,45,-1,-1,-1,-1
1787,28,30,360,27,47,-1,-1,-1,-1
1788,28,31,360,25,43,-1,-1,-1,-1
1789,28,32,360,24,41,-1,-1,-1,-1
1790,28,33,359,23,42,-1,-1,-1,-1
1791,28,33,359,23,42,-1,-1,-1,-1
1792,28,32,359,24,43,-1,-1,-1,-1
1793,28,33,360,23,42,-1,-1,-1,-1
1794,28,33,360,23,42,-1,-1,-1,-1
1795,28,33,360,23,42,-1,-1,-1,-1
1796,28,33,361,23,43,-1,-1,-1,-1
1797,28,33,361,22,42,-1,-1,-1,-1
1798,28,33,361,23,43,-1,-1,-1,-1
1799,28,33,360,22,43,-1,-1,-1,-1
1800,28,33,361,22,42,-1,-1,-1,-1
1801,28,34,360,23,41,-1,-1,-1,-1
1802,28,34,360,24,41,-1,-1,-1,-1
1803,28,36,360,24,41,-1,-1,-1,-1
1804,28,36,361,23,39,-1,-1,-1,-1
1805,28,39,360,21,38,-1,-1,-1,-1
1806,28,39,360,22,40,-1,-1,-1,-1
1807,28,38,360,23,40,-1,-1,-1,-1
1808,28,36,360,24,41,-1,-1,-1,-1
1809,28,36,360,24,42,-1,-1,-1,-1
1810,28,39,360,24,42,-1,-1,-1,-1
1811,28,40,360,23,41,-1,-1,-1,-1
1812,28,39,360,22,41,-1,-1,-1,-1
1813,28,37,359,22,41,-1,-1,-1,-1
1814,28,37,359,22,41,-1,-1,-1,-1
1815,28,38,357,22,42,-1,-1,-1,-1
1816,28,38,357,23,42,-1,-1,-1,-1
1817,28,38,355,24,42,-1,-1,-1,-1
1818,28,39,356,22,41,-1,-1,-1,-1
1819,28,40,355,22,41,-1,-1,-1,-1
1820,28,41,358,22,39,-1,-1,-1,-1
1821,28,40,360,23,38,-1,-1,-1,-1
1822,28,41,359,23,40,-1,-1,-1,-1
1823,28,43,358,22,41,-1,-1,-1,-1
1824,28,43,358,22,42,-1,-1,-1,-1
1825,28,44,357,22,42,-1,-1,-1,-1
1826,28,44,356,23,41,-1,-1,-1,-1
1827,28,44,356,23,42,-1,-1,-1,-1
1828,28,42,355,25,43,-1,-1,-1,-1
1829,28,42,355,26,44,-1,-1,-1,-1
1830,28,43,356,25,43,-1,-1,-1,-1
1831,28,44,356,24,42,-1,-1,-1,-1
1832,28,45,356,23,42,-1,-1,-1,-1
1833,28,45,356,23,42,-1,-1,-1,-1
1834,28,45,357,24,41,-1,-1,-1,-1
1835,28,46,356,23,42,-1,-1,-1,-1
1836,28,46,356,23,41,-1,-1,-1,-1
1837,28,46,356,24,41,-1,-1,-1,-1
1838,28,46,356,24,41,-1,-1,-1,-1
1839,28,46,356,24,41,-1,-1,-1,-1
1840,28,48,356,23,41,-1,-1,-1,-1
1841,28,49,356,23,40,-1,-1,-1,-1
1842,28,48,356,24,40,-1,-1,-1,-1
1843,28,48,355,24,41,-1,-1,-1,-1
1844,28,49,355,24,41,-1,-1,-1,-1
1845,28,49,356,23,41,-1,-1,-1,-1
1846,28,50,357,23,40,-1,-1,-1,-1
1847,28,50,356,23,41,-1,-1,-1,-1
1848,28,50,356,23,40,-1,-1,-1,-1
1849,28,50,356,23,39,-1,-1,-1,-1
1850,28,50,355,24,41,-1,-1,-1,-1
1851,28,50,355,25,41,-1,-1,-1,-1
1852,28,51,355,24,41,-1,-1,-1,-1
1853,28,51,355,24,40,-1,-1,-1,-1
1854,28,51,354,24,41,-1,-1,-1,-1
1855,28,51,353,25,41,-1,-1,-1,-1
1856,28,51,353,27,40,-1,-1,-1,-1
1857,28,53,354,27,41,-1,-1,-1,-1
1858,28,52,353,27,41,-1,-1,-1,-1
1859,28,52,352,28,41,-1,-1,-1,-1
1860,28,52,352,27,40,-1,-1,-1,-1
1861,28,50,351,29,42,-1,-1,-1,-1
1862,28,50,351,30,42,-1,-1,-1,-1
1863,28,50,350,30,42,-1,-1,-1,-1
1864,28,50,351,30,41,-1,-1,-1,-1
1865,28,53,352,29,43,-1,-1,-1,-1
1866,28,53,353,29,42,-1,-1,-1,-1
1867,28,54,353,28,41,-1,-1,-1,-1
1868,28,55,353,27,40,-1,-1,-1,-1
1869,28,56,353,26,39,-1,-1,-1,-1
1870,28,57,354,26,39,-1,-1,-1,-1
1871,28,58,354,26,39,-1,-1,-1,-1
1872,28,58,353,26,40,-1,-1,-1,-1
1873,28,59,353,25,41,-1,-1,-1,-1
1874,28,59,353,25,41,-1,-1,-1,-1
1875,28,59,354,25,39,-1,-1,-1,-1
1876,28,59,353,25,40,-1,-1,-1,-1
1877,28,59,354,25,39,-1,-1,-1,-1
1878,28,59,354,25,38,-1,-1,-1,-1
1879,28,59,354,24,37,-1,-1,-1,-1
1880,28,59,353,24,37,-1,-1,-1,-1
1881,28,60,353,24,37,-1,-1,-1,-1
1882,28,60,353,24,37,-1,-1,-1,-1
1883,28,60,352,24,38,-1,-1,-1,-1
1884,28,61,353,24,37,-1,-1,-1,-1
1885,28,62,353,24,38,-1,-1,-1,-1
1886,28,62,353,24,38,-1,-1,-1,-1
1887,28,63,353,24,39,-1,-1,-1,-1
1888,28,62,353,24,39,-1,-1,-1,-1
1889,28,62,353,23,38,-1,-1,-1,-1
1890,28,61,353,25,39,-1,-1,-1,-1
1891,28,62,353,23,38,-1,-1,-1,-1
1892,28,62,353,23,38,-1,-1,-1,-1
1893,28,62,352,23,39,-1,-1,-1,-1
1894,28,62,351,23,39,-1,-1,-1,-1
1895,28,62,351,24,39,-1,-1,-1,-1
1896,28,62,351,24,39,-1,-1,-1,-1
1897,28,62,351,24,40,-1,-1,-1,-1
1898,28,61,350,25,41,-1,-1,-1,-1
1899,28,62,350,25,41,-1,-1,-1,-1
1900,28,64,351,23,41,-1,-1,-1,-1
1901,28,65,351,24,41,-1,-1,-1,-1
1902,28,65,351,24,42,-1,-1,-1,-1
1903,28,64,351,25,42,-1,-1,-1,-1
1904,28,65,351,24,42,-1,-1,-1,-1
1905,28,64,351,25,41,-1,-1,-1,-1
1906,28,65,351,24,42,-1,-1,-1,-1
1907,28,64,351,26,42,-1,-1,-1,-1
1908,28,65,351,26,43,-1,-1,-1,-1
1909,28,66,352,24,41,-1,-1,-1,-1
1910,28,66,352,24,41,-1,-1,-1,-1
1911,28,67,352,23,42,-1,-1,-1,-1
1912,28,67,353,24,41,-1,-1,-1,-1
1913,28,67,352,24,42,-1,-1,-1,-1
1914,28,66,351,25,43,-1,-1,-1,-1
1915,28,64,351,25,42,-1,-1,-1,-1
1916,28,62,351,27,41,-1,-1,-1,-1
1917,28,64,351,26,41,-1,-1,-1,-1
1918,28,63,350,27,41,-1,-1,-1,-1
1919,28,66,351,25,41,-1,-1,-1,-1
1920,28,68,351,24,41,-1,-1,-1,-1
1921,28,66,352,25,41,-1,-1,-1,-1
1922,28,68,352,24,41,-1,-1,-1,-1
1923,28,69,353,22,39,-1,-1,-1,-1
1924,28,69,353,23,40,-1,-1,-1,-1
1925,28,69,352,24,40,-1,-1,-1,-1
1926,28,68,351,26,41,-1,-1,-1,-1
1927,28,65,349,26,43,-1,-1,-1,-1
1928,28,67,352,25,39,-1,-1,-1,-1
1929,28,67,353,25,38,-1,-1,-1,-1
1930,28,66,352,25,38,-1,-1,-1,-1
1931,28,66,352,26,39,-1,-1,-1,-1
1932,28,66,352,25,39,-1,-1,-1,-1
1933,28,68,354,23,38,-1,-1,-1,-1
1934,28,67,352,24,39,-1,-1,-1,-1
1935,28,68,352,24,40,-1,-1,-1,-1
1936,28,68,353,24,39,-1,-1,-1,-1
1937,28,69,350,25,40,-1,-1,-1,-1
1938,28,69,350,27,40,-1,-1,-1,-1
1939,28,70,350,28,40,-1,-1,-1,-1
1940,28,70,352,28,39,-1,-1,-1,-1
1941,28,71,352,27,40,-1,-1,-1,-1
1942,28,72,353,27,39,-1,-1,-1,-1
1943,28,72,352,28,40,-1,-1,-1,-1
1944,28,72,351,29,41,-1,-1,-1,-1
1945,28,73,349,29,41,-1,-1,-1,-1
1946,28,74,349,29,41,-1,-1,-1,-1
1947,28,74,349,29,41,-1,-1,-1,-1
1948,28,74,349,29,40,-1,-1,-1,-1
1949,28,74,348,28,41,-1,-1,-1,-1
1950,28,75,348,28,40,-1,-1,-1,-1
1951,28,75,348,28,40,-1,-1,-1,-1
1952,28,75,349,28,40,-1,-1,-1,-1
1953,28,76,349,27,40,-1,-1,-1,-1
1954,28,76,350,27,39,-1,-1,-1,-1
1955,28,76,349,27,39,-1,-1,-1,-1
1956,28,77,349,27,39,-1,-1,-1,-1
1957,28,76,348,28,40,-1,-1,-1,-1
1958,28,76,348,28,40,-1,-1,-1,-1
1959,28,78,345,26,42,-1,-1,-1,-1
1960,28,77,346,27,41,-1,-1,-1,-1
1961,28,77,347,27,40,-1,-1,-1,-1
1962,28,77,346,26,41,-1,-1,-1,-1
1963,28,78,345,25,41,-1,-1,-1,-1
1964,28,78,345,26,41,-1,-1,-1,-1
1965,28,78,345,26,40,-1,-1,-1,-1
1966,28,78,346,26,40,-1,-1,-1,-1
1967,28,78,345,25,40,-1,-1,-1,-1
1968,28,78,345,26,40,-1,-1,-1,-1
1969,28,78,345,26,41,-1,-1,-1,-1
1970,28,78,344,26,41,-1,-1,-1,-1
1971,28,79,345,25,40,-1,-1,-1,-1
1972,28,79,345,25,40,-1,-1,-1,-1
1973,28,79,345,25,40,-1,-1,-1,-1
1974,28,79,345,25,40,-1,-1,-1,-1
1975,28,80,344,24,40,-1,-1,-1,-1
1976,28,81,344,24,39,-1,-1,-1,-1
1977,28,81,343,23,40,-1,-1,-1,-1
1978,28,81,343,24,40,-1,-1,-1,-1
1979,28,81,343,24,40,-1,-1,-1,-1
1980,28,82,342,24,41,-1,-1,-1,-1
1981,28,82,343,24,38,-1,-1,-1,-1
1982,28,89,343,21,38,-1,-1,-1,-1
1983,28,89,343,21,37,-1,-1,-1,-1
1984,28,90,341,21,39,-1,-1,-1,-1
1985,28,90,342,21,37,-1,-1,-1,-1
1986,28,90,343,22,37,-1,-1,-1,-1
1987,28,86,342,23,39,-1,-1,-1,-1
1988,28,89,344,22,37,-1,-1,-1,-1
1989,28,89,344,22,36,-1,-1,-1,-1
1990,28,90,344,21,37,-1,-1,-1,-1
1991,28,87,341,23,39,-1,-1,-1,-1
1992,28,88,342,23,39,-1,-1,-1,-1
1993,28,88,343,24,39,-1,-1,-1,-1
1994,28,89,343,24,38,-1,-1,-1,-1
1995,28,89,343,24,38,-1,-1,-1,-1
1996,28,90,342,23,39,-1,-1,-1,-1
1997,28,91,342,22,38,-1,-1,-1,-1
1998,28,90,343,23,36,-1,-1,-1,-1
1999,28,89,343,23,36,-1,-1,-1,-1
2000,28,89,343,22,35,-1,-1,-1,-1
2001,28,93,345,20,34,-1,-1,-1,-1
2002,28,93,344,21,34,-1,-1,-1,-1
2005,28,94,342,20,36,-1,-1,-1,-1
2006,28,95,342,21,36,-1,-1,-1,-1
2007,28,94,342,21,36,-1,-1,-1,-1
2008,28,94,342,20,36,-1,-1,-1,-1
2009,28,95,342,20,36,-1,-1,-1,-1
2010,28,95,342,21,36,-1,-1,-1,-1
2011,28,96,341,22,39,-1,-1,-1,-1
2012,28,97,341,22,37,-1,-1,-1,-1
2013,28,95,342,21,36,-1,-1,-1,-1
2014,28,97,342,21,36,-1,-1,-1,-1
2015,28,93,342,22,36,-1,-1,-1,-1
2016,28,92,343,21,35,-1,-1,-1,-1
2017,28,92,342,22,36,-1,-1,-1,-1
2018,28,92,343,23,35,-1,-1,-1,-1
2019,28,90,346,23,33,-1,-1,-1,-1
2020,28,96,343,23,36,-1,-1,-1,-1
2021,28,88,345,23,34,-1,-1,-1,-1
2022,28,88,344,23,35,-1,-1,-1,-1
2038,30,109,340,20,38,-1,-1,-1,-1
2039,30,107,340,20,37,-1,-1,-1,-1
2040,30,107,340,21,38,-1,-1,-1,-1
2041,30,105,340,21,38,-1,-1,-1,-1
2042,30,105,341,21,37,-1,-1,-1,-1
2043,30,107,340,21,38,-1,-1,-1,-1
2044,30,105,340,23,38,-1,-1,-1,-1
2045,30,105,340,24,38,-1,-1,-1,-1
2046,30,106,342,22,37,-1,-1,-1,-1
2047,30,105,343,23,37,-1,-1,-1,-1
2048,30,103,343,24,36,-1,-1,-1,-1
2119,31,142,338,21,38,-1,-1,-1,-1
2120,31,141,338,21,38,-1,-1,-1,-1
2121,31,143,336,23,41,-1,-1,-1,-1
2122,31,141,337,22,40,-1,-1,-1,-1
2123,31,145,338,23,39,-1,-1,-1,-1
2124,31,144,336,22,40,-1,-1,-1,-1
2125,31,145,339,22,38,-1,-1,-1,-1
2126,31,146,339,23,40,-1,-1,-1,-1
2127,31,146,339,24,40,-1,-1,-1,-1
2128,31,146,338,24,42,-1,-1,-1,-1
2129,31,144,338,26,42,-1,-1,-1,-1
2130,31,144,338,26,42,-1,-1,-1,-1
2131,31,145,338,26,43,-1,-1,-1,-1
2132,31,146,339,27,42,-1,-1,-1,-1
2133,31,148,338,25,41,-1,-1,-1,-1
2134,31,149,338,26,41,-1,-1,-1,-1
2135,31,150,337,24,40,-1,-1,-1,-1
2136,31,149,338,25,40,-1,-1,-1,-1
2137,31,149,338,25,40,-1,-1,-1,-1
2138,31,149,338,25,40,-1,-1,-1,-1
2139,31,149,338,25,40,-1,-1,-1,-1
2140,31,150,337,25,41,-1,-1,-1,-1
2141,31,151,337,26,40,-1,-1,-1,-1
2142,31,152,337,25,40,-1,-1,-1,-1
2143,31,153,337,24,40,-1,-1,-1,-1
2144,31,155,337,22,38,-1,-1,-1,-1
2145,31,156,336,21,39,-1,-1,-1,-1
2146,31,158,336,20,37,-1,-1,-1,-1
2147,31,159,336,19,37,-1,-1,-1,-1
2148,31,160,336,19,36,-1,-1,-1,-1
2149,31,159,336,20,36,-1,-1,-1,-1
2151,32,160,337,19,36,-1,-1,-1,-1
2152,32,161,337,19,35,-1,-1,-1,-1
2153,32,160,336,21,36,-1,-1,-1,-1
2155,31,161,337,20,35,-1,-1,-1,-1
2156,31,161,337,20,35,-1,-1,-1,-1
2157,31,161,336,21,37,-1,-1,-1,-1
2158,31,161,336,20,38,-1,-1,-1,-1
2159,31,161,336,20,38,-1,-1,-1,-1
2160,31,160,335,22,39,-1,-1,-1,-1
2161,31,162,336,19,37,-1,-1,-1,-1
2162,31,162,337,19,36,-1,-1,-1,-1
2163,31,163,336,20,36,-1,-1,-1,-1
2164,31,165,335,20,37,-1,-1,-1,-1
2165,31,164,335,21,37,-1,-1,-1,-1
2166,31,164,335,21,37,-1,-1,-1,-1
2167,31,165,334,22,38,-1,-1,-1,-1
2168,31,166,333,21,38,-1,-1,-1,-1
2169,31,165,334,22,38,-1,-1,-1,-1
2170,31,165,333,22,39,-1,-1,-1,-1
2171,31,166,332,22,39,-1,-1,-1,-1
2172,31,166,334,21,39,-1,-1,-1,-1
2173,31,166,332,23,38,-1,-1,-1,-1
2174,31,166,332,23,38,-1,-1,-1,-1
2175,31,167,333,22,38,-1,-1,-1,-1
2176,31,167,330,24,39,-1,-1,-1,-1
2177,31,167,327,24,39,-1,-1,-1,-1
2178,31,167,331,25,39,-1,-1,-1,-1
2179,31,168,332,25,39,-1,-1,-1,-1
2180,31,168,331,25,40,-1,-1,-1,-1
2181,31,169,329,26,43,-1,-1,-1,-1
2182,31,167,329,27,40,-1,-1,-1,-1
2183,31,169,328,24,40,-1,-1,-1,-1
2184,31,169,328,27,41,-1,-1,-1,-1
2185,31,170,332,26,38,-1,-1,-1,-1
2186,31,171,331,25,39,-1,-1,-1,-1
2187,31,172,331,24,39,-1,-1,-1,-1
2188,31,171,331,25,39,-1,-1,-1,-1
2189,31,172,329,26,39,-1,-1,-1,-1
2190,31,172,327,25,40,-1,-1,-1,-1
2191,31,173,329,25,39,-1,-1,-1,-1
2192,31,173,329,25,41,-1,-1,-1,-1
2193,31,173,328,26,40,-1,-1,-1,-1
2194,31,173,327,27,40,-1,-1,-1,-1
2195,31,173,328,27,40,-1,-1,-1,-1
2196,31,173,327,27,40,-1,-1,-1,-1
2197,31,173,327,29,41,-1,-1,-1,-1
2198,31,174,327,27,41,-1,-1,-1,-1
2199,31,174,326,28,43,-1,-1,-1,-1
2200,31,173,325,29,42,-1,-1,-1,-1
2201,31,174,325,29,42,-1,-1,-1,-1
2202,31,174,325,28,41,-1,-1,-1,-1
2203,31,176,325,27,41,-1,-1,-1,-1
2204,31,176,324,28,43,-1,-1,-1,-1
2206,31,176,325,28,42,-1,-1,-1,-1
2207,31,175,325,29,42,-1,-1,-1,-1
2208,31,177,325,27,42,-1,-1,-1,-1
2209,31,181,324,26,44,-1,-1,-1,-1
2210,31,182,326,23,42,-1,-1,-1,-1
2211,31,180,325,26,43,-1,-1,-1,-1
2212,31,181,325,25,43,-1,-1,-1,-1
2213,31,182,325,24,42,-1,-1,-1,-1
2214,31,183,327,21,40,-1,-1,-1,-1
2216,31,180,327,25,41,-1,-1,-1,-1
2217,31,179,327,26,41,-1,-1,-1,-1
2218,31,183,329,22,41,-1,-1,-1,-1
2219,31,182,329,23,40,-1,-1,-1,-1
2220,31,182,329,22,40,-1,-1,-1,-1
2221,31,180,328,25,41,-1,-1,-1,-1
2237,36,0,584,22,62,-1,-1,-1,-1
2238,36,0,589,26,57,-1,-1,-1,-1
2239,36,0,585,30,59,-1,-1,-1,-1
2240,36,2,581,23,65,-1,-1,-1,-1
2241,36,0,581,23,64,-1,-1,-1,-1
2242,36,1,581,22,67,-1,-1,-1,-1
2243,36,1,583,26,64,-1,-1,-1,-1
2244,36,1,583,30,62,-1,-1,-1,-1
2245,36,3,585,29,58,-1,-1,-1,-1
2246,36,1,583,31,62,-1,-1,-1,-1
2247,36,1,582,29,63,-1,-1,-1,-1
2248,36,4,581,26,61,-1,-1,-1,-1
2249,36,6,581,28,60,-1,-1,-1,-1
2250,36,6,579,26,61,-1,-1,-1,-1
2251,36,4,576,30,64,-1,-1,-1,-1
2252,36,3,576,34,61,-1,-1,-1,-1
2253,36,6,577,33,58,-1,-1,-1,-1
2254,36,7,577,34,56,-1,-1,-1,-1
2255,36,5,576,37,59,-1,-1,-1,-1
2256,36,8,577,35,58,-1,-1,-1,-1
2257,36,15,576,30,61,-1,-1,-1,-1
2258,36,16,577,29,63,-1,-1,-1,-1
2259,36,16,578,29,63,-1,-1,-1,-1
2260,36,18,580,29,60,-1,-1,-1,-1
2261,36,21,576,32,63,-1,-1,-1,-1
2262,36,23,578,31,62,-1,-1,-1,-1
2263,36,19,580,36,63,-1,-1,-1,-1
2264,36,20,577,34,62,-1,-1,-1,-1
2265,36,24,583,30,57,-1,-1,-1,-1
2266,36,26,584,29,58,-1,-1,-1,-1
2267,36,29,585,30,60,-1,-1,-1,-1
2268,36,32,579,31,60,-1,-1,-1,-1
2269,36,30,576,34,59,-1,-1,-1,-1
2307,37,94,570,29,55,-1,-1,-1,-1
2308,37,92,567,29,58,-1,-1,-1,-1
2309,37,88,566,28,58,-1,-1,-1,-1
2310,37,94,569,24,54,-1,-1,-1,-1
2311,37,94,570,23,53,-1,-1,-1,-1
2312,37,86,576,27,50,-1,-1,-1,-1
2313,37,93,569,23,56,-1,-1,-1,-1
2314,37,89,566,25,57,-1,-1,-1,-1
2316,38,80,560,32,56,-1,-1,-1,-1
2317,38,82,568,31,53,-1,-1,-1,-1
2318,38,83,567,32,54,-1,-1,-1,-1
2319,38,82,567,33,55,-1,-1,-1,-1
2346,39,505,462,32,57,-1,-1,-1,-1
2347,39,509,456,35,56,-1,-1,-1,-1
2348,39,511,455,38,50,-1,-1,-1,-1
2349,39,512,463,35,51,-1,-1,-1,-1
2350,39,514,462,35,51,-1,-1,-1,-1
2351,39,520,457,34,48,-1,-1,-1,-1
2366,40,101,565,24,58,-1,-1,-1,-1
2367,40,101,566,24,58,-1,-1,-1,-1
2368,40,98,566,25,57,-1,-1,-1,-1
2369,40,98,566,26,58,-1,-1,-1,-1
2370,40,95,568,37,60,-1,-1,-1,-1
2371,40,97,568,24,57,-1,-1,-1,-1
2372,40,97,567,23,58,-1,-1,-1,-1
2373,40,97,567,23,58,-1,-1,-1,-1
2374,40,96,567,24,59,-1,-1,-1,-1
2375,40,97,566,24,58,-1,-1,-1,-1
2376,40,95,565,24,58,-1,-1,-1,-1
2377,40,94,566,25,58,-1,-1,-1,-1
2438,41,80,554,28,63,-1,-1,-1,-1
2439,41,80,553,28,64,-1,-1,-1,-1
2440,41,80,553,28,62,-1,-1,-1,-1
2441,41,80,554,29,61,-1,-1,-1,-1
2460,38,81,558,31,58,-1,-1,-1,-1
2461,38,80,558,31,57,-1,-1,-1,-1
2462,38,80,558,31,57,-1,-1,-1,-1
2463,38,80,558,31,57,-1,-1,-1,-1
2464,38,80,549,35,61,-1,-1,-1,-1
2465,38,80,550,34,61,-1,-1,-1,-1
2468,43,81,558,30,58,-1,-1,-1,-1
2469,43,81,558,29,57,-1,-1,-1,-1
2470,43,80,558,29,57,-1,-1,-1,-1
2471,43,80,558,29,56,-1,-1,-1,-1
2472,43,81,558,30,57,-1,-1,-1,-1
2473,43,81,557,30,58,-1,-1,-1,-1
2474,43,81,557,30,58,-1,-1,-1,-1
2475,43,81,557,31,58,-1,-1,-1,-1
2478,41,81,556,31,58,-1,-1,-1,-1
2479,41,81,556,31,58,-1,-1,-1,-1
2480,41,81,556,31,58,-1,-1,-1,-1
2481,41,82,549,33,62,-1,-1,-1,-1
2487,43,81,564,28,49,-1,-1,-1,-1
2488,43,80,564,28,48,-1,-1,-1,-1
2489,43,79,563,32,51,-1,-1,-1,-1
2490,43,80,558,31,57,-1,-1,-1,-1
2491,43,81,558,30,56,-1,-1,-1,-1
2492,43,81,558,28,55,-1,-1,-1,-1
2493,43,81,557,29,58,-1,-1,-1,-1
2494,43,80,558,31,58,-1,-1,-1,-1
2495,43,79,564,30,51,-1,-1,-1,-1
2496,43,80,564,28,50,-1,-1,-1,-1
2497,43,79,559,25,53,-1,-1,-1,-1
2498,43,79,558,25,53,-1,-1,-1,-1
2275,46,43,582,29,53,-1,-1,-1,-1
2276,46,50,574,30,60,-1,-1,-1,-1
2277,46,38,579,34,58,-1,-1,-1,-1
2278,46,40,581,32,55,-1,-1,-1,-1
2279,46,43,576,35,59,-1,-1,-1,-1
2280,46,46,574,34,61,-1,-1,-1,-1
2281,46,49,574,34,63,-1,-1,-1,-1
2282,46,50,574,32,62,-1,-1,-1,-1
2283,46,53,574,31,61,-1,-1,-1,-1
2284,46,55,574,32,61,-1,-1,-1,-1
2285,46,56,574,33,61,-1,-1,-1,-1
2286,46,56,572,35,63,-1,-1,-1,-1
2287,46,57,572,35,62,-1,-1,-1,-1
2288,46,60,569,35,65,-1,-1,-1,-1
2289,46,60,570,38,62,-1,-1,-1,-1
2290,46,60,571,39,60,-1,-1,-1,-1
2291,46,61,569,36,62,-1,-1,-1,-1
2292,46,63,569,35,61,-1,-1,-1,-1
2293,46,63,569,36,61,-1,-1,-1,-1
2294,46,63,569,36,61,-1,-1,-1,-1
2295,46,63,566,38,65,-1,-1,-1,-1
2296,46,66,566,37,64,-1,-1,-1,-1
2297,46,68,564,37,66,-1,-1,-1,-1
2298,46,68,564,37,65,-1,-1,-1,-1
2299,46,69,568,36,60,-1,-1,-1,-1
2300,46,72,568,32,61,-1,-1,-1,-1
2301,46,70,569,34,59,-1,-1,-1,-1
2302,46,75,567,30,58,-1,-1,-1,-1
2303,46,76,567,29,58,-1,-1,-1,-1
2304,46,77,568,30,57,-1,-1,-1,-1
2305,46,77,568,29,54,-1,-1,-1,-1
2306,46,78,565,29,60,-1,-1,-1,-1
2307,46,80,565,31,58,-1,-1,-1,-1
2308,46,79,562,34,60,-1,-1,-1,-1
2309,46,78,561,30,61,-1,-1,-1,-1
2310,46,79,563,27,58,-1,-1,-1,-1
2311,46,80,564,22,59,-1,-1,-1,-1
2312,46,81,568,22,55,-1,-1,-1,-1
2313,46,81,568,23,55,-1,-1,-1,-1
2314,46,81,568,26,54,-1,-1,-1,-1
2315,46,89,564,27,58,-1,-1,-1,-1
2316,46,92,563,27,56,-1,-1,-1,-1
2317,46,95,563,25,60,-1,-1,-1,-1
2318,46,97,562,26,62,-1,-1,-1,-1
2319,46,95,563,27,61,-1,-1,-1,-1
2320,46,83,567,34,54,-1,-1,-1,-1
2321,46,91,564,33,62,-1,-1,-1,-1
2322,46,90,565,32,62,-1,-1,-1,-1
2323,46,92,565,29,59,-1,-1,-1,-1
2324,46,93,566,29,59,-1,-1,-1,-1
2325,46,93,566,29,59,-1,-1,-1,-1
2326,46,94,566,29,58,-1,-1,-1,-1
2327,46,93,566,30,59,-1,-1,-1,-1
2328,46,94,566,28,58,-1,-1,-1,-1
2329,46,94,565,28,59,-1,-1,-1,-1
2330,46,93,564,30,60,-1,-1,-1,-1
2331,46,93,564,30,60,-1,-1,-1,-1
2332,46,94,564,29,60,-1,-1,-1,-1
2333,46,93,564,30,61,-1,-1,-1,-1
2334,46,93,564,30,60,-1,-1,-1,-1
2335,46,94,565,30,59,-1,-1,-1,-1
2336,46,94,565,30,59,-1,-1,-1,-1
2337,46,95,565,29,59,-1,-1,-1,-1
2338,46,95,565,30,58,-1,-1,-1,-1
2339,46,96,565,29,58,-1,-1,-1,-1
2340,46,95,565,30,58,-1,-1,-1,-1
2341,46,95,565,29,58,-1,-1,-1,-1
2342,46,95,566,30,58,-1,-1,-1,-1
2343,46,95,565,29,59,-1,-1,-1,-1
2344,46,95,565,29,59,-1,-1,-1,-1
2345,46,95,565,29,59,-1,-1,-1,-1
2346,46,94,565,30,59,-1,-1,-1,-1
2347,46,95,564,30,60,-1,-1,-1,-1
2348,46,94,565,30,60,-1,-1,-1,-1
2349,46,95,564,29,61,-1,-1,-1,-1
2350,46,95,564,30,61,-1,-1,-1,-1
2351,46,94,564,30,61,-1,-1,-1,-1
2352,46,93,564,30,60,-1,-1,-1,-1
2353,46,91,563,30,60,-1,-1,-1,-1
2354,46,92,563,29,60,-1,-1,-1,-1
2355,46,92,563,30,61,-1,-1,-1,-1
2356,46,91,562,30,61,-1,-1,-1,-1
2357,46,85,567,32,51,-1,-1,-1,-1
2358,46,92,563,29,60,-1,-1,-1,-1
2359,46,92,564,29,60,-1,-1,-1,-1
2360,46,100,564,27,57,-1,-1,-1,-1
2361,46,92,564,29,59,-1,-1,-1,-1
2362,46,91,564,30,60,-1,-1,-1,-1
2363,46,90,564,29,60,-1,-1,-1,-1
2364,46,90,563,29,61,-1,-1,-1,-1
2365,46,89,563,29,60,-1,-1,-1,-1
2366,46,88,563,29,60,-1,-1,-1,-1
2367,46,88,564,29,60,-1,-1,-1,-1
2368,46,87,563,30,61,-1,-1,-1,-1
2369,46,88,564,29,61,-1,-1,-1,-1
2370,46,85,563,31,61,-1,-1,-1,-1
2371,46,85,563,30,61,-1,-1,-1,-1
2372,46,84,563,29,61,-1,-1,-1,-1
2373,46,82,567,29,53,-1,-1,-1,-1
2374,46,82,565,31,55,-1,-1,-1,-1
2375,46,82,565,31,55,-1,-1,-1,-1
2376,46,82,563,31,57,-1,-1,-1,-1
2377,46,81,558,31,59,-1,-1,-1,-1
2378,46,85,563,28,60,-1,-1,-1,-1
2379,46,85,563,28,61,-1,-1,-1,-1
2380,46,81,560,30,58,-1,-1,-1,-1
2381,46,89,563,26,60,-1,-1,-1,-1
2382,46,83,562,29,64,-1,-1,-1,-1
2383,46,83,562,28,63,-1,-1,-1,-1
2384,46,82,558,28,67,-1,-1,-1,-1
2385,46,86,563,28,60,-1,-1,-1,-1
2386,46,81,558,30,67,-1,-1,-1,-1
2387,46,81,558,30,67,-1,-1,-1,-1
2388,46,83,561,29,62,-1,-1,-1,-1
2389,46,81,559,30,66,-1,-1,-1,-1
2390,46,83,562,29,60,-1,-1,-1,-1
2391,46,81,561,28,64,-1,-1,-1,-1
2392,46,82,563,28,62,-1,-1,-1,-1
2393,46,82,564,31,59,-1,-1,-1,-1
2394,46,80,562,29,61,-1,-1,-1,-1
2395,46,81,562,29,63,-1,-1,-1,-1
2396,46,81,562,29,62,-1,-1,-1,-1
2397,46,81,562,29,63,-1,-1,-1,-1
2398,46,83,565,28,59,-1,-1,-1,-1
2399,46,84,567,26,57,-1,-1,-1,-1
2400,46,80,564,28,60,-1,-1,-1,-1
2401,46,83,568,27,55,-1,-1,-1,-1
2402,46,83,567,28,55,-1,-1,-1,-1
2403,46,80,563,29,59,-1,-1,-1,-1
2404,46,80,562,29,60,-1,-1,-1,-1
2405,46,80,563,28,59,-1,-1,-1,-1
2406,46,80,562,28,60,-1,-1,-1,-1
2407,46,79,561,29,61,-1,-1,-1,-1
2408,46,80,561,29,60,-1,-1,-1,-1
2409,46,80,561,28,60,-1,-1,-1,-1
2410,46,80,560,29,62,-1,-1,-1,-1
2411,46,79,561,30,60,-1,-1,-1,-1
2412,46,79,561,30,60,-1,-1,-1,-1
2413,46,81,562,30,63,-1,-1,-1,-1
2414,46,81,562,30,63,-1,-1,-1,-1
2415,46,81,561,29,64,-1,-1,-1,-1
2416,46,80,562,31,63,-1,-1,-1,-1
2417,46,81,562,30,64,-1,-1,-1,-1
2418,46,81,561,30,65,-1,-1,-1,-1
2419,46,81,561,29,65,-1,-1,-1,-1
2420,46,82,560,30,61,-1,-1,-1,-1
2421,46,82,561,30,62,-1,-1,-1,-1
2422,46,82,560,30,61,-1,-1,-1,-1
2423,46,82,559,30,61,-1,-1,-1,-1
2424,46,82,559,30,62,-1,-1,-1,-1
2425,46,82,558,31,61,-1,-1,-1,-1
2426,46,82,558,31,61,-1,-1,-1,-1
2427,46,82,560,30,64,-1,-1,-1,-1
2428,46,81,560,31,63,-1,-1,-1,-1
2429,46,81,560,31,63,-1,-1,-1,-1
2430,46,82,559,30,64,-1,-1,-1,-1
2431,46,84,561,31,61,-1,-1,-1,-1
2432,46,84,561,31,60,-1,-1,-1,-1
2433,46,85,560,30,61,-1,-1,-1,-1
2434,46,86,562,30,60,-1,-1,-1,-1
2435,46,86,560,29,61,-1,-1,-1,-1
2436,46,90,557,27,62,-1,-1,-1,-1
2437,46,87,560,29,62,-1,-1,-1,-1
2438,46,87,561,30,61,-1,-1,-1,-1
2439,46,88,561,29,62,-1,-1,-1,-1
2440,46,88,560,29,62,-1,-1,-1,-1
2441,46,88,561,29,61,-1,-1,-1,-1
2442,46,87,560,30,60,-1,-1,-1,-1
2443,46,87,560,30,61,-1,-1,-1,-1
2444,46,86,560,30,60,-1,-1,-1,-1
2445,46,86,561,30,59,-1,-1,-1,-1
2446,46,86,561,30,59,-1,-1,-1,-1
2447,46,86,561,30,59,-1,-1,-1,-1
2448,46,87,561,29,59,-1,-1,-1,-1
2449,46,87,562,29,58,-1,-1,-1,-1
2450,46,87,562,30,58,-1,-1,-1,-1
2451,46,86,562,30,59,-1,-1,-1,-1
2452,46,86,562,30,59,-1,-1,-1,-1
2453,46,87,562,29,59,-1,-1,-1,-1
2454,46,87,563,29,58,-1,-1,-1,-1
2455,46,88,563,29,59,-1,-1,-1,-1
2456,46,88,562,28,60,-1,-1,-1,-1
2457,46,88,562,29,59,-1,-1,-1,-1
2458,46,88,563,29,58,-1,-1,-1,-1
2459,46,89,564,28,57,-1,-1,-1,-1
2460,46,90,564,28,57,-1,-1,-1,-1
2461,46,90,564,28,56,-1,-1,-1,-1
2462,46,90,564,28,56,-1,-1,-1,-1
2463,46,89,564,29,56,-1,-1,-1,-1
2464,46,89,563,29,57,-1,-1,-1,-1
2465,46,89,562,29,58,-1,-1,-1,-1
2466,46,90,563,29,57,-1,-1,-1,-1
2467,46,90,563,29,57,-1,-1,-1,-1
2468,46,90,564,28,56,-1,-1,-1,-1
2469,46,91,563,28,57,-1,-1,-1,-1
2470,46,91,564,28,58,-1,-1,-1,-1
2471,46,90,564,29,57,-1,-1,-1,-1
2472,46,90,564,28,57,-1,-1,-1,-1
2473,46,90,562,28,58,-1,-1,-1,-1
2474,46,91,563,27,57,-1,-1,-1,-1
2475,46,90,563,28,57,-1,-1,-1,-1
2476,46,91,563,27,57,-1,-1,-1,-1
2477,46,91,563,27,57,-1,-1,-1,-1
2478,46,91,563,27,57,-1,-1,-1,-1
2479,46,91,563,27,57,-1,-1,-1,-1
2480,46,91,563,27,57,-1,-1,-1,-1
2481,46,90,563,28,56,-1,-1,-1,-1
2482,46,90,563,28,56,-1,-1,-1,-1
2483,46,90,563,27,56,-1,-1,-1,-1
2484,46,90,563,28,57,-1,-1,-1,-1
2485,46,90,564,28,56,-1,-1,-1,-1
2486,46,89,564,29,56,-1,-1,-1,-1
2487,46,89,563,29,57,-1,-1,-1,-1
2488,46,90,563,28,57,-1,-1,-1,-1
2489,46,90,563,29,57,-1,-1,-1,-1
2490,46,90,563,28,57,-1,-1,-1,-1
2491,46,90,563,29,56,-1,-1,-1,-1
2492,46,91,562,28,57,-1,-1,-1,-1
2493,46,90,562,28,57,-1,-1,-1,-1
2494,46,90,563,28,57,-1,-1,-1,-1
2495,46,90,563,28,58,-1,-1,-1,-1
2496,46,88,563,29,57,-1,-1,-1,-1
2497,46,88,563,29,56,-1,-1,-1,-1
2498,46,87,562,29,56,-1,-1,-1,-1
2499,46,81,559,30,56,-1,-1,-1,-1
2500,46,80,559,24,53,-1,-1,-1,-1
2499,47,94,558,29,59,-1,-1,-1,-1
2500,47,87,563,28,56,-1,-1,-1,-1
2501,47,88,562,27,57,-1,-1,-1,-1
2502,47,87,562,29,58,-1,-1,-1,-1
2503,47,86,562,30,60,-1,-1,-1,-1
2504,47,85,561,31,61,-1,-1,-1,-1
2505,47,85,561,31,60,-1,-1,-1,-1
2506,47,85,560,30,61,-1,-1,-1,-1
2507,47,84,560,31,61,-1,-1,-1,-1
2508,47,84,561,38,63,-1,-1,-1,-1
2509,47,83,558,30,64,-1,-1,-1,-1
2510,47,82,558,30,63,-1,-1,-1,-1
2511,47,82,558,29,62,-1,-1,-1,-1
2512,47,81,557,27,61,-1,-1,-1,-1
2513,47,81,558,27,61,-1,-1,-1,-1
2514,47,81,559,27,61,-1,-1,-1,-1
2515,47,81,558,27,62,-1,-1,-1,-1
2516,47,82,559,30,60,-1,-1,-1,-1
2517,47,81,558,27,60,-1,-1,-1,-1
2518,47,81,558,28,60,-1,-1,-1,-1
2519,47,82,559,29,60,-1,-1,-1,-1
2520,47,81,559,29,60,-1,-1,-1,-1
2521,47,82,561,28,58,-1,-1,-1,-1
2522,47,81,560,27,58,-1,-1,-1,-1
2523,47,81,559,27,58,-1,-1,-1,-1
2524,47,80,558,28,60,-1,-1,-1,-1
2525,47,81,558,28,59,-1,-1,-1,-1
2526,47,81,561,27,57,-1,-1,-1,-1
2527,47,85,562,27,58,-1,-1,-1,-1
2528,47,84,562,27,57,-1,-1,-1,-1
2529,47,80,560,29,59,-1,-1,-1,-1
2530,47,83,562,29,58,-1,-1,-1,-1
2531,47,80,560,29,59,-1,-1,-1,-1
2532,47,80,560,28,59,-1,-1,-1,-1
2533,47,80,560,29,59,-1,-1,-1,-1
2534,47,80,559,29,61,-1,-1,-1,-1
2535,47,80,560,29,60,-1,-1,-1,-1
2536,47,80,560,29,60,-1,-1,-1,-1
2537,47,80,560,29,59,-1,-1,-1,-1
2538,47,80,560,29,59,-1,-1,-1,-1
2539,47,80,560,29,59,-1,-1,-1,-1
2540,47,80,559,29,60,-1,-1,-1,-1
2541,47,80,559,29,60,-1,-1,-1,-1
2542,47,80,559,29,60,-1,-1,-1,-1
2543,47,80,558,29,60,-1,-1,-1,-1
2544,47,82,559,30,59,-1,-1,-1,-1
2545,47,82,559,30,58,-1,-1,-1,-1
2546,47,82,558,29,59,-1,-1,-1,-1
2547,47,82,558,30,60,-1,-1,-1,-1
2548,47,82,557,29,59,-1,-1,-1,-1
2549,47,82,558,30,61,-1,-1,-1,-1
2550,47,82,559,30,59,-1,-1,-1,-1
2551,47,81,557,30,64,-1,-1,-1,-1
2552,47,81,558,30,62,-1,-1,-1,-1
2553,47,82,558,30,64,-1,-1,-1,-1
2554,47,82,559,30,64,-1,-1,-1,-1
2555,47,87,560,27,61,-1,-1,-1,-1
2556,47,82,558,29,62,-1,-1,-1,-1
2557,47,85,557,29,62,-1,-1,-1,-1
2558,47,84,557,30,61,-1,-1,-1,-1
2559,47,85,559,30,59,-1,-1,-1,-1
2560,47,82,560,31,60,-1,-1,-1,-1
2561,47,83,560,31,59,-1,-1,-1,-1
2562,47,91,559,29,61,-1,-1,-1,-1
2563,47,84,558,32,62,-1,-1,-1,-1
2564,47,85,561,31,59,-1,-1,-1,-1
2565,47,90,560,29,60,-1,-1,-1,-1
2566,47,89,560,29,59,-1,-1,-1,-1
2567,47,88,560,29,57,-1,-1,-1,-1
2568,47,90,557,29,59,-1,-1,-1,-1
2569,47,92,556,28,59,-1,-1,-1,-1
2570,47,93,556,27,60,-1,-1,-1,-1
2571,47,94,554,27,62,-1,-1,-1,-1
2572,47,102,554,27,64,-1,-1,-1,-1
2573,47,99,554,34,60,-1,-1,-1,-1
2574,47,99,554,33,59,-1,-1,-1,-1
2575,47,101,558,31,60,-1,-1,-1,-1
2576,47,102,558,29,62,-1,-1,-1,-1
2577,47,100,556,32,66,-1,-1,-1,-1
2578,47,100,556,31,64,-1,-1,-1,-1
2579,47,101,558,33,64,-1,-1,-1,-1
2580,47,102,558,32,63,-1,-1,-1,-1
2581,47,101,560,28,54,-1,-1,-1,-1
2582,47,98,557,41,54,-1,-1,-1,-1
2586,48,109,547,36,65,-1,-1,-1,-1
2587,48,110,545,36,69,-1,-1,-1,-1
2588,48,111,542,35,71,-1,-1,-1,-1
2589,48,112,543,37,70,-1,-1,-1,-1
2590,48,115,543,36,68,-1,-1,-1,-1
2605,49,132,540,32,58,-1,-1,-1,-1
2606,49,132,538,32,59,-1,-1,-1,-1
2607,49,132,538,31,57,-1,-1,-1,-1
2608,49,132,537,31,58,-1,-1,-1,-1
2609,49,132,537,32,57,-1,-1,-1,-1
2610,49,132,537,33,56,-1,-1,-1,-1
2611,49,131,538,33,60,-1,-1,-1,-1
2612,49,132,537,33,58,-1,-1,-1,-1
2613,49,132,537,33,62,-1,-1,-1,-1
2614,49,134,538,32,65,-1,-1,-1,-1
2615,49,134,537,31,64,-1,-1,-1,-1
2617,49,133,538,36,64,-1,-1,-1,-1
2618,49,133,538,34,66,-1,-1,-1,-1
2619,49,133,537,34,64,-1,-1,-1,-1
2620,49,132,538,35,62,-1,-1,-1,-1
2621,49,133,538,27,65,-1,-1,-1,-1
2622,49,133,537,29,62,-1,-1,-1,-1
2623,49,133,538,34,56,-1,-1,-1,-1
2624,49,133,537,32,56,-1,-1,-1,-1
2625,49,133,536,32,57,-1,-1,-1,-1
2626,49,133,537,32,56,-1,-1,-1,-1
2627,49,133,537,33,58,-1,-1,-1,-1
2628,49,132,537,33,59,-1,-1,-1,-1
2629,49,132,538,34,58,-1,-1,-1,-1
2630,49,133,538,33,58,-1,-1,-1,-1
2631,49,133,537,33,60,-1,-1,-1,-1
2632,49,133,536,33,59,-1,-1,-1,-1
2633,49,133,536,33,59,-1,-1,-1,-1
2634,49,132,536,33,60,-1,-1,-1,-1
2635,49,132,536,33,60,-1,-1,-1,-1
2636,49,134,536,27,62,-1,-1,-1,-1
2637,49,132,537,32,57,-1,-1,-1,-1
2638,49,132,536,32,59,-1,-1,-1,-1
2639,49,132,537,32,57,-1,-1,-1,-1
2640,49,132,537,32,56,-1,-1,-1,-1
2641,49,132,536,33,57,-1,-1,-1,-1
2642,49,133,536,32,58,-1,-1,-1,-1
2643,49,133,536,32,58,-1,-1,-1,-1
2644,49,133,536,33,60,-1,-1,-1,-1
2645,49,133,537,33,59,-1,-1,-1,-1
2646,49,133,537,33,58,-1,-1,-1,-1
2647,49,133,537,32,57,-1,-1,-1,-1
2648,49,134,538,36,56,-1,-1,-1,-1
2649,49,136,536,31,64,-1,-1,-1,-1
2650,49,135,535,32,65,-1,-1,-1,-1
2651,49,135,534,32,63,-1,-1,-1,-1
2652,49,135,536,33,57,-1,-1,-1,-1
2653,49,135,534,36,62,-1,-1,-1,-1
2654,49,136,535,34,60,-1,-1,-1,-1
2655,49,139,535,36,61,-1,-1,-1,-1
2656,49,140,536,36,62,-1,-1,-1,-1
2657,49,141,535,37,63,-1,-1,-1,-1
2658,49,140,536,40,64,-1,-1,-1,-1
2659,49,142,535,38,61,-1,-1,-1,-1
2660,49,146,536,37,64,-1,-1,-1,-1
2661,49,147,537,38,65,-1,-1,-1,-1
2662,49,147,537,40,66,-1,-1,-1,-1
2663,49,147,539,43,67,-1,-1,-1,-1
2216,51,0,598,22,59,-1,-1,-1,-1
2217,51,0,596,23,61,-1,-1,-1,-1
2218,51,0,595,25,64,-1,-1,-1,-1
2219,51,0,595,27,62,-1,-1,-1,-1
2220,51,0,595,28,60,-1,-1,-1,-1
2221,51,0,596,30,60,-1,-1,-1,-1
2222,51,0,593,29,65,-1,-1,-1,-1
2223,51,1,593,31,65,-1,-1,-1,-1
2224,51,0,593,31,63,-1,-1,-1,-1
2225,51,1,593,31,61,-1,-1,-1,-1
2226,51,0,593,30,60,-1,-1,-1,-1
2227,51,3,592,33,58,-1,-1,-1,-1
2228,51,5,591,32,62,-1,-1,-1,-1
2229,51,3,593,33,61,-1,-1,-1,-1
2230,51,4,591,37,65,-1,-1,-1,-1
2231,51,2,591,36,60,-1,-1,-1,-1
2232,51,5,588,35,67,-1,-1,-1,-1
2233,51,4,588,36,64,-1,-1,-1,-1
2234,51,4,586,37,65,-1,-1,-1,-1
2235,51,10,587,34,66,-1,-1,-1,-1
2236,51,7,592,40,57,-1,-1,-1,-1
2237,51,16,588,35,60,-1,-1,-1,-1
2238,51,14,587,36,62,-1,-1,-1,-1
2239,51,15,587,36,61,-1,-1,-1,-1
2240,51,15,587,34,60,-1,-1,-1,-1
2241,51,20,583,37,65,-1,-1,-1,-1
2242,51,19,585,36,61,-1,-1,-1,-1
2243,51,23,583,36,64,-1,-1,-1,-1
2244,51,26,585,34,62,-1,-1,-1,-1
2245,51,27,583,33,63,-1,-1,-1,-1
2246,51,25,583,36,63,-1,-1,-1,-1
2247,51,26,583,37,63,-1,-1,-1,-1
2248,51,24,582,39,64,-1,-1,-1,-1
2249,51,25,581,40,65,-1,-1,-1,-1
2250,51,27,583,39,63,-1,-1,-1,-1
2251,51,26,581,40,66,-1,-1,-1,-1
2252,51,25,581,40,66,-1,-1,-1,-1
2253,51,29,583,37,62,-1,-1,-1,-1
2254,51,33,583,34,62,-1,-1,-1,-1
2255,51,33,582,36,62,-1,-1,-1,-1
2256,51,35,581,35,65,-1,-1,-1,-1
2257,51,36,582,35,63,-1,-1,-1,-1
2258,51,37,582,34,63,-1,-1,-1,-1
2259,51,37,582,34,62,-1,-1,-1,-1
2260,51,38,580,35,64,-1,-1,-1,-1
2261,51,42,581,35,62,-1,-1,-1,-1
2262,51,46,581,35,63,-1,-1,-1,-1
2263,51,48,580,34,65,-1,-1,-1,-1
2264,51,49,581,33,63,-1,-1,-1,-1
2265,51,48,580,34,62,-1,-1,-1,-1
2266,51,50,584,34,57,-1,-1,-1,-1
2267,51,49,582,35,59,-1,-1,-1,-1
2268,51,48,580,36,59,-1,-1,-1,-1
2269,51,51,580,33,58,-1,-1,-1,-1
2270,51,53,575,28,65,-1,-1,-1,-1
2271,51,53,578,31,60,-1,-1,-1,-1
2272,51,56,575,30,63,-1,-1,-1,-1
2273,51,52,575,41,63,-1,-1,-1,-1
2274,51,55,575,39,62,-1,-1,-1,-1
2275,51,60,575,37,61,-1,-1,-1,-1
2276,51,61,574,37,63,-1,-1,-1,-1
2277,51,63,575,35,62,-1,-1,-1,-1
2278,51,64,574,36,63,-1,-1,-1,-1
2279,51,66,574,35,63,-1,-1,-1,-1
2280,51,66,573,37,64,-1,-1,-1,-1
2281,51,68,574,37,63,-1,-1,-1,-1
2282,51,69,573,37,64,-1,-1,-1,-1
2283,51,69,573,36,63,-1,-1,-1,-1
2284,51,74,573,36,62,-1,-1,-1,-1
2285,51,82,577,29,58,-1,-1,-1,-1
2286,51,76,574,35,61,-1,-1,-1,-1
2287,51,76,573,36,61,-1,-1,-1,-1
2288,51,84,576,29,58,-1,-1,-1,-1
2289,51,81,574,35,59,-1,-1,-1,-1
2290,51,81,574,37,59,-1,-1,-1,-1
2291,51,84,573,36,61,-1,-1,-1,-1
2292,51,85,573,34,60,-1,-1,-1,-1
2293,51,85,573,34,61,-1,-1,-1,-1
2294,51,85,573,34,60,-1,-1,-1,-1
2295,51,84,572,36,61,-1,-1,-1,-1
2296,51,85,573,36,59,-1,-1,-1,-1
2297,51,87,572,36,59,-1,-1,-1,-1
2298,51,87,571,37,59,-1,-1,-1,-1
2299,51,88,571,36,58,-1,-1,-1,-1
2300,51,87,570,37,60,-1,-1,-1,-1
2301,51,90,570,37,59,-1,-1,-1,-1
2302,51,90,570,34,59,-1,-1,-1,-1
2303,51,92,570,35,58,-1,-1,-1,-1
2304,51,94,568,39,63,-1,-1,-1,-1
2305,51,97,568,37,62,-1,-1,-1,-1
2306,51,98,568,37,62,-1,-1,-1,-1
2307,51,100,570,38,59,-1,-1,-1,-1
2308,51,103,568,35,61,-1,-1,-1,-1
2309,51,105,567,34,61,-1,-1,-1,-1
2310,51,105,569,34,60,-1,-1,-1,-1
2311,51,109,570,30,58,-1,-1,-1,-1
2312,51,111,569,28,59,-1,-1,-1,-1
2313,51,110,567,29,62,-1,-1,-1,-1
2314,51,110,566,28,62,-1,-1,-1,-1
2315,51,112,563,28,63,-1,-1,-1,-1
2316,51,115,565,25,61,-1,-1,-1,-1
2317,51,112,564,28,65,-1,-1,-1,-1
2318,51,111,561,29,69,-1,-1,-1,-1
2319,51,110,560,30,69,-1,-1,-1,-1
2320,51,107,561,33,69,-1,-1,-1,-1
2321,51,105,561,35,69,-1,-1,-1,-1
2322,51,106,561,35,68,-1,-1,-1,-1
2323,51,106,563,33,65,-1,-1,-1,-1
2324,51,106,564,33,64,-1,-1,-1,-1
2325,51,107,565,32,63,-1,-1,-1,-1
2326,51,106,564,32,63,-1,-1,-1,-1
2327,51,106,564,32,64,-1,-1,-1,-1
2328,51,106,564,32,63,-1,-1,-1,-1
2329,51,106,565,32,63,-1,-1,-1,-1
2330,51,106,564,33,63,-1,-1,-1,-1
2331,51,106,563,35,64,-1,-1,-1,-1
2332,51,106,563,35,65,-1,-1,-1,-1
2333,51,105,562,36,66,-1,-1,-1,-1
2334,51,106,563,35,65,-1,-1,-1,-1
2335,51,107,564,34,64,-1,-1,-1,-1
2336,51,107,564,33,64,-1,-1,-1,-1
2337,51,106,564,34,64,-1,-1,-1,-1
2338,51,106,564,33,64,-1,-1,-1,-1
2339,51,106,565,33,62,-1,-1,-1,-1
2340,51,106,565,33,62,-1,-1,-1,-1
2341,51,105,565,36,61,-1,-1,-1,-1
2342,51,105,566,35,60,-1,-1,-1,-1
2343,51,106,565,35,62,-1,-1,-1,-1
2344,51,106,565,35,62,-1,-1,-1,-1
2345,51,106,564,35,63,-1,-1,-1,-1
2346,51,106,564,35,63,-1,-1,-1,-1
2347,51,105,564,36,63,-1,-1,-1,-1
2348,51,106,564,35,63,-1,-1,-1,-1
2349,51,105,564,35,63,-1,-1,-1,-1
2350,51,106,563,34,65,-1,-1,-1,-1
2351,51,106,563,34,64,-1,-1,-1,-1
2352,51,105,563,36,64,-1,-1,-1,-1
2353,51,106,562,36,65,-1,-1,-1,-1
2354,51,107,563,35,64,-1,-1,-1,-1
2355,51,106,562,36,65,-1,-1,-1,-1
2356,51,106,562,35,65,-1,-1,-1,-1
2357,51,106,563,35,64,-1,-1,-1,-1
2358,51,106,562,35,65,-1,-1,-1,-1
2359,51,107,563,34,64,-1,-1,-1,-1
2360,51,106,563,34,64,-1,-1,-1,-1
2361,51,107,563,33,64,-1,-1,-1,-1
2362,51,106,563,33,64,-1,-1,-1,-1
2363,51,105,563,34,64,-1,-1,-1,-1
2364,51,105,563,33,64,-1,-1,-1,-1
2365,51,107,563,31,63,-1,-1,-1,-1
2366,51,107,564,31,62,-1,-1,-1,-1
2367,51,107,564,31,63,-1,-1,-1,-1
2368,51,106,564,32,62,-1,-1,-1,-1
2369,51,107,564,31,62,-1,-1,-1,-1
2370,51,108,564,32,63,-1,-1,-1,-1
2371,51,108,564,31,63,-1,-1,-1,-1
2372,51,108,564,31,63,-1,-1,-1,-1
2373,51,108,564,30,64,-1,-1,-1,-1
2374,51,108,564,30,63,-1,-1,-1,-1
2375,51,108,563,30,63,-1,-1,-1,-1
2376,51,108,562,31,64,-1,-1,-1,-1
2377,51,108,563,31,63,-1,-1,-1,-1
2378,51,109,563,30,62,-1,-1,-1,-1
2379,51,109,562,30,63,-1,-1,-1,-1
2380,51,108,560,31,66,-1,-1,-1,-1
2381,51,108,559,31,66,-1,-1,-1,-1
2382,51,107,559,31,66,-1,-1,-1,-1
2383,51,106,559,31,68,-1,-1,-1,-1
2384,51,106,559,32,67,-1,-1,-1,-1
2385,51,107,559,32,67,-1,-1,-1,-1
2386,51,107,559,31,67,-1,-1,-1,-1
2387,51,106,560,33,66,-1,-1,-1,-1
2388,51,107,561,32,65,-1,-1,-1,-1
2389,51,106,560,32,66,-1,-1,-1,-1
2390,51,107,561,31,65,-1,-1,-1,-1
2391,51,109,562,30,64,-1,-1,-1,-1
2392,51,109,563,30,63,-1,-1,-1,-1
2393,51,110,563,30,63,-1,-1,-1,-1
2394,51,108,563,32,63,-1,-1,-1,-1
2395,51,110,564,31,61,-1,-1,-1,-1
2396,51,109,564,31,62,-1,-1,-1,-1
2397,51,110,565,31,60,-1,-1,-1,-1
2398,51,110,563,31,61,-1,-1,-1,-1
2399,51,112,568,28,57,-1,-1,-1,-1
2400,51,112,569,28,57,-1,-1,-1,-1
2401,51,112,570,28,56,-1,-1,-1,-1
2402,51,111,568,29,57,-1,-1,-1,-1
2403,51,112,566,28,59,-1,-1,-1,-1
2404,51,111,566,29,59,-1,-1,-1,-1
2405,51,111,565,29,60,-1,-1,-1,-1
2406,51,110,564,29,60,-1,-1,-1,-1
2407,51,109,562,31,62,-1,-1,-1,-1
2408,51,110,561,31,63,-1,-1,-1,-1
2409,51,110,562,31,63,-1,-1,-1,-1
2410,51,109,562,32,63,-1,-1,-1,-1
2411,51,110,562,31,62,-1,-1,-1,-1
2412,51,111,562,31,62,-1,-1,-1,-1
2413,51,110,563,30,61,-1,-1,-1,-1
2414,51,109,564,30,60,-1,-1,-1,-1
2415,51,109,562,31,63,-1,-1,-1,-1
2416,51,109,563,30,61,-1,-1,-1,-1
2417,51,109,562,31,62,-1,-1,-1,-1
2418,51,109,561,31,63,-1,-1,-1,-1
2419,51,111,561,30,63,-1,-1,-1,-1
2420,51,112,561,31,63,-1,-1,-1,-1
2421,51,112,560,31,64,-1,-1,-1,-1
2422,51,111,559,31,64,-1,-1,-1,-1
2423,51,110,559,32,64,-1,-1,-1,-1
2424,51,110,559,33,64,-1,-1,-1,-1
2425,51,110,558,32,65,-1,-1,-1,-1
2426,51,111,559,32,65,-1,-1,-1,-1
2427,51,110,559,32,65,-1,-1,-1,-1
2428,51,110,558,31,66,-1,-1,-1,-1
2429,51,110,558,32,65,-1,-1,-1,-1
2430,51,111,559,31,65,-1,-1,-1,-1
2431,51,111,558,31,64,-1,-1,-1,-1
2432,51,111,558,31,64,-1,-1,-1,-1
2433,51,110,558,32,65,-1,-1,-1,-1
2434,51,110,559,30,63,-1,-1,-1,-1
2435,51,109,558,31,64,-1,-1,-1,-1
2436,51,109,559,31,64,-1,-1,-1,-1
2437,51,108,559,32,64,-1,-1,-1,-1
2438,51,109,559,30,65,-1,-1,-1,-1
2439,51,108,559,32,64,-1,-1,-1,-1
2440,51,108,559,32,64,-1,-1,-1,-1
2441,51,109,559,31,64,-1,-1,-1,-1
2442,51,110,559,31,65,-1,-1,-1,-1
2443,51,110,559,31,64,-1,-1,-1,-1
2444,51,111,559,30,64,-1,-1,-1,-1
2445,51,112,559,30,63,-1,-1,-1,-1
2446,51,111,560,33,63,-1,-1,-1,-1
2447,51,111,558,32,64,-1,-1,-1,-1
2448,51,111,559,31,62,-1,-1,-1,-1
2449,51,111,558,32,63,-1,-1,-1,-1
2450,51,112,558,33,63,-1,-1,-1,-1
2451,51,112,558,33,63,-1,-1,-1,-1
2452,51,112,558,33,63,-1,-1,-1,-1
2453,51,113,558,32,63,-1,-1,-1,-1
2454,51,113,559,33,62,-1,-1,-1,-1
2455,51,112,558,35,63,-1,-1,-1,-1
2456,51,111,558,35,62,-1,-1,-1,-1
2457,51,111,558,34,62,-1,-1,-1,-1
2458,51,112,562,34,61,-1,-1,-1,-1
2459,51,114,562,32,61,-1,-1,-1,-1
2460,51,114,566,32,57,-1,-1,-1,-1
2461,51,114,564,31,58,-1,-1,-1,-1
2462,51,114,564,32,58,-1,-1,-1,-1
2463,51,114,564,32,58,-1,-1,-1,-1
2464,51,115,563,32,59,-1,-1,-1,-1
2465,51,115,559,33,61,-1,-1,-1,-1
2466,51,114,560,33,60,-1,-1,-1,-1
2467,51,114,566,32,57,-1,-1,-1,-1
2468,51,114,566,31,58,-1,-1,-1,-1
2469,51,115,566,31,57,-1,-1,-1,-1
2470,51,115,565,31,59,-1,-1,-1,-1
2471,51,117,565,31,60,-1,-1,-1,-1
2472,51,117,564,32,60,-1,-1,-1,-1
2473,51,115,559,34,63,-1,-1,-1,-1
2474,51,115,560,33,62,-1,-1,-1,-1
2475,51,115,560,33,62,-1,-1,-1,-1
2476,51,115,560,33,62,-1,-1,-1,-1
2477,51,115,564,32,59,-1,-1,-1,-1
2478,51,115,565,32,59,-1,-1,-1,-1
2479,51,114,563,33,61,-1,-1,-1,-1
2480,51,112,561,34,61,-1,-1,-1,-1
2481,51,114,563,33,61,-1,-1,-1,-1
2482,51,112,560,34,62,-1,-1,-1,-1
2483,51,112,560,33,61,-1,-1,-1,-1
2484,51,112,560,34,62,-1,-1,-1,-1
2485,51,112,560,34,62,-1,-1,-1,-1
2486,51,112,559,34,63,-1,-1,-1,-1
2487,51,113,559,34,63,-1,-1,-1,-1
2488,51,112,560,33,62,-1,-1,-1,-1
2489,51,113,560,32,62,-1,-1,-1,-1
2490,51,113,561,31,61,-1,-1,-1,-1
2491,51,114,561,32,61,-1,-1,-1,-1
2492,51,114,560,33,61,-1,-1,-1,-1
2493,51,115,567,32,57,-1,-1,-1,-1
2494,51,113,561,33,60,-1,-1,-1,-1
2495,51,112,562,35,58,-1,-1,-1,-1
2496,51,114,562,33,59,-1,-1,-1,-1
2497,51,114,562,32,58,-1,-1,-1,-1
2498,51,113,563,34,58,-1,-1,-1,-1
2499,51,116,567,32,58,-1,-1,-1,-1
2500,51,116,568,32,57,-1,-1,-1,-1
2501,51,116,566,32,59,-1,-1,-1,-1
2502,51,112,561,36,62,-1,-1,-1,-1
2503,51,112,559,34,64,-1,-1,-1,-1
2504,51,111,558,34,65,-1,-1,-1,-1
2505,51,111,558,33,64,-1,-1,-1,-1
2506,51,111,558,33,64,-1,-1,-1,-1
2507,51,111,557,32,65,-1,-1,-1,-1
2508,51,110,557,33,64,-1,-1,-1,-1
2509,51,109,557,34,65,-1,-1,-1,-1
2510,51,109,557,35,65,-1,-1,-1,-1
2511,51,110,557,34,65,-1,-1,-1,-1
2512,51,110,558,34,65,-1,-1,-1,-1
2513,51,108,558,34,64,-1,-1,-1,-1
2514,51,108,560,33,63,-1,-1,-1,-1
2515,51,109,561,33,62,-1,-1,-1,-1
2516,51,110,561,32,63,-1,-1,-1,-1
2517,51,111,561,31,63,-1,-1,-1,-1
2518,51,108,560,33,64,-1,-1,-1,-1
2519,51,108,561,32,64,-1,-1,-1,-1
2520,51,108,562,32,63,-1,-1,-1,-1
2521,51,109,562,31,64,-1,-1,-1,-1
2522,51,111,564,28,62,-1,-1,-1,-1
2523,51,111,565,28,61,-1,-1,-1,-1
2524,51,112,568,26,58,-1,-1,-1,-1
2525,51,112,568,26,58,-1,-1,-1,-1
2526,51,112,563,26,62,-1,-1,-1,-1
2527,51,110,562,28,63,-1,-1,-1,-1
2528,51,110,563,27,63,-1,-1,-1,-1
2529,51,109,564,28,62,-1,-1,-1,-1
2530,51,110,565,27,61,-1,-1,-1,-1
2531,51,108,564,29,61,-1,-1,-1,-1
2532,51,109,565,28,61,-1,-1,-1,-1
2533,51,109,565,28,62,-1,-1,-1,-1
2534,51,108,562,29,64,-1,-1,-1,-1
2535,51,109,563,27,63,-1,-1,-1,-1
2536,51,108,564,29,62,-1,-1,-1,-1
2537,51,108,562,30,64,-1,-1,-1,-1
2538,51,109,563,29,63,-1,-1,-1,-1
2539,51,109,563,29,63,-1,-1,-1,-1
2540,51,108,563,30,63,-1,-1,-1,-1
2541,51,109,564,30,62,-1,-1,-1,-1
2542,51,109,564,29,62,-1,-1,-1,-1
2543,51,110,563,28,62,-1,-1,-1,-1
2544,51,110,562,29,63,-1,-1,-1,-1
2545,51,109,561,31,62,-1,-1,-1,-1
2546,51,109,560,31,63,-1,-1,-1,-1
2547,51,108,560,31,64,-1,-1,-1,-1
2548,51,110,561,31,63,-1,-1,-1,-1
2549,51,109,561,31,64,-1,-1,-1,-1
2550,51,108,561,31,63,-1,-1,-1,-1
2551,51,107,560,32,65,-1,-1,-1,-1
2552,51,108,560,32,65,-1,-1,-1,-1
2553,51,108,559,33,67,-1,-1,-1,-1
2554,51,109,560,32,65,-1,-1,-1,-1
2555,51,109,560,32,66,-1,-1,-1,-1
2556,51,108,558,33,66,-1,-1,-1,-1
2557,51,110,559,32,66,-1,-1,-1,-1
2558,51,113,559,31,67,-1,-1,-1,-1
2559,51,116,561,31,65,-1,-1,-1,-1
2560,51,118,561,29,64,-1,-1,-1,-1
2561,51,119,562,28,64,-1,-1,-1,-1
2562,51,119,562,30,64,-1,-1,-1,-1
2563,51,119,562,30,64,-1,-1,-1,-1
2564,51,120,563,28,62,-1,-1,-1,-1
2565,51,118,562,31,64,-1,-1,-1,-1
2566,51,119,561,32,65,-1,-1,-1,-1
2567,51,119,560,33,66,-1,-1,-1,-1
2568,51,119,564,34,62,-1,-1,-1,-1
2569,51,118,559,35,65,-1,-1,-1,-1
2570,51,119,562,34,65,-1,-1,-1,-1
2571,51,120,561,33,66,-1,-1,-1,-1
2572,51,118,560,35,65,-1,-1,-1,-1
2573,51,119,563,36,61,-1,-1,-1,-1
2574,51,120,561,36,64,-1,-1,-1,-1
2575,51,123,560,36,67,-1,-1,-1,-1
2576,51,124,559,36,68,-1,-1,-1,-1
2577,51,124,558,34,67,-1,-1,-1,-1
2578,51,125,557,35,69,-1,-1,-1,-1
2579,51,125,557,35,68,-1,-1,-1,-1
2580,51,126,557,36,68,-1,-1,-1,-1
2581,51,125,557,37,67,-1,-1,-1,-1
2582,51,130,557,36,67,-1,-1,-1,-1
2583,51,131,557,37,66,-1,-1,-1,-1
2584,51,132,555,35,70,-1,-1,-1,-1
2585,51,133,555,36,68,-1,-1,-1,-1
2586,51,134,559,36,65,-1,-1,-1,-1
2587,51,135,556,38,67,-1,-1,-1,-1
2588,51,137,556,38,68,-1,-1,-1,-1
2589,51,138,555,39,69,-1,-1,-1,-1
2590,51,134,553,41,73,-1,-1,-1,-1
2591,51,139,558,40,66,-1,-1,-1,-1
2592,51,139,555,43,71,-1,-1,-1,-1
2593,51,141,554,42,73,-1,-1,-1,-1
2594,51,145,555,38,72,-1,-1,-1,-1
2595,51,145,557,39,69,-1,-1,-1,-1
2596,51,146,554,38,71,-1,-1,-1,-1
2597,51,148,551,38,70,-1,-1,-1,-1
2598,51,147,553,41,67,-1,-1,-1,-1
2599,51,149,552,41,68,-1,-1,-1,-1
2600,51,150,553,39,68,-1,-1,-1,-1
2601,51,151,554,39,66,-1,-1,-1,-1
2602,51,151,554,39,65,-1,-1,-1,-1
2603,51,151,553,40,67,-1,-1,-1,-1
2604,51,159,551,35,72,-1,-1,-1,-1
2605,51,161,552,36,69,-1,-1,-1,-1
2606,51,161,552,37,68,-1,-1,-1,-1
2607,51,162,552,37,68,-1,-1,-1,-1
2608,51,162,551,37,69,-1,-1,-1,-1
2609,51,163,550,36,69,-1,-1,-1,-1
2610,51,160,549,41,70,-1,-1,-1,-1
2611,51,162,550,39,67,-1,-1,-1,-1
2612,51,161,548,42,69,-1,-1,-1,-1
2613,51,161,548,40,70,-1,-1,-1,-1
2614,51,162,548,40,69,-1,-1,-1,-1
2615,51,163,548,40,69,-1,-1,-1,-1
2616,51,164,546,39,69,-1,-1,-1,-1
2617,51,164,544,39,72,-1,-1,-1,-1
2618,51,164,543,39,74,-1,-1,-1,-1
2619,51,163,543,42,74,-1,-1,-1,-1
2620,51,165,543,39,74,-1,-1,-1,-1
2621,51,168,544,36,73,-1,-1,-1,-1
2622,51,171,548,34,68,-1,-1,-1,-1
2623,51,172,549,34,66,-1,-1,-1,-1
2624,51,172,548,34,68,-1,-1,-1,-1
2625,51,172,547,34,69,-1,-1,-1,-1
2626,51,171,546,36,70,-1,-1,-1,-1
2627,51,172,545,33,69,-1,-1,-1,-1
2628,51,171,545,37,69,-1,-1,-1,-1
2629,51,172,545,36,69,-1,-1,-1,-1
2630,51,176,547,32,64,-1,-1,-1,-1
2631,51,173,548,35,62,-1,-1,-1,-1
2632,51,174,548,34,61,-1,-1,-1,-1
2633,51,177,547,32,64,-1,-1,-1,-1
2634,51,179,547,29,63,-1,-1,-1,-1
2635,51,178,547,30,63,-1,-1,-1,-1
2636,51,178,547,30,63,-1,-1,-1,-1
2637,51,177,547,31,63,-1,-1,-1,-1
2638,51,176,545,33,67,-1,-1,-1,-1
2639,51,177,546,31,63,-1,-1,-1,-1
2640,51,177,545,32,66,-1,-1,-1,-1
2641,51,176,544,33,66,-1,-1,-1,-1
2642,51,176,544,33,66,-1,-1,-1,-1
2643,51,176,544,33,65,-1,-1,-1,-1
2644,51,176,544,33,67,-1,-1,-1,-1
2645,51,176,543,33,70,-1,-1,-1,-1
2646,51,176,544,33,67,-1,-1,-1,-1
2647,51,176,544,34,67,-1,-1,-1,-1
2648,51,176,543,33,69,-1,-1,-1,-1
2649,51,176,543,33,68,-1,-1,-1,-1
2650,51,176,543,33,68,-1,-1,-1,-1
2651,51,176,543,32,67,-1,-1,-1,-1
2652,51,176,543,32,67,-1,-1,-1,-1
2653,51,176,543,33,67,-1,-1,-1,-1
2654,51,175,544,34,66,-1,-1,-1,-1
2655,51,175,544,35,66,-1,-1,-1,-1
2656,51,176,545,34,64,-1,-1,-1,-1
2657,51,175,545,35,65,-1,-1,-1,-1
2658,51,175,545,35,65,-1,-1,-1,-1
2659,51,174,543,37,68,-1,-1,-1,-1
2660,51,175,544,36,67,-1,-1,-1,-1
2661,51,175,544,36,66,-1,-1,-1,-1
2662,51,176,544,34,65,-1,-1,-1,-1
2663,51,177,544,33,64,-1,-1,-1,-1
2664,51,176,544,33,65,-1,-1,-1,-1
2665,51,174,546,37,63,-1,-1,-1,-1
2666,51,176,545,36,68,-1,-1,-1,-1
2667,51,175,545,37,68,-1,-1,-1,-1
2668,51,175,544,37,70,-1,-1,-1,-1
2669,51,175,545,36,68,-1,-1,-1,-1
2670,51,176,545,35,67,-1,-1,-1,-1
2671,51,175,545,36,68,-1,-1,-1,-1
2672,51,174,544,37,69,-1,-1,-1,-1
2673,51,173,545,38,69,-1,-1,-1,-1
2674,51,173,544,37,69,-1,-1,-1,-1
2675,51,172,549,41,60,-1,-1,-1,-1
2676,51,172,549,40,61,-1,-1,-1,-1
2677,51,171,549,40,62,-1,-1,-1,-1
2678,51,173,547,37,69,-1,-1,-1,-1
2679,51,170,548,40,65,-1,-1,-1,-1
2680,51,173,548,37,69,-1,-1,-1,-1
2681,51,171,550,39,62,-1,-1,-1,-1
2682,51,172,548,36,70,-1,-1,-1,-1
2683,51,173,550,36,67,-1,-1,-1,-1
2684,51,173,548,36,69,-1,-1,-1,-1
2685,51,170,548,39,63,-1,-1,-1,-1
2686,51,171,547,37,68,-1,-1,-1,-1
2687,51,170,547,39,64,-1,-1,-1,-1
2688,51,172,547,37,65,-1,-1,-1,-1
2689,51,174,547,35,65,-1,-1,-1,-1
2690,51,170,547,38,64,-1,-1,-1,-1
2691,51,170,548,38,63,-1,-1,-1,-1
2692,51,169,549,38,62,-1,-1,-1,-1
2693,51,170,547,36,66,-1,-1,-1,-1
2694,51,172,548,34,67,-1,-1,-1,-1
2695,51,171,548,35,68,-1,-1,-1,-1
2696,51,173,549,34,66,-1,-1,-1,-1
2697,51,173,549,35,66,-1,-1,-1,-1
2698,51,171,551,37,64,-1,-1,-1,-1
2699,51,173,552,35,58,-1,-1,-1,-1
2700,51,173,552,36,57,-1,-1,-1,-1
2701,51,174,553,36,55,-1,-1,-1,-1
2702,51,177,552,33,57,-1,-1,-1,-1
2703,51,177,552,35,55,-1,-1,-1,-1
2704,51,178,551,36,57,-1,-1,-1,-1
2705,51,179,550,37,60,-1,-1,-1,-1
2706,51,179,549,38,60,-1,-1,-1,-1
2707,51,180,546,35,62,-1,-1,-1,-1
2708,51,179,548,35,61,-1,-1,-1,-1
2709,51,178,546,37,63,-1,-1,-1,-1
2710,51,181,544,33,65,-1,-1,-1,-1
2711,51,181,543,33,65,-1,-1,-1,-1
2712,51,179,544,34,63,-1,-1,-1,-1
2713,51,179,545,34,63,-1,-1,-1,-1
2714,51,180,545,34,64,-1,-1,-1,-1
2715,51,180,545,35,63,-1,-1,-1,-1
2716,51,179,545,35,62,-1,-1,-1,-1
2717,51,181,545,35,64,-1,-1,-1,-1
2718,51,181,545,35,63,-1,-1,-1,-1
2719,51,181,546,34,61,-1,-1,-1,-1
2720,51,181,546,35,62,-1,-1,-1,-1
2721,51,183,545,34,63,-1,-1,-1,-1
2722,51,181,547,34,60,-1,-1,-1,-1
2723,51,181,547,35,63,-1,-1,-1,-1
2724,51,182,548,33,62,-1,-1,-1,-1
2725,51,181,547,33,60,-1,-1,-1,-1
2726,51,181,547,34,60,-1,-1,-1,-1
2727,51,181,548,35,59,-1,-1,-1,-1
2728,51,181,548,36,59,-1,-1,-1,-1
2729,51,183,548,37,58,-1,-1,-1,-1
2730,51,184,548,34,62,-1,-1,-1,-1
2731,51,184,548,34,63,-1,-1,-1,-1
2732,51,184,550,34,61,-1,-1,-1,-1
2733,51,181,553,36,60,-1,-1,-1,-1
2734,51,182,554,34,59,-1,-1,-1,-1
2735,51,182,554,34,60,-1,-1,-1,-1
2736,51,181,552,35,61,-1,-1,-1,-1
2737,51,183,554,33,60,-1,-1,-1,-1
2738,51,183,553,33,62,-1,-1,-1,-1
2739,51,183,553,33,62,-1,-1,-1,-1
2740,51,183,553,31,61,-1,-1,-1,-1
2741,51,183,553,31,62,-1,-1,-1,-1
2742,51,183,554,30,61,-1,-1,-1,-1
2743,51,182,555,32,60,-1,-1,-1,-1
2744,51,183,555,30,59,-1,-1,-1,-1
2745,51,182,554,31,60,-1,-1,-1,-1
2746,51,182,554,31,60,-1,-1,-1,-1
2747,51,182,555,31,58,-1,-1,-1,-1
2748,51,182,556,30,57,-1,-1,-1,-1
2749,51,184,555,29,59,-1,-1,-1,-1
2750,51,184,555,29,59,-1,-1,-1,-1
2751,51,185,554,29,61,-1,-1,-1,-1
2752,51,183,554,31,61,-1,-1,-1,-1
2753,51,183,556,31,58,-1,-1,-1,-1
2754,51,183,557,32,53,-1,-1,-1,-1
2755,51,185,555,28,55,-1,-1,-1,-1
2756,51,187,559,32,53,-1,-1,-1,-1
2757,51,186,558,33,53,-1,-1,-1,-1
2758,51,185,558,33,54,-1,-1,-1,-1
2759,51,185,558,33,54,-1,-1,-1,-1
2760,51,186,558,33,53,-1,-1,-1,-1
2761,51,185,557,33,52,-1,-1,-1,-1
2762,51,184,557,32,52,-1,-1,-1,-1
2763,51,184,557,31,52,-1,-1,-1,-1
2764,51,184,554,29,55,-1,-1,-1,-1
2765,51,184,555,28,52,-1,-1,-1,-1
2766,51,184,555,28,52,-1,-1,-1,-1
2767,51,183,555,28,52,-1,-1,-1,-1
2768,51,184,556,25,50,-1,-1,-1,-1
2769,51,184,555,25,49,-1,-1,-1,-1
2770,51,184,556,25,48,-1,-1,-1,-1
2771,51,184,555,25,48,-1,-1,-1,-1
