1,0,1186,287,17,27,-1,-1,-1,-1
2,0,1189,288,17,27,-1,-1,-1,-1
3,0,1191,289,16,25,-1,-1,-1,-1
4,0,1192,290,15,24,-1,-1,-1,-1
5,0,1194,289,14,25,-1,-1,-1,-1
6,0,1195,291,15,23,-1,-1,-1,-1
7,0,1196,292,16,22,-1,-1,-1,-1
8,0,1199,291,15,23,-1,-1,-1,-1
9,0,1202,289,16,26,-1,-1,-1,-1
10,0,1204,289,16,26,-1,-1,-1,-1
11,0,1204,291,18,26,-1,-1,-1,-1
12,0,1207,292,16,24,-1,-1,-1,-1
13,0,1208,293,16,23,-1,-1,-1,-1
14,0,1211,294,13,22,-1,-1,-1,-1
15,0,1213,294,16,24,-1,-1,-1,-1
16,0,1215,294,15,22,-1,-1,-1,-1
17,0,1217,293,15,23,-1,-1,-1,-1
18,0,1218,292,16,24,-1,-1,-1,-1
19,0,1220,289,17,28,-1,-1,-1,-1
20,0,1221,291,17,26,-1,-1,-1,-1
21,0,1222,292,16,26,-1,-1,-1,-1
22,0,1224,292,16,25,-1,-1,-1,-1
23,0,1224,291,17,28,-1,-1,-1,-1
24,0,1227,293,16,27,-1,-1,-1,-1
25,0,1228,294,16,29,-1,-1,-1,-1
1,1,426,481,29,60,-1,-1,-1,-1
2,1,426,480,32,61,-1,-1,-1,-1
3,1,427,479,30,60,-1,-1,-1,-1
4,1,429,478,32,62,-1,-1,-1,-1
5,1,430,477,32,63,-1,-1,-1,-1
6,1,430,477,31,62,-1,-1,-1,-1
7,1,432,476,31,61,-1,-1,-1,-1
8,1,432,475,30,63,-1,-1,-1,-1
9,1,431,475,32,64,-1,-1,-1,-1
10,1,432,475,31,63,-1,-1,-1,-1
11,1,432,475,32,63,-1,-1,-1,-1
12,1,433,476,31,62,-1,-1,-1,-1
13,1,433,476,32,61,-1,-1,-1,-1
14,1,434,477,32,58,-1,-1,-1,-1
15,1,434,477,32,58,-1,-1,-1,-1
16,1,435,477,32,58,-1,-1,-1,-1
17,1,437,478,30,58,-1,-1,-1,-1
18,1,438,478,30,57,-1,-1,-1,-1
19,1,439,477,30,56,-1,-1,-1,-1
20,1,440,476,29,58,-1,-1,-1,-1
21,1,441,475,29,58,-1,-1,-1,-1
22,1,441,475,29,59,-1,-1,-1,-1
23,1,441,473,31,61,-1,-1,-1,-1
24,1,442,473,30,61,-1,-1,-1,-1
25,1,442,474,31,60,-1,-1,-1,-1
26,1,442,474,31,59,-1,-1,-1,-1
27,1,442,474,31,58,-1,-1,-1,-1
28,1,444,474,30,60,-1,-1,-1,-1
29,1,445,476,28,57,-1,-1,-1,-1
30,1,445,475,30,59,-1,-1,-1,-1
31,1,446,476,31,59,-1,-1,-1,-1
32,1,446,475,30,56,-1,-1,-1,-1
33,1,447,474,33,55,-1,-1,-1,-1
34,1,448,473,32,56,-1,-1,-1,-1
35,1,448,476,30,53,-1,-1,-1,-1
36,1,449,475,30,54,-1,-1,-1,-1
37,1,450,473,30,56,-1,-1,-1,-1
38,1,451,473,30,56,-1,-1,-1,-1
39,1,451,471,30,59,-1,-1,-1,-1
40,1,452,469,30,61,-1,-1,-1,-1
41,1,451,469,32,61,-1,-1,-1,-1
42,1,452,471,31,59,-1,-1,-1,-1
43,1,453,472,31,58,-1,-1,-1,-1
44,1,455,471,30,59,-1,-1,-1,-1
45,1,456,470,28,60,-1,-1,-1,-1
46,1,455,471,30,58,-1,-1,-1,-1
47,1,456,472,30,57,-1,-1,-1,-1
48,1,457,472,30,56,-1,-1,-1,-1
49,1,458,472,29,55,-1,-1,-1,-1
50,1,458,471,30,55,-1,-1,-1,-1
51,1,459,472,29,54,-1,-1,-1,-1
52,1,459,470,31,56,-1,-1,-1,-1
53,1,460,469,31,57,-1,-1,-1,-1
54,1,460,469,31,57,-1,-1,-1,-1
55,1,461,469,31,57,-1,-1,-1,-1
56,1,461,468,31,58,-1,-1,-1,-1
57,1,462,468,31,59,-1,-1,-1,-1
58,1,462,468,31,58,-1,-1,-1,-1
59,1,464,467,29,58,-1,-1,-1,-1
60,1,464,468,29,56,-1,-1,-1,-1
61,1,464,467,30,57,-1,-1,-1,-1
62,1,465,466,30,57,-1,-1,-1,-1
63,1,465,466,30,57,-1,-1,-1,-1
64,1,465,465,30,58,-1,-1,-1,-1
65,1,465,465,33,56,-1,-1,-1,-1
66,1,466,465,30,57,-1,-1,-1,-1
67,1,466,465,33,56,-1,-1,-1,-1
68,1,466,465,33,55,-1,-1,-1,-1
69,1,467,467,32,53,-1,-1,-1,-1
70,1,468,467,31,53,-1,-1,-1,-1
71,1,468,467,31,53,-1,-1,-1,-1
72,1,469,467,31,53,-1,-1,-1,-1
73,1,470,468,30,51,-1,-1,-1,-1
74,1,471,467,28,52,-1,-1,-1,-1
75,1,472,466,28,53,-1,-1,-1,-1
76,1,472,465,27,52,-1,-1,-1,-1
77,1,472,464,28,52,-1,-1,-1,-1
78,1,472,463,27,52,-1,-1,-1,-1
79,1,472,464,27,52,-1,-1,-1,-1
80,1,472,462,27,53,-1,-1,-1,-1
81,1,472,459,28,56,-1,-1,-1,-1
82,1,473,465,27,53,-1,-1,-1,-1
83,1,474,462,26,54,-1,-1,-1,-1
84,1,477,457,26,59,-1,-1,-1,-1
85,1,476,456,26,60,-1,-1,-1,-1
86,1,476,460,26,54,-1,-1,-1,-1
87,1,476,458,26,56,-1,-1,-1,-1
88,1,477,454,26,59,-1,-1,-1,-1
89,1,477,448,28,65,-1,-1,-1,-1
90,1,477,448,28,65,-1,-1,-1,-1
91,1,478,447,27,65,-1,-1,-1,-1
92,1,478,448,27,65,-1,-1,-1,-1
93,1,478,448,28,63,-1,-1,-1,-1
94,1,478,445,28,67,-1,-1,-1,-1
95,1,479,449,27,61,-1,-1,-1,-1
96,1,480,457,24,51,-1,-1,-1,-1
97,1,480,458,24,50,-1,-1,-1,-1
98,1,481,455,25,54,-1,-1,-1,-1
99,1,480,459,26,51,-1,-1,-1,-1
100,1,480,458,26,52,-1,-1,-1,-1
101,1,478,451,29,60,-1,-1,-1,-1
102,1,479,456,28,54,-1,-1,-1,-1
103,1,479,458,27,54,-1,-1,-1,-1
104,1,479,462,28,49,-1,-1,-1,-1
105,1,479,459,27,52,-1,-1,-1,-1
106,1,480,452,28,56,-1,-1,-1,-1
107,1,481,451,28,57,-1,-1,-1,-1
108,1,481,450,27,58,-1,-1,-1,-1
109,1,482,450,27,56,-1,-1,-1,-1
110,1,481,451,28,56,-1,-1,-1,-1
111,1,482,449,28,58,-1,-1,-1,-1
112,1,483,449,27,56,-1,-1,-1,-1
113,1,483,449,28,56,-1,-1,-1,-1
114,1,483,448,29,59,-1,-1,-1,-1
115,1,483,449,30,58,-1,-1,-1,-1
116,1,485,447,29,56,-1,-1,-1,-1
117,1,486,447,28,56,-1,-1,-1,-1
118,1,484,447,29,58,-1,-1,-1,-1
119,1,485,447,29,57,-1,-1,-1,-1
120,1,486,447,28,58,-1,-1,-1,-1
121,1,487,447,28,54,-1,-1,-1,-1
122,1,487,447,27,56,-1,-1,-1,-1
123,1,487,446,28,53,-1,-1,-1,-1
124,1,488,445,28,51,-1,-1,-1,-1
125,1,488,444,28,49,-1,-1,-1,-1
126,1,488,443,28,51,-1,-1,-1,-1
127,1,488,443,28,52,-1,-1,-1,-1
128,1,488,443,29,55,-1,-1,-1,-1
129,1,488,444,30,52,-1,-1,-1,-1
130,1,488,444,30,56,-1,-1,-1,-1
131,1,487,445,32,57,-1,-1,-1,-1
132,1,491,445,30,58,-1,-1,-1,-1
133,1,489,445,31,56,-1,-1,-1,-1
134,1,491,445,31,58,-1,-1,-1,-1
135,1,491,445,32,59,-1,-1,-1,-1
136,1,494,446,29,52,-1,-1,-1,-1
137,1,494,444,31,56,-1,-1,-1,-1
138,1,495,444,30,56,-1,-1,-1,-1
139,1,495,444,30,54,-1,-1,-1,-1
140,1,496,443,29,54,-1,-1,-1,-1
141,1,497,443,28,55,-1,-1,-1,-1
142,1,496,442,29,54,-1,-1,-1,-1
143,1,496,443,29,52,-1,-1,-1,-1
361,2,1245,287,18,30,-1,-1,-1,-1
362,2,1244,288,17,31,-1,-1,-1,-1
363,2,1242,288,18,32,-1,-1,-1,-1
364,2,1243,288,17,31,-1,-1,-1,-1
365,2,1242,288,18,31,-1,-1,-1,-1
369,2,1240,287,18,28,-1,-1,-1,-1
370,2,1239,287,17,27,-1,-1,-1,-1
371,2,1238,287,18,28,-1,-1,-1,-1
372,2,1238,287,17,27,-1,-1,-1,-1
373,2,1237,287,18,28,-1,-1,-1,-1
374,2,1236,288,19,30,-1,-1,-1,-1
375,2,1236,289,19,30,-1,-1,-1,-1
376,2,1236,289,18,29,-1,-1,-1,-1
377,2,1235,289,18,28,-1,-1,-1,-1
378,2,1235,289,18,28,-1,-1,-1,-1
379,2,1235,289,17,27,-1,-1,-1,-1
380,2,1235,288,16,27,-1,-1,-1,-1
381,2,1234,288,17,27,-1,-1,-1,-1
382,2,1234,288,17,27,-1,-1,-1,-1
383,2,1234,288,16,27,-1,-1,-1,-1
384,2,1233,289,17,27,-1,-1,-1,-1
385,2,1233,289,17,27,-1,-1,-1,-1
386,2,1232,288,16,27,-1,-1,-1,-1
387,2,1231,288,16,27,-1,-1,-1,-1
388,2,1230,289,17,27,-1,-1,-1,-1
389,2,1228,288,16,27,-1,-1,-1,-1
390,2,1227,287,15,28,-1,-1,-1,-1
391,2,1227,286,15,28,-1,-1,-1,-1
392,2,1227,286,15,28,-1,-1,-1,-1
393,2,1226,286,15,27,-1,-1,-1,-1
394,2,1226,287,15,28,-1,-1,-1,-1
395,2,1225,286,15,28,-1,-1,-1,-1
396,2,1225,286,14,28,-1,-1,-1,-1
145,1,496,443,28,52,-1,-1,-1,-1
146,1,496,443,28,51,-1,-1,-1,-1
147,1,497,444,28,51,-1,-1,-1,-1
148,1,496,445,28,54,-1,-1,-1,-1
149,1,497,445,28,55,-1,-1,-1,-1
150,1,497,445,28,54,-1,-1,-1,-1
151,1,498,444,28,54,-1,-1,-1,-1
152,1,498,444,28,55,-1,-1,-1,-1
153,1,499,444,28,54,-1,-1,-1,-1
154,1,499,444,28,54,-1,-1,-1,-1
155,1,500,443,28,55,-1,-1,-1,-1
156,1,500,443,29,54,-1,-1,-1,-1
157,1,501,443,28,53,-1,-1,-1,-1
158,1,501,443,28,54,-1,-1,-1,-1
159,1,502,443,28,55,-1,-1,-1,-1
160,1,502,442,29,55,-1,-1,-1,-1
161,1,502,441,29,56,-1,-1,-1,-1
162,1,502,441,29,56,-1,-1,-1,-1
163,1,502,441,29,56,-1,-1,-1,-1
164,1,506,441,27,56,-1,-1,-1,-1
165,1,502,439,31,58,-1,-1,-1,-1
166,1,503,439,31,57,-1,-1,-1,-1
167,1,503,440,31,55,-1,-1,-1,-1
168,1,504,439,31,56,-1,-1,-1,-1
169,1,506,438,31,58,-1,-1,-1,-1
170,1,504,439,32,58,-1,-1,-1,-1
171,1,505,439,30,56,-1,-1,-1,-1
172,1,508,438,28,55,-1,-1,-1,-1
173,1,507,438,30,55,-1,-1,-1,-1
174,1,508,438,30,56,-1,-1,-1,-1
175,1,507,438,31,56,-1,-1,-1,-1
176,1,508,438,30,56,-1,-1,-1,-1
177,1,508,438,30,56,-1,-1,-1,-1
178,1,510,437,28,56,-1,-1,-1,-1
179,1,510,437,28,55,-1,-1,-1,-1
180,1,511,436,27,56,-1,-1,-1,-1
181,1,511,437,27,54,-1,-1,-1,-1
182,1,511,436,27,54,-1,-1,-1,-1
183,1,511,435,27,55,-1,-1,-1,-1
184,1,512,434,27,55,-1,-1,-1,-1
185,1,512,434,27,55,-1,-1,-1,-1
186,1,513,433,27,56,-1,-1,-1,-1
187,1,513,432,28,57,-1,-1,-1,-1
188,1,513,433,28,56,-1,-1,-1,-1
189,1,513,433,28,56,-1,-1,-1,-1
190,1,513,433,28,55,-1,-1,-1,-1
191,1,513,434,28,54,-1,-1,-1,-1
192,1,513,433,28,55,-1,-1,-1,-1
193,1,513,433,29,55,-1,-1,-1,-1
194,1,514,432,28,56,-1,-1,-1,-1
195,1,514,433,29,54,-1,-1,-1,-1
196,1,514,432,29,54,-1,-1,-1,-1
197,1,515,432,29,54,-1,-1,-1,-1
198,1,516,432,28,54,-1,-1,-1,-1
199,1,516,432,28,53,-1,-1,-1,-1
200,1,516,431,28,54,-1,-1,-1,-1
201,1,516,431,28,54,-1,-1,-1,-1
202,1,516,430,28,54,-1,-1,-1,-1
203,1,516,430,29,54,-1,-1,-1,-1
204,1,516,429,28,55,-1,-1,-1,-1
205,1,516,428,29,55,-1,-1,-1,-1
206,1,516,428,29,55,-1,-1,-1,-1
207,1,516,429,29,54,-1,-1,-1,-1
208,1,517,428,28,55,-1,-1,-1,-1
209,1,518,428,27,54,-1,-1,-1,-1
210,1,517,427,28,55,-1,-1,-1,-1
211,1,518,428,27,54,-1,-1,-1,-1
212,1,517,428,28,54,-1,-1,-1,-1
213,1,518,428,27,54,-1,-1,-1,-1
214,1,518,428,27,54,-1,-1,-1,-1
215,1,518,427,27,54,-1,-1,-1,-1
216,1,518,427,26,53,-1,-1,-1,-1
217,1,518,426,26,54,-1,-1,-1,-1
218,1,518,426,27,54,-1,-1,-1,-1
219,1,519,427,26,53,-1,-1,-1,-1
220,1,519,426,26,54,-1,-1,-1,-1
221,1,519,426,26,54,-1,-1,-1,-1
222,1,519,426,26,53,-1,-1,-1,-1
223,1,519,425,27,55,-1,-1,-1,-1
224,1,519,424,27,56,-1,-1,-1,-1
225,1,519,424,28,55,-1,-1,-1,-1
226,1,520,424,27,54,-1,-1,-1,-1
227,1,519,423,28,55,-1,-1,-1,-1
228,1,519,423,28,55,-1,-1,-1,-1
229,1,519,424,28,53,-1,-1,-1,-1
230,1,519,424,28,54,-1,-1,-1,-1
231,1,520,424,28,53,-1,-1,-1,-1
232,1,520,424,28,53,-1,-1,-1,-1
233,1,521,424,27,52,-1,-1,-1,-1
234,1,520,424,28,51,-1,-1,-1,-1
235,1,519,424,28,51,-1,-1,-1,-1
236,1,519,424,28,51,-1,-1,-1,-1
237,1,519,423,28,51,-1,-1,-1,-1
238,1,519,423,28,51,-1,-1,-1,-1
239,1,519,423,28,51,-1,-1,-1,-1
240,1,518,422,29,53,-1,-1,-1,-1
241,1,519,422,28,52,-1,-1,-1,-1
242,1,519,423,29,50,-1,-1,-1,-1
243,1,519,422,29,51,-1,-1,-1,-1
244,1,520,422,28,50,-1,-1,-1,-1
245,1,519,421,27,53,-1,-1,-1,-1
246,1,519,421,27,52,-1,-1,-1,-1
247,1,519,421,27,52,-1,-1,-1,-1
248,1,519,421,26,52,-1,-1,-1,-1
249,1,519,421,27,52,-1,-1,-1,-1
250,1,519,420,27,51,-1,-1,-1,-1
251,1,519,421,27,51,-1,-1,-1,-1
252,1,519,421,27,52,-1,-1,-1,-1
253,1,520,421,26,52,-1,-1,-1,-1
254,1,519,421,26,51,-1,-1,-1,-1
255,1,520,421,26,51,-1,-1,-1,-1
256,1,520,420,26,51,-1,-1,-1,-1
257,1,520,419,26,52,-1,-1,-1,-1
258,1,520,419,26,52,-1,-1,-1,-1
259,1,520,419,26,51,-1,-1,-1,-1
260,1,519,418,28,53,-1,-1,-1,-1
261,1,520,418,26,52,-1,-1,-1,-1
262,1,520,419,26,52,-1,-1,-1,-1
263,1,520,419,26,51,-1,-1,-1,-1
264,1,520,419,26,51,-1,-1,-1,-1
265,1,520,419,25,51,-1,-1,-1,-1
266,1,519,419,27,50,-1,-1,-1,-1
267,1,520,419,26,50,-1,-1,-1,-1
268,1,520,419,26,51,-1,-1,-1,-1
269,1,520,419,26,50,-1,-1,-1,-1
270,1,522,418,25,49,-1,-1,-1,-1
271,1,522,418,25,49,-1,-1,-1,-1
272,1,522,418,25,48,-1,-1,-1,-1
273,1,524,417,24,49,-1,-1,-1,-1
274,1,523,417,24,49,-1,-1,-1,-1
275,1,523,416,25,50,-1,-1,-1,-1
276,1,524,415,24,50,-1,-1,-1,-1
277,1,525,415,24,50,-1,-1,-1,-1
278,1,525,415,24,50,-1,-1,-1,-1
279,1,524,415,25,50,-1,-1,-1,-1
280,1,525,414,25,51,-1,-1,-1,-1
281,1,525,417,25,45,-1,-1,-1,-1
282,1,526,414,25,51,-1,-1,-1,-1
283,1,526,417,25,44,-1,-1,-1,-1
284,1,526,416,25,45,-1,-1,-1,-1
285,1,526,415,26,46,-1,-1,-1,-1
286,1,526,415,26,46,-1,-1,-1,-1
287,1,527,414,26,48,-1,-1,-1,-1
288,1,527,414,26,48,-1,-1,-1,-1
289,1,527,414,26,49,-1,-1,-1,-1
290,1,528,414,25,49,-1,-1,-1,-1
291,1,527,413,26,51,-1,-1,-1,-1
292,1,527,413,26,51,-1,-1,-1,-1
293,1,528,414,26,48,-1,-1,-1,-1
294,1,528,413,26,50,-1,-1,-1,-1
295,1,528,413,27,50,-1,-1,-1,-1
296,1,528,413,27,47,-1,-1,-1,-1
297,1,529,413,26,46,-1,-1,-1,-1
298,1,529,412,26,47,-1,-1,-1,-1
299,1,530,413,26,46,-1,-1,-1,-1
300,1,530,412,26,47,-1,-1,-1,-1
301,1,530,413,26,46,-1,-1,-1,-1
302,1,531,413,25,46,-1,-1,-1,-1
303,1,531,413,25,46,-1,-1,-1,-1
304,1,531,413,26,46,-1,-1,-1,-1
305,1,531,413,26,47,-1,-1,-1,-1
306,1,532,412,25,48,-1,-1,-1,-1
307,1,532,412,25,47,-1,-1,-1,-1
308,1,533,411,24,47,-1,-1,-1,-1
309,1,533,411,25,47,-1,-1,-1,-1
310,1,533,411,25,47,-1,-1,-1,-1
311,1,534,411,25,47,-1,-1,-1,-1
312,1,534,411,25,47,-1,-1,-1,-1
313,1,535,411,25,47,-1,-1,-1,-1
314,1,535,412,26,46,-1,-1,-1,-1
315,1,535,412,27,47,-1,-1,-1,-1
316,1,537,412,26,46,-1,-1,-1,-1
317,1,536,412,26,46,-1,-1,-1,-1
318,1,537,413,26,45,-1,-1,-1,-1
319,1,537,412,25,46,-1,-1,-1,-1
320,1,537,412,25,45,-1,-1,-1,-1
321,1,537,412,26,44,-1,-1,-1,-1
322,1,537,411,29,47,-1,-1,-1,-1
323,1,539,409,27,47,-1,-1,-1,-1
324,1,540,410,26,45,-1,-1,-1,-1
325,1,540,411,26,43,-1,-1,-1,-1
326,1,540,410,26,44,-1,-1,-1,-1
327,1,539,410,28,44,-1,-1,-1,-1
328,1,540,409,28,44,-1,-1,-1,-1
329,1,539,408,29,45,-1,-1,-1,-1
330,1,539,409,29,44,-1,-1,-1,-1
331,1,539,409,29,44,-1,-1,-1,-1
332,1,539,409,29,45,-1,-1,-1,-1
333,1,538,409,30,44,-1,-1,-1,-1
334,1,538,409,29,45,-1,-1,-1,-1
335,1,538,409,29,46,-1,-1,-1,-1
336,1,538,410,29,44,-1,-1,-1,-1
337,1,538,410,29,45,-1,-1,-1,-1
338,1,538,410,29,44,-1,-1,-1,-1
339,1,544,412,22,44,-1,-1,-1,-1
340,1,545,411,22,43,-1,-1,-1,-1
341,1,538,409,29,44,-1,-1,-1,-1
342,1,538,409,29,44,-1,-1,-1,-1
343,1,537,409,29,44,-1,-1,-1,-1
344,1,538,409,29,44,-1,-1,-1,-1
345,1,537,409,30,43,-1,-1,-1,-1
346,1,537,409,30,43,-1,-1,-1,-1
347,1,537,409,30,44,-1,-1,-1,-1
348,1,538,409,29,44,-1,-1,-1,-1
349,1,538,409,30,44,-1,-1,-1,-1
350,1,538,409,29,44,-1,-1,-1,-1
351,1,539,409,28,44,-1,-1,-1,-1
352,1,538,409,29,44,-1,-1,-1,-1
353,1,538,409,29,45,-1,-1,-1,-1
354,1,538,409,29,44,-1,-1,-1,-1
355,1,538,409,29,44,-1,-1,-1,-1
356,1,538,409,29,44,-1,-1,-1,-1
357,1,538,409,28,43,-1,-1,-1,-1
358,1,539,410,28,43,-1,-1,-1,-1
359,1,539,410,28,43,-1,-1,-1,-1
360,1,541,408,27,45,-1,-1,-1,-1
361,1,543,409,25,46,-1,-1,-1,-1
362,1,541,408,26,44,-1,-1,-1,-1
363,1,543,409,25,45,-1,-1,-1,-1
364,1,541,409,27,44,-1,-1,-1,-1
365,1,544,409,23,46,-1,-1,-1,-1
366,1,542,408,25,44,-1,-1,-1,-1
367,1,545,411,22,43,-1,-1,-1,-1
368,1,545,410,21,44,-1,-1,-1,-1
369,1,546,408,21,46,-1,-1,-1,-1
370,1,546,410,21,44,-1,-1,-1,-1
371,1,546,409,22,46,-1,-1,-1,-1
372,1,546,411,21,44,-1,-1,-1,-1
373,1,545,410,21,45,-1,-1,-1,-1
374,1,545,409,22,45,-1,-1,-1,-1
375,1,545,409,22,47,-1,-1,-1,-1
376,1,544,409,24,46,-1,-1,-1,-1
377,1,545,408,23,47,-1,-1,-1,-1
378,1,545,408,23,46,-1,-1,-1,-1
379,1,545,408,23,46,-1,-1,-1,-1
380,1,545,408,23,45,-1,-1,-1,-1
381,1,545,408,23,46,-1,-1,-1,-1
382,1,544,410,25,44,-1,-1,-1,-1
383,1,546,409,24,45,-1,-1,-1,-1
384,1,546,409,24,45,-1,-1,-1,-1
385,1,546,410,24,45,-1,-1,-1,-1
386,1,546,411,25,43,-1,-1,-1,-1
387,1,546,411,25,43,-1,-1,-1,-1
388,1,546,411,26,44,-1,-1,-1,-1
389,1,547,413,26,45,-1,-1,-1,-1
390,1,547,414,28,45,-1,-1,-1,-1
391,1,550,415,29,45,-1,-1,-1,-1
392,1,559,415,24,47,-1,-1,-1,-1
393,1,554,415,30,48,-1,-1,-1,-1
394,1,558,414,26,48,-1,-1,-1,-1
395,1,554,414,32,47,-1,-1,-1,-1
396,1,557,413,27,47,-1,-1,-1,-1
397,1,555,413,28,47,-1,-1,-1,-1
398,1,557,413,27,49,-1,-1,-1,-1
399,1,555,414,28,45,-1,-1,-1,-1
400,1,558,413,26,48,-1,-1,-1,-1
401,1,559,413,25,46,-1,-1,-1,-1
402,1,560,413,24,46,-1,-1,-1,-1
403,1,558,412,25,49,-1,-1,-1,-1
404,1,558,412,26,49,-1,-1,-1,-1
405,1,556,412,28,49,-1,-1,-1,-1
406,1,559,413,24,48,-1,-1,-1,-1
407,1,560,413,24,49,-1,-1,-1,-1
408,1,560,413,23,48,-1,-1,-1,-1
409,1,560,413,25,48,-1,-1,-1,-1
410,1,561,412,22,50,-1,-1,-1,-1
411,1,559,412,24,50,-1,-1,-1,-1
412,1,560,412,23,50,-1,-1,-1,-1
413,1,561,413,22,49,-1,-1,-1,-1
414,1,560,414,24,48,-1,-1,-1,-1
415,1,561,413,22,49,-1,-1,-1,-1
416,1,560,414,23,48,-1,-1,-1,-1
417,1,561,413,22,50,-1,-1,-1,-1
418,1,559,414,25,48,-1,-1,-1,-1
419,1,557,416,29,45,-1,-1,-1,-1
420,1,558,416,25,46,-1,-1,-1,-1
421,1,560,415,24,48,-1,-1,-1,-1
422,1,557,415,26,47,-1,-1,-1,-1
423,1,560,414,24,48,-1,-1,-1,-1
424,1,558,413,29,49,-1,-1,-1,-1
425,1,556,413,28,49,-1,-1,-1,-1
426,1,555,412,28,51,-1,-1,-1,-1
427,1,557,412,24,49,-1,-1,-1,-1
428,1,556,412,28,51,-1,-1,-1,-1
429,1,558,412,25,52,-1,-1,-1,-1
430,1,557,413,26,51,-1,-1,-1,-1
431,1,556,412,27,52,-1,-1,-1,-1
432,1,556,412,27,51,-1,-1,-1,-1
433,1,555,412,29,51,-1,-1,-1,-1
434,1,555,414,27,48,-1,-1,-1,-1
435,1,554,413,28,49,-1,-1,-1,-1
436,1,555,414,28,47,-1,-1,-1,-1
437,1,554,414,29,47,-1,-1,-1,-1
438,1,554,412,30,48,-1,-1,-1,-1
439,1,554,412,30,48,-1,-1,-1,-1
440,1,554,413,29,48,-1,-1,-1,-1
441,1,554,413,29,48,-1,-1,-1,-1
442,1,555,413,29,49,-1,-1,-1,-1
443,1,554,412,29,50,-1,-1,-1,-1
444,1,555,413,29,49,-1,-1,-1,-1
445,1,557,414,26,48,-1,-1,-1,-1
446,1,559,413,24,50,-1,-1,-1,-1
447,1,557,413,27,49,-1,-1,-1,-1
448,1,558,414,25,49,-1,-1,-1,-1
449,1,558,414,23,49,-1,-1,-1,-1
450,1,558,414,24,49,-1,-1,-1,-1
451,1,558,414,25,48,-1,-1,-1,-1
452,1,557,414,26,48,-1,-1,-1,-1
453,1,557,413,25,49,-1,-1,-1,-1
454,1,556,414,25,48,-1,-1,-1,-1
455,1,554,417,23,44,-1,-1,-1,-1
456,1,556,415,24,46,-1,-1,-1,-1
457,1,556,415,24,47,-1,-1,-1,-1
458,1,558,414,23,47,-1,-1,-1,-1
459,1,556,414,25,47,-1,-1,-1,-1
460,1,554,417,22,43,-1,-1,-1,-1
461,1,553,414,24,46,-1,-1,-1,-1
462,1,554,417,21,43,-1,-1,-1,-1
463,1,554,414,24,46,-1,-1,-1,-1
464,1,553,417,21,43,-1,-1,-1,-1
465,1,554,416,20,44,-1,-1,-1,-1
466,1,554,416,20,44,-1,-1,-1,-1
467,1,554,417,21,43,-1,-1,-1,-1
468,1,554,417,21,43,-1,-1,-1,-1
469,1,554,417,21,43,-1,-1,-1,-1
470,1,554,417,21,43,-1,-1,-1,-1
398,2,1224,287,14,27,-1,-1,-1,-1
399,2,1223,287,15,28,-1,-1,-1,-1
400,2,1223,286,15,29,-1,-1,-1,-1
401,2,1222,286,16,30,-1,-1,-1,-1
402,2,1222,286,16,28,-1,-1,-1,-1
403,2,1221,287,16,28,-1,-1,-1,-1
404,2,1221,287,15,27,-1,-1,-1,-1
405,2,1220,287,16,29,-1,-1,-1,-1
406,2,1220,287,16,28,-1,-1,-1,-1
407,2,1220,289,15,26,-1,-1,-1,-1
408,2,1220,288,15,26,-1,-1,-1,-1
409,2,1219,289,16,25,-1,-1,-1,-1
410,2,1219,288,15,25,-1,-1,-1,-1
411,2,1219,288,15,26,-1,-1,-1,-1
412,2,1219,288,15,26,-1,-1,-1,-1
413,2,1218,288,15,26,-1,-1,-1,-1
414,2,1217,287,15,26,-1,-1,-1,-1
415,2,1217,287,13,26,-1,-1,-1,-1
416,2,1216,286,14,27,-1,-1,-1,-1
417,2,1216,286,14,27,-1,-1,-1,-1
418,2,1215,286,13,26,-1,-1,-1,-1
419,2,1214,284,12,26,-1,-1,-1,-1
420,2,1214,283,12,27,-1,-1,-1,-1
421,2,1214,283,12,27,-1,-1,-1,-1
422,2,1214,283,12,27,-1,-1,-1,-1
423,2,1213,284,12,26,-1,-1,-1,-1
424,2,1212,284,12,27,-1,-1,-1,-1
425,2,1211,284,13,26,-1,-1,-1,-1
426,2,1210,284,14,27,-1,-1,-1,-1
427,2,1209,283,14,28,-1,-1,-1,-1
428,2,1209,284,14,26,-1,-1,-1,-1
429,2,1208,283,15,27,-1,-1,-1,-1
430,2,1208,283,14,27,-1,-1,-1,-1
431,2,1207,283,15,28,-1,-1,-1,-1
432,2,1207,283,15,27,-1,-1,-1,-1
433,2,1206,282,15,29,-1,-1,-1,-1
434,2,1205,282,15,29,-1,-1,-1,-1
435,2,1204,282,16,28,-1,-1,-1,-1
436,2,1204,282,16,28,-1,-1,-1,-1
437,2,1204,283,15,28,-1,-1,-1,-1
438,2,1204,283,15,27,-1,-1,-1,-1
439,2,1203,283,14,27,-1,-1,-1,-1
440,2,1203,283,14,27,-1,-1,-1,-1
441,2,1202,284,14,26,-1,-1,-1,-1
442,2,1202,284,13,26,-1,-1,-1,-1
443,2,1202,283,13,26,-1,-1,-1,-1
444,2,1201,284,14,26,-1,-1,-1,-1
445,2,1201,283,13,26,-1,-1,-1,-1
446,2,1201,283,12,26,-1,-1,-1,-1
447,2,1200,283,13,26,-1,-1,-1,-1
448,2,1200,284,12,25,-1,-1,-1,-1
449,2,1200,283,12,26,-1,-1,-1,-1
450,2,1199,283,12,26,-1,-1,-1,-1
451,2,1199,283,12,25,-1,-1,-1,-1
452,2,1198,283,12,26,-1,-1,-1,-1
453,2,1198,283,12,26,-1,-1,-1,-1
454,2,1197,282,12,27,-1,-1,-1,-1
455,2,1195,283,14,26,-1,-1,-1,-1
456,2,1194,283,14,26,-1,-1,-1,-1
457,2,1194,283,13,26,-1,-1,-1,-1
458,2,1193,282,14,26,-1,-1,-1,-1
459,2,1193,282,14,27,-1,-1,-1,-1
460,2,1192,282,14,27,-1,-1,-1,-1
461,2,1191,282,15,26,-1,-1,-1,-1
462,2,1190,282,16,27,-1,-1,-1,-1
463,2,1190,282,15,27,-1,-1,-1,-1
464,2,1188,282,16,27,-1,-1,-1,-1
465,2,1189,282,15,27,-1,-1,-1,-1
466,2,1189,282,15,27,-1,-1,-1,-1
467,2,1189,282,14,27,-1,-1,-1,-1
468,2,1188,282,15,27,-1,-1,-1,-1
469,2,1187,283,15,26,-1,-1,-1,-1
470,2,1186,283,15,27,-1,-1,-1,-1
471,2,1186,283,14,27,-1,-1,-1,-1
472,2,1186,283,13,26,-1,-1,-1,-1
473,2,1186,283,13,26,-1,-1,-1,-1
474,2,1185,282,14,26,-1,-1,-1,-1
475,2,1185,282,14,26,-1,-1,-1,-1
476,2,1185,282,13,26,-1,-1,-1,-1
477,2,1184,282,14,26,-1,-1,-1,-1
478,2,1184,281,14,27,-1,-1,-1,-1
479,2,1184,282,13,26,-1,-1,-1,-1
480,2,1183,282,13,26,-1,-1,-1,-1
481,2,1183,282,13,26,-1,-1,-1,-1
482,2,1182,281,14,26,-1,-1,-1,-1
483,2,1181,281,14,26,-1,-1,-1,-1
484,2,1180,281,14,27,-1,-1,-1,-1
485,2,1179,281,14,26,-1,-1,-1,-1
486,2,1177,281,15,26,-1,-1,-1,-1
487,2,1177,281,15,26,-1,-1,-1,-1
488,2,1176,281,15,26,-1,-1,-1,-1
489,2,1176,281,15,26,-1,-1,-1,-1
490,2,1176,281,15,26,-1,-1,-1,-1
491,2,1175,281,16,25,-1,-1,-1,-1
492,2,1174,281,16,26,-1,-1,-1,-1
493,2,1173,281,16,26,-1,-1,-1,-1
494,2,1173,281,16,26,-1,-1,-1,-1
495,2,1173,281,16,26,-1,-1,-1,-1
496,2,1172,280,17,28,-1,-1,-1,-1
497,2,1172,280,16,28,-1,-1,-1,-1
498,2,1171,280,16,28,-1,-1,-1,-1
499,2,1170,281,16,28,-1,-1,-1,-1
500,2,1170,281,15,27,-1,-1,-1,-1
501,2,1170,281,15,27,-1,-1,-1,-1
502,2,1169,281,16,27,-1,-1,-1,-1
503,2,1169,281,16,27,-1,-1,-1,-1
504,2,1168,281,16,27,-1,-1,-1,-1
505,2,1168,281,15,27,-1,-1,-1,-1
506,2,1168,281,15,27,-1,-1,-1,-1
507,2,1168,281,14,27,-1,-1,-1,-1
508,2,1167,281,15,26,-1,-1,-1,-1
509,2,1167,281,14,25,-1,-1,-1,-1
510,2,1166,281,15,25,-1,-1,-1,-1
511,2,1166,281,15,25,-1,-1,-1,-1
512,2,1165,280,16,26,-1,-1,-1,-1
513,2,1164,280,16,26,-1,-1,-1,-1
514,2,1163,280,17,26,-1,-1,-1,-1
515,2,1160,279,18,28,-1,-1,-1,-1
516,2,1161,279,17,27,-1,-1,-1,-1
517,2,1161,279,17,27,-1,-1,-1,-1
518,2,1161,279,16,27,-1,-1,-1,-1
519,2,1161,279,16,26,-1,-1,-1,-1
520,2,1160,279,16,27,-1,-1,-1,-1
521,2,1160,279,16,26,-1,-1,-1,-1
522,2,1159,279,17,27,-1,-1,-1,-1
523,2,1159,280,17,26,-1,-1,-1,-1
524,2,1157,279,16,27,-1,-1,-1,-1
525,2,1158,279,17,27,-1,-1,-1,-1
526,2,1157,279,17,27,-1,-1,-1,-1
527,2,1157,279,17,27,-1,-1,-1,-1
528,2,1156,278,17,28,-1,-1,-1,-1
529,2,1155,278,18,28,-1,-1,-1,-1
530,2,1155,278,17,27,-1,-1,-1,-1
531,2,1155,280,16,26,-1,-1,-1,-1
532,2,1155,280,16,27,-1,-1,-1,-1
533,2,1154,280,15,25,-1,-1,-1,-1
481,1,554,417,21,43,-1,-1,-1,-1
482,1,554,417,22,43,-1,-1,-1,-1
483,1,554,417,23,44,-1,-1,-1,-1
484,1,556,414,26,47,-1,-1,-1,-1
485,1,557,414,25,47,-1,-1,-1,-1
486,1,560,413,22,49,-1,-1,-1,-1
487,1,556,415,26,46,-1,-1,-1,-1
488,1,557,415,25,46,-1,-1,-1,-1
489,1,556,415,26,46,-1,-1,-1,-1
490,1,557,415,27,47,-1,-1,-1,-1
491,1,556,414,25,47,-1,-1,-1,-1
492,1,555,414,27,47,-1,-1,-1,-1
493,1,556,414,27,47,-1,-1,-1,-1
494,1,560,413,21,49,-1,-1,-1,-1
495,1,556,414,26,47,-1,-1,-1,-1
496,1,557,414,26,47,-1,-1,-1,-1
497,1,558,414,25,48,-1,-1,-1,-1
498,1,558,414,25,48,-1,-1,-1,-1
499,1,558,414,26,48,-1,-1,-1,-1
500,1,558,414,26,48,-1,-1,-1,-1
501,1,559,414,24,47,-1,-1,-1,-1
502,1,559,414,25,48,-1,-1,-1,-1
503,1,558,414,26,48,-1,-1,-1,-1
504,1,557,414,28,48,-1,-1,-1,-1
505,1,556,413,28,49,-1,-1,-1,-1
506,1,556,413,29,49,-1,-1,-1,-1
507,1,556,413,29,49,-1,-1,-1,-1
508,1,555,413,30,49,-1,-1,-1,-1
509,1,554,413,30,49,-1,-1,-1,-1
510,1,555,413,28,49,-1,-1,-1,-1
511,1,554,412,29,48,-1,-1,-1,-1
512,1,555,413,29,49,-1,-1,-1,-1
513,1,554,414,29,49,-1,-1,-1,-1
514,1,554,412,29,49,-1,-1,-1,-1
515,1,555,412,29,49,-1,-1,-1,-1
516,1,555,413,28,50,-1,-1,-1,-1
517,1,555,413,27,50,-1,-1,-1,-1
518,1,555,412,27,51,-1,-1,-1,-1
519,1,555,412,27,51,-1,-1,-1,-1
520,1,555,412,27,50,-1,-1,-1,-1
521,1,554,412,28,49,-1,-1,-1,-1
522,1,555,412,28,50,-1,-1,-1,-1
523,1,555,412,28,50,-1,-1,-1,-1
524,1,557,412,25,49,-1,-1,-1,-1
525,1,556,412,28,51,-1,-1,-1,-1
526,1,557,412,27,50,-1,-1,-1,-1
527,1,559,412,26,50,-1,-1,-1,-1
528,1,559,412,26,50,-1,-1,-1,-1
529,1,560,412,25,50,-1,-1,-1,-1
530,1,560,413,24,48,-1,-1,-1,-1
531,1,559,412,26,50,-1,-1,-1,-1
532,1,557,412,28,49,-1,-1,-1,-1
533,1,558,410,25,51,-1,-1,-1,-1
534,1,557,412,28,50,-1,-1,-1,-1
535,1,559,411,25,49,-1,-1,-1,-1
536,1,558,412,27,50,-1,-1,-1,-1
537,1,558,412,27,50,-1,-1,-1,-1
538,1,557,412,28,50,-1,-1,-1,-1
539,1,559,412,26,49,-1,-1,-1,-1
540,1,559,412,26,49,-1,-1,-1,-1
541,1,559,412,26,50,-1,-1,-1,-1
542,1,559,412,24,48,-1,-1,-1,-1
543,1,556,413,29,48,-1,-1,-1,-1
544,1,557,413,27,48,-1,-1,-1,-1
545,1,559,412,24,48,-1,-1,-1,-1
546,1,558,413,26,49,-1,-1,-1,-1
547,1,558,412,26,50,-1,-1,-1,-1
548,1,558,412,27,50,-1,-1,-1,-1
549,1,558,413,27,49,-1,-1,-1,-1
550,1,556,412,28,49,-1,-1,-1,-1
551,1,554,412,30,50,-1,-1,-1,-1
552,1,554,411,30,49,-1,-1,-1,-1
553,1,554,413,30,47,-1,-1,-1,-1
554,1,557,412,27,50,-1,-1,-1,-1
555,1,556,413,28,48,-1,-1,-1,-1
556,1,557,413,25,49,-1,-1,-1,-1
557,1,554,414,27,46,-1,-1,-1,-1
558,1,554,414,27,45,-1,-1,-1,-1
559,1,554,414,27,46,-1,-1,-1,-1
560,1,553,414,23,44,-1,-1,-1,-1
561,1,554,413,27,47,-1,-1,-1,-1
562,1,555,413,26,47,-1,-1,-1,-1
563,1,552,411,26,45,-1,-1,-1,-1
564,1,553,414,28,45,-1,-1,-1,-1
565,1,553,413,27,47,-1,-1,-1,-1
566,1,552,414,29,46,-1,-1,-1,-1
567,1,552,414,27,46,-1,-1,-1,-1
568,1,554,414,27,46,-1,-1,-1,-1
569,1,553,413,28,46,-1,-1,-1,-1
570,1,552,410,26,45,-1,-1,-1,-1
571,1,551,409,24,46,-1,-1,-1,-1
572,1,551,410,25,45,-1,-1,-1,-1
573,1,551,410,24,44,-1,-1,-1,-1
574,1,552,410,22,45,-1,-1,-1,-1
575,1,552,414,22,45,-1,-1,-1,-1
576,1,550,413,24,45,-1,-1,-1,-1
577,1,546,412,28,42,-1,-1,-1,-1
578,1,551,413,21,45,-1,-1,-1,-1
579,1,547,411,25,42,-1,-1,-1,-1
580,1,547,411,25,43,-1,-1,-1,-1
581,1,546,412,25,42,-1,-1,-1,-1
582,1,547,411,25,43,-1,-1,-1,-1
583,1,547,412,25,42,-1,-1,-1,-1
584,1,546,412,25,42,-1,-1,-1,-1
585,1,546,412,24,42,-1,-1,-1,-1
586,1,547,412,23,40,-1,-1,-1,-1
587,1,546,411,24,41,-1,-1,-1,-1
588,1,546,411,24,43,-1,-1,-1,-1
589,1,546,410,24,45,-1,-1,-1,-1
590,1,547,409,22,44,-1,-1,-1,-1
591,1,546,409,23,44,-1,-1,-1,-1
592,1,547,409,23,44,-1,-1,-1,-1
593,1,546,409,23,44,-1,-1,-1,-1
594,1,548,409,21,45,-1,-1,-1,-1
595,1,544,410,25,43,-1,-1,-1,-1
596,1,544,411,24,42,-1,-1,-1,-1
597,1,544,410,25,45,-1,-1,-1,-1
598,1,544,410,24,43,-1,-1,-1,-1
599,1,544,410,23,45,-1,-1,-1,-1
600,1,545,410,23,44,-1,-1,-1,-1
601,1,545,411,23,43,-1,-1,-1,-1
602,1,546,410,21,45,-1,-1,-1,-1
603,1,546,409,21,47,-1,-1,-1,-1
604,1,545,410,22,45,-1,-1,-1,-1
605,1,545,410,22,44,-1,-1,-1,-1
606,1,546,409,22,45,-1,-1,-1,-1
607,1,545,410,23,45,-1,-1,-1,-1
608,1,543,409,25,45,-1,-1,-1,-1
609,1,543,411,26,44,-1,-1,-1,-1
610,1,546,410,22,45,-1,-1,-1,-1
611,1,547,411,21,44,-1,-1,-1,-1
612,1,544,412,24,42,-1,-1,-1,-1
613,1,545,412,22,42,-1,-1,-1,-1
614,1,545,412,22,41,-1,-1,-1,-1
615,1,545,413,22,40,-1,-1,-1,-1
616,1,545,414,22,40,-1,-1,-1,-1
617,1,545,413,24,42,-1,-1,-1,-1
618,1,544,414,24,39,-1,-1,-1,-1
541,7,1150,279,14,25,-1,-1,-1,-1
542,7,1149,278,15,26,-1,-1,-1,-1
543,7,1149,278,14,25,-1,-1,-1,-1
544,7,1149,277,13,26,-1,-1,-1,-1
545,7,1149,277,13,26,-1,-1,-1,-1
546,7,1147,277,15,27,-1,-1,-1,-1
547,7,1145,277,17,27,-1,-1,-1,-1
548,7,1145,277,17,27,-1,-1,-1,-1
549,7,1146,278,16,25,-1,-1,-1,-1
550,7,1145,277,17,25,-1,-1,-1,-1
551,7,1145,277,17,25,-1,-1,-1,-1
552,7,1144,276,16,29,-1,-1,-1,-1
553,7,1143,277,16,28,-1,-1,-1,-1
554,7,1142,278,17,27,-1,-1,-1,-1
555,7,1142,277,18,26,-1,-1,-1,-1
556,7,1141,277,16,27,-1,-1,-1,-1
557,7,1141,278,16,27,-1,-1,-1,-1
558,7,1141,277,15,27,-1,-1,-1,-1
559,7,1141,278,15,26,-1,-1,-1,-1
560,7,1141,277,15,27,-1,-1,-1,-1
561,7,1140,278,15,26,-1,-1,-1,-1
562,7,1140,278,14,25,-1,-1,-1,-1
563,7,1138,278,14,25,-1,-1,-1,-1
564,7,1138,277,13,26,-1,-1,-1,-1
565,7,1138,276,14,27,-1,-1,-1,-1
566,7,1137,277,14,26,-1,-1,-1,-1
567,7,1137,277,14,26,-1,-1,-1,-1
568,7,1136,277,15,26,-1,-1,-1,-1
569,7,1136,276,15,27,-1,-1,-1,-1
570,7,1135,276,16,27,-1,-1,-1,-1
571,7,1134,277,16,26,-1,-1,-1,-1
572,7,1133,276,17,27,-1,-1,-1,-1
573,7,1132,276,18,27,-1,-1,-1,-1
574,7,1131,276,19,26,-1,-1,-1,-1
575,7,1130,276,18,26,-1,-1,-1,-1
576,7,1130,276,18,26,-1,-1,-1,-1
577,7,1130,276,17,26,-1,-1,-1,-1
578,7,1129,275,18,27,-1,-1,-1,-1
579,7,1129,275,18,27,-1,-1,-1,-1
580,7,1129,276,18,26,-1,-1,-1,-1
581,7,1129,275,18,27,-1,-1,-1,-1
582,7,1128,275,19,28,-1,-1,-1,-1
583,7,1128,275,18,28,-1,-1,-1,-1
584,7,1128,275,18,28,-1,-1,-1,-1
585,7,1126,275,18,27,-1,-1,-1,-1
586,7,1127,274,18,29,-1,-1,-1,-1
587,7,1127,274,18,29,-1,-1,-1,-1
588,7,1127,274,18,28,-1,-1,-1,-1
589,7,1127,273,18,29,-1,-1,-1,-1
590,7,1126,275,18,26,-1,-1,-1,-1
591,7,1126,276,17,25,-1,-1,-1,-1
592,7,1125,275,17,27,-1,-1,-1,-1
593,7,1126,276,16,25,-1,-1,-1,-1
594,7,1126,276,16,25,-1,-1,-1,-1
595,7,1125,276,16,25,-1,-1,-1,-1
596,7,1123,276,16,25,-1,-1,-1,-1
597,7,1122,277,14,24,-1,-1,-1,-1
598,7,1121,277,14,24,-1,-1,-1,-1
599,7,1120,276,15,25,-1,-1,-1,-1
600,7,1119,276,15,25,-1,-1,-1,-1
601,7,1119,275,16,26,-1,-1,-1,-1
602,7,1119,275,16,26,-1,-1,-1,-1
603,7,1118,276,16,25,-1,-1,-1,-1
604,7,1117,275,17,25,-1,-1,-1,-1
605,7,1116,275,18,25,-1,-1,-1,-1
606,7,1115,275,17,25,-1,-1,-1,-1
607,7,1115,275,16,25,-1,-1,-1,-1
608,7,1115,274,16,26,-1,-1,-1,-1
609,7,1115,275,16,25,-1,-1,-1,-1
610,7,1114,274,17,26,-1,-1,-1,-1
611,7,1114,274,17,26,-1,-1,-1,-1
612,7,1114,274,16,26,-1,-1,-1,-1
613,7,1113,274,17,26,-1,-1,-1,-1
614,7,1113,274,17,27,-1,-1,-1,-1
615,7,1111,275,18,26,-1,-1,-1,-1
616,7,1112,274,17,27,-1,-1,-1,-1
617,7,1110,275,18,25,-1,-1,-1,-1
618,7,1110,274,18,26,-1,-1,-1,-1
619,7,1110,275,17,25,-1,-1,-1,-1
620,7,1110,274,17,26,-1,-1,-1,-1
621,7,1110,274,17,25,-1,-1,-1,-1
622,7,1109,274,16,24,-1,-1,-1,-1
623,7,1108,273,15,25,-1,-1,-1,-1
624,7,1107,274,16,24,-1,-1,-1,-1
625,7,1107,274,15,24,-1,-1,-1,-1
626,7,1106,272,15,27,-1,-1,-1,-1
627,7,1105,272,15,27,-1,-1,-1,-1
628,7,1105,273,15,26,-1,-1,-1,-1
629,7,1103,273,16,26,-1,-1,-1,-1
630,7,1104,274,15,25,-1,-1,-1,-1
631,7,1103,272,15,27,-1,-1,-1,-1
632,7,1102,272,15,27,-1,-1,-1,-1
633,7,1102,272,15,27,-1,-1,-1,-1
634,7,1102,272,16,26,-1,-1,-1,-1
635,7,1102,272,16,26,-1,-1,-1,-1
636,7,1101,272,17,26,-1,-1,-1,-1
637,7,1102,273,15,25,-1,-1,-1,-1
639,8,1099,278,14,26,-1,-1,-1,-1
640,8,1099,279,14,25,-1,-1,-1,-1
641,8,1098,279,15,25,-1,-1,-1,-1
642,8,1098,278,15,25,-1,-1,-1,-1
643,8,1097,278,16,26,-1,-1,-1,-1
644,8,1097,278,16,26,-1,-1,-1,-1
645,8,1097,277,16,26,-1,-1,-1,-1
646,8,1097,278,15,26,-1,-1,-1,-1
647,8,1097,276,17,26,-1,-1,-1,-1
648,8,1097,275,17,27,-1,-1,-1,-1
649,8,1096,275,17,27,-1,-1,-1,-1
650,8,1095,275,17,26,-1,-1,-1,-1
651,8,1095,275,16,26,-1,-1,-1,-1
652,8,1095,276,16,25,-1,-1,-1,-1
653,8,1094,277,16,24,-1,-1,-1,-1
655,9,1092,277,14,24,-1,-1,-1,-1
656,9,1092,277,13,25,-1,-1,-1,-1
657,9,1091,277,13,24,-1,-1,-1,-1
658,9,1090,276,13,25,-1,-1,-1,-1
660,9,1088,275,16,26,-1,-1,-1,-1
661,9,1087,275,17,25,-1,-1,-1,-1
662,9,1087,274,17,26,-1,-1,-1,-1
663,9,1087,275,16,26,-1,-1,-1,-1
664,9,1086,275,17,26,-1,-1,-1,-1
665,9,1084,274,17,26,-1,-1,-1,-1
666,9,1084,274,17,26,-1,-1,-1,-1
667,9,1083,273,18,28,-1,-1,-1,-1
668,9,1083,273,18,27,-1,-1,-1,-1
669,9,1083,273,17,27,-1,-1,-1,-1
670,9,1083,272,17,27,-1,-1,-1,-1
671,9,1084,273,16,26,-1,-1,-1,-1
672,9,1083,274,17,26,-1,-1,-1,-1
673,9,1083,274,16,26,-1,-1,-1,-1
675,9,1083,274,16,25,-1,-1,-1,-1
676,9,1082,274,17,25,-1,-1,-1,-1
677,9,1080,274,17,25,-1,-1,-1,-1
678,9,1080,274,17,25,-1,-1,-1,-1
679,9,1079,273,18,26,-1,-1,-1,-1
680,9,1079,274,17,25,-1,-1,-1,-1
681,9,1079,274,17,26,-1,-1,-1,-1
682,9,1078,275,17,25,-1,-1,-1,-1
683,9,1076,277,16,24,-1,-1,-1,-1
684,9,1076,278,15,24,-1,-1,-1,-1
685,9,1077,275,16,26,-1,-1,-1,-1
687,9,1076,277,16,26,-1,-1,-1,-1
688,9,1075,278,15,23,-1,-1,-1,-1
689,9,1074,278,16,24,-1,-1,-1,-1
690,9,1074,277,16,24,-1,-1,-1,-1
691,9,1073,277,16,24,-1,-1,-1,-1
692,9,1072,276,17,25,-1,-1,-1,-1
693,9,1072,276,17,25,-1,-1,-1,-1
694,9,1071,277,18,25,-1,-1,-1,-1
695,9,1070,277,18,26,-1,-1,-1,-1
696,9,1070,278,18,25,-1,-1,-1,-1
697,9,1069,277,18,26,-1,-1,-1,-1
698,9,1069,277,17,26,-1,-1,-1,-1
699,9,1069,275,17,27,-1,-1,-1,-1
700,9,1068,276,18,27,-1,-1,-1,-1
701,9,1068,275,18,26,-1,-1,-1,-1
702,9,1068,273,18,26,-1,-1,-1,-1
712,13,1064,273,17,26,-1,-1,-1,-1
713,13,1064,273,16,26,-1,-1,-1,-1
714,13,1063,273,16,26,-1,-1,-1,-1
723,14,1059,268,16,27,-1,-1,-1,-1
724,14,1058,266,17,29,-1,-1,-1,-1
725,14,1057,267,18,28,-1,-1,-1,-1
726,14,1056,265,18,30,-1,-1,-1,-1
727,14,1054,267,19,29,-1,-1,-1,-1
728,14,1053,269,19,26,-1,-1,-1,-1
729,14,1052,267,20,28,-1,-1,-1,-1
730,14,1052,268,20,28,-1,-1,-1,-1
731,14,1052,268,19,28,-1,-1,-1,-1
734,15,1050,271,18,27,-1,-1,-1,-1
735,15,1050,271,17,27,-1,-1,-1,-1
736,15,1050,273,16,25,-1,-1,-1,-1
737,15,1049,273,17,25,-1,-1,-1,-1
738,15,1049,271,17,27,-1,-1,-1,-1
739,15,1048,271,17,27,-1,-1,-1,-1
740,15,1048,272,17,26,-1,-1,-1,-1
741,15,1048,272,18,26,-1,-1,-1,-1
742,15,1048,272,18,26,-1,-1,-1,-1
743,15,1048,273,17,26,-1,-1,-1,-1
744,15,1047,272,18,26,-1,-1,-1,-1
745,15,1046,271,18,27,-1,-1,-1,-1
746,15,1046,270,17,27,-1,-1,-1,-1
781,16,1033,266,15,26,-1,-1,-1,-1
782,16,1032,266,16,27,-1,-1,-1,-1
783,16,1032,265,15,26,-1,-1,-1,-1
784,16,1031,266,16,26,-1,-1,-1,-1
785,16,1030,265,16,26,-1,-1,-1,-1
786,16,1030,266,16,25,-1,-1,-1,-1
787,16,1030,265,16,26,-1,-1,-1,-1
788,16,1030,265,17,27,-1,-1,-1,-1
789,16,1030,266,16,26,-1,-1,-1,-1
790,16,1030,266,15,25,-1,-1,-1,-1
791,16,1030,265,15,26,-1,-1,-1,-1
792,16,1029,265,16,26,-1,-1,-1,-1
793,16,1028,265,17,26,-1,-1,-1,-1
794,16,1027,265,17,25,-1,-1,-1,-1
795,16,1025,264,18,27,-1,-1,-1,-1
796,16,1025,265,17,26,-1,-1,-1,-1
797,16,1024,265,17,26,-1,-1,-1,-1
798,16,1023,265,17,27,-1,-1,-1,-1
800,16,1022,265,17,27,-1,-1,-1,-1
801,16,1022,264,17,27,-1,-1,-1,-1
802,16,1022,264,17,27,-1,-1,-1,-1
803,16,1021,264,18,28,-1,-1,-1,-1
804,16,1020,265,16,27,-1,-1,-1,-1
805,16,1020,265,17,29,-1,-1,-1,-1
806,16,1019,266,16,29,-1,-1,-1,-1
807,16,1019,267,16,28,-1,-1,-1,-1
808,16,1020,267,15,28,-1,-1,-1,-1
809,16,1019,266,15,28,-1,-1,-1,-1
810,16,1017,264,16,29,-1,-1,-1,-1
811,16,1016,260,18,35,-1,-1,-1,-1
812,16,1016,261,18,32,-1,-1,-1,-1
815,18,1015,265,17,30,-1,-1,-1,-1
816,18,1015,264,17,30,-1,-1,-1,-1
817,18,1015,264,16,30,-1,-1,-1,-1
818,18,1015,266,16,31,-1,-1,-1,-1
819,18,1015,267,15,30,-1,-1,-1,-1
820,18,1016,266,15,30,-1,-1,-1,-1
821,18,1013,268,16,30,-1,-1,-1,-1
822,18,1015,265,15,30,-1,-1,-1,-1
823,18,1013,265,16,29,-1,-1,-1,-1
824,18,1013,266,15,28,-1,-1,-1,-1
825,18,1013,266,15,28,-1,-1,-1,-1
830,19,1009,267,15,31,-1,-1,-1,-1
831,19,1006,265,17,31,-1,-1,-1,-1
832,19,1007,266,16,30,-1,-1,-1,-1
833,19,1007,266,16,29,-1,-1,-1,-1
834,19,1006,266,17,28,-1,-1,-1,-1
835,19,1006,268,16,27,-1,-1,-1,-1
836,19,1007,267,15,28,-1,-1,-1,-1
837,19,1006,266,17,30,-1,-1,-1,-1
838,19,1007,267,15,29,-1,-1,-1,-1
839,19,1004,262,17,30,-1,-1,-1,-1
840,19,1004,260,17,31,-1,-1,-1,-1
841,19,1003,259,18,32,-1,-1,-1,-1
842,19,1003,259,18,32,-1,-1,-1,-1
843,19,1003,260,18,33,-1,-1,-1,-1
844,19,1002,259,19,32,-1,-1,-1,-1
845,19,1002,258,20,33,-1,-1,-1,-1
846,19,1001,258,19,32,-1,-1,-1,-1
847,19,1001,258,19,32,-1,-1,-1,-1
848,19,1001,259,20,32,-1,-1,-1,-1
849,19,1001,261,19,30,-1,-1,-1,-1
850,19,1002,263,17,28,-1,-1,-1,-1
851,19,1001,262,17,28,-1,-1,-1,-1
852,19,1002,264,16,27,-1,-1,-1,-1
853,19,1002,264,14,27,-1,-1,-1,-1
894,20,981,263,15,26,-1,-1,-1,-1
895,20,981,264,14,27,-1,-1,-1,-1
896,20,979,263,15,27,-1,-1,-1,-1
897,20,979,263,15,28,-1,-1,-1,-1
898,20,978,264,15,27,-1,-1,-1,-1
899,20,976,264,16,28,-1,-1,-1,-1
900,20,976,263,16,31,-1,-1,-1,-1
901,20,975,263,18,31,-1,-1,-1,-1
902,20,975,264,17,29,-1,-1,-1,-1
903,20,975,264,17,29,-1,-1,-1,-1
904,20,975,264,17,30,-1,-1,-1,-1
906,20,974,263,16,30,-1,-1,-1,-1
907,20,973,262,18,31,-1,-1,-1,-1
908,20,973,262,18,31,-1,-1,-1,-1
909,20,973,262,18,30,-1,-1,-1,-1
910,20,972,261,19,31,-1,-1,-1,-1
911,20,972,261,18,30,-1,-1,-1,-1
912,20,972,261,19,32,-1,-1,-1,-1
913,20,972,262,18,30,-1,-1,-1,-1
914,20,972,262,18,30,-1,-1,-1,-1
915,20,972,262,17,29,-1,-1,-1,-1
916,20,971,262,17,29,-1,-1,-1,-1
921,20,971,260,18,29,-1,-1,-1,-1
922,20,971,260,17,30,-1,-1,-1,-1
923,20,971,261,16,29,-1,-1,-1,-1
924,20,971,264,16,28,-1,-1,-1,-1
