509,0,1889,1007,27,63,-1,-1,-1,-1
510,0,1885,1002,31,74,-1,-1,-1,-1
511,0,1882,1001,34,76,-1,-1,-1,-1
512,0,1881,998,35,79,-1,-1,-1,-1
513,0,1883,997,34,73,-1,-1,-1,-1
514,0,1880,997,37,74,-1,-1,-1,-1
515,0,1876,998,42,80,-1,-1,-1,-1
516,0,1884,996,32,77,-1,-1,-1,-1
517,0,1875,995,42,76,-1,-1,-1,-1
518,0,1875,992,40,80,-1,-1,-1,-1
519,0,1874,991,39,80,-1,-1,-1,-1
520,0,1872,990,45,80,-1,-1,-1,-1
521,0,1872,989,45,82,-1,-1,-1,-1
522,0,1874,990,40,79,-1,-1,-1,-1
523,0,1871,990,45,80,-1,-1,-1,-1
524,0,1867,991,49,78,-1,-1,-1,-1
525,0,1865,991,48,84,-1,-1,-1,-1
526,0,1865,990,48,84,-1,-1,-1,-1
527,0,1860,990,54,85,-1,-1,-1,-1
528,0,1861,991,52,83,-1,-1,-1,-1
529,0,1864,988,46,84,-1,-1,-1,-1
530,0,1860,987,51,85,-1,-1,-1,-1
531,0,1859,989,50,83,-1,-1,-1,-1
532,0,1859,988,50,81,-1,-1,-1,-1
533,0,1858,985,47,76,-1,-1,-1,-1
534,0,1858,987,45,77,-1,-1,-1,-1
535,0,1853,988,49,78,-1,-1,-1,-1
536,0,1852,985,46,82,-1,-1,-1,-1
537,0,1846,984,52,84,-1,-1,-1,-1
538,0,1842,982,57,91,-1,-1,-1,-1
539,0,1842,980,52,90,-1,-1,-1,-1
540,0,1842,979,51,90,-1,-1,-1,-1
541,0,1841,978,49,90,-1,-1,-1,-1
542,0,1841,976,49,96,-1,-1,-1,-1
543,0,1834,978,55,89,-1,-1,-1,-1
544,0,1831,977,52,92,-1,-1,-1,-1
545,0,1826,970,59,99,-1,-1,-1,-1
546,0,1831,969,53,100,-1,-1,-1,-1
547,0,1823,966,63,106,-1,-1,-1,-1
548,0,1822,968,63,102,-1,-1,-1,-1
549,0,1822,968,59,102,-1,-1,-1,-1
550,0,1819,968,63,95,-1,-1,-1,-1
551,0,1818,967,59,95,-1,-1,-1,-1
552,0,1818,968,60,98,-1,-1,-1,-1
553,0,1815,965,61,100,-1,-1,-1,-1
554,0,1815,964,60,93,-1,-1,-1,-1
555,0,1814,965,54,91,-1,-1,-1,-1
556,0,1817,964,55,99,-1,-1,-1,-1
557,0,1808,964,56,91,-1,-1,-1,-1
558,0,1804,962,57,92,-1,-1,-1,-1
559,0,1799,959,62,93,-1,-1,-1,-1
560,0,1800,960,57,96,-1,-1,-1,-1
561,0,1797,960,53,87,-1,-1,-1,-1
562,0,1794,961,56,86,-1,-1,-1,-1
563,0,1791,960,56,84,-1,-1,-1,-1
564,0,1793,958,57,91,-1,-1,-1,-1
565,0,1793,953,61,105,-1,-1,-1,-1
566,0,1788,958,60,95,-1,-1,-1,-1
567,0,1784,953,64,102,-1,-1,-1,-1
568,0,1784,951,62,103,-1,-1,-1,-1
569,0,1779,951,61,99,-1,-1,-1,-1
570,0,1773,948,72,104,-1,-1,-1,-1
571,0,1770,947,68,100,-1,-1,-1,-1
572,0,1768,945,66,105,-1,-1,-1,-1
573,0,1769,947,60,101,-1,-1,-1,-1
574,0,1767,945,63,100,-1,-1,-1,-1
575,0,1766,945,61,102,-1,-1,-1,-1
576,0,1761,945,63,100,-1,-1,-1,-1
577,0,1760,945,61,99,-1,-1,-1,-1
578,0,1753,944,66,100,-1,-1,-1,-1
579,0,1753,942,63,98,-1,-1,-1,-1
580,0,1750,943,64,100,-1,-1,-1,-1
581,0,1746,943,63,101,-1,-1,-1,-1
582,0,1746,944,58,97,-1,-1,-1,-1
583,0,1743,942,60,97,-1,-1,-1,-1
584,0,1739,941,62,99,-1,-1,-1,-1
585,0,1738,939,60,97,-1,-1,-1,-1
586,0,1729,935,71,106,-1,-1,-1,-1
587,0,1728,940,61,89,-1,-1,-1,-1
588,0,1731,936,61,100,-1,-1,-1,-1
589,0,1722,937,67,95,-1,-1,-1,-1
590,0,1714,935,79,98,-1,-1,-1,-1
591,0,1713,934,78,99,-1,-1,-1,-1
592,0,1709,931,73,97,-1,-1,-1,-1
593,0,1710,930,70,99,-1,-1,-1,-1
594,0,1705,928,73,103,-1,-1,-1,-1
595,0,1704,923,73,105,-1,-1,-1,-1
596,0,1701,923,74,101,-1,-1,-1,-1
597,0,1700,921,75,105,-1,-1,-1,-1
598,0,1704,923,62,103,-1,-1,-1,-1
599,0,1698,920,70,107,-1,-1,-1,-1
600,0,1694,921,73,104,-1,-1,-1,-1
601,0,1695,917,69,110,-1,-1,-1,-1
602,0,1688,918,78,109,-1,-1,-1,-1
603,0,1683,917,82,110,-1,-1,-1,-1
604,0,1688,921,64,99,-1,-1,-1,-1
605,0,1685,919,70,101,-1,-1,-1,-1
606,0,1681,914,71,104,-1,-1,-1,-1
607,0,1680,915,64,99,-1,-1,-1,-1
608,0,1674,912,66,106,-1,-1,-1,-1
609,0,1671,912,66,106,-1,-1,-1,-1
610,0,1670,912,67,105,-1,-1,-1,-1
611,0,1665,914,71,101,-1,-1,-1,-1
612,0,1676,914,55,101,-1,-1,-1,-1
613,0,1675,913,57,104,-1,-1,-1,-1
614,0,1665,908,64,109,-1,-1,-1,-1
615,0,1660,910,64,103,-1,-1,-1,-1
616,0,1657,905,65,103,-1,-1,-1,-1
617,0,1659,903,62,108,-1,-1,-1,-1
618,0,1652,904,67,104,-1,-1,-1,-1
619,0,1654,901,62,108,-1,-1,-1,-1
620,0,1653,900,62,106,-1,-1,-1,-1
621,0,1650,902,63,99,-1,-1,-1,-1
622,0,1653,902,55,99,-1,-1,-1,-1
623,0,1649,900,60,103,-1,-1,-1,-1
624,0,1646,900,63,103,-1,-1,-1,-1
625,0,1640,898,66,105,-1,-1,-1,-1
626,0,1638,898,65,105,-1,-1,-1,-1
627,0,1636,898,64,105,-1,-1,-1,-1
628,0,1634,899,66,104,-1,-1,-1,-1
629,0,1635,896,60,102,-1,-1,-1,-1
630,0,1632,894,61,106,-1,-1,-1,-1
631,0,1629,897,58,101,-1,-1,-1,-1
632,0,1628,898,57,98,-1,-1,-1,-1
633,0,1627,897,56,94,-1,-1,-1,-1
634,0,1627,897,54,90,-1,-1,-1,-1
635,0,1622,893,55,82,-1,-1,-1,-1
636,0,1618,889,53,88,-1,-1,-1,-1
637,0,1613,889,62,93,-1,-1,-1,-1
639,0,1609,884,60,95,-1,-1,-1,-1
640,0,1619,879,51,96,-1,-1,-1,-1
641,0,1612,882,56,102,-1,-1,-1,-1
642,0,1612,884,55,104,-1,-1,-1,-1
643,0,1610,885,54,96,-1,-1,-1,-1
644,0,1610,880,55,98,-1,-1,-1,-1
645,0,1607,881,55,98,-1,-1,-1,-1
646,0,1608,879,52,95,-1,-1,-1,-1
647,0,1605,870,50,102,-1,-1,-1,-1
648,0,1605,872,52,103,-1,-1,-1,-1
649,0,1587,856,61,106,-1,-1,-1,-1
650,0,1591,849,54,96,-1,-1,-1,-1
651,0,1592,854,49,97,-1,-1,-1,-1
652,0,1595,868,47,94,-1,-1,-1,-1
653,0,1584,852,61,118,-1,-1,-1,-1
654,0,1585,863,56,104,-1,-1,-1,-1
655,0,1583,858,58,104,-1,-1,-1,-1
656,0,1582,847,54,105,-1,-1,-1,-1
657,0,1585,847,50,109,-1,-1,-1,-1
658,0,1578,849,56,104,-1,-1,-1,-1
659,0,1580,858,52,101,-1,-1,-1,-1
660,0,1575,858,53,93,-1,-1,-1,-1
661,0,1576,854,55,102,-1,-1,-1,-1
662,0,1573,853,56,101,-1,-1,-1,-1
663,0,1572,852,56,101,-1,-1,-1,-1
664,0,1569,855,57,95,-1,-1,-1,-1
665,0,1575,854,49,93,-1,-1,-1,-1
666,0,1569,852,52,101,-1,-1,-1,-1
667,0,1576,850,44,98,-1,-1,-1,-1
668,0,1562,861,48,77,-1,-1,-1,-1
676,2,1543,860,39,84,-1,-1,-1,-1
677,2,1541,854,44,96,-1,-1,-1,-1
678,2,1547,850,39,92,-1,-1,-1,-1
679,2,1544,843,46,106,-1,-1,-1,-1
670,0,1556,857,48,87,-1,-1,-1,-1
671,0,1560,852,48,91,-1,-1,-1,-1
672,0,1553,852,50,94,-1,-1,-1,-1
673,0,1552,851,47,91,-1,-1,-1,-1
674,0,1552,850,46,93,-1,-1,-1,-1
675,0,1549,848,46,101,-1,-1,-1,-1
676,0,1558,856,51,94,-1,-1,-1,-1
677,0,1557,866,40,82,-1,-1,-1,-1
678,0,1559,846,44,93,-1,-1,-1,-1
679,0,1558,851,48,96,-1,-1,-1,-1
680,0,1541,840,54,107,-1,-1,-1,-1
681,0,1541,837,57,108,-1,-1,-1,-1
682,0,1542,842,53,107,-1,-1,-1,-1
683,0,1545,837,52,114,-1,-1,-1,-1
684,0,1542,838,56,112,-1,-1,-1,-1
685,0,1539,834,59,114,-1,-1,-1,-1
686,0,1543,835,54,109,-1,-1,-1,-1
687,0,1546,832,51,104,-1,-1,-1,-1
688,0,1544,830,53,106,-1,-1,-1,-1
689,0,1543,834,54,98,-1,-1,-1,-1
690,0,1538,827,63,111,-1,-1,-1,-1
691,0,1537,826,58,110,-1,-1,-1,-1
692,0,1537,827,57,103,-1,-1,-1,-1
693,0,1541,829,48,95,-1,-1,-1,-1
694,0,1538,829,54,98,-1,-1,-1,-1
695,0,1538,828,53,101,-1,-1,-1,-1
696,0,1538,824,53,107,-1,-1,-1,-1
697,0,1538,824,48,107,-1,-1,-1,-1
698,0,1538,821,46,112,-1,-1,-1,-1
699,0,1537,825,47,105,-1,-1,-1,-1
700,0,1536,828,44,101,-1,-1,-1,-1
701,0,1532,820,50,108,-1,-1,-1,-1
702,0,1532,826,48,101,-1,-1,-1,-1
703,0,1532,821,48,105,-1,-1,-1,-1
704,0,1532,821,46,98,-1,-1,-1,-1
705,0,1529,812,48,107,-1,-1,-1,-1
706,0,1527,810,49,109,-1,-1,-1,-1
707,0,1524,810,51,111,-1,-1,-1,-1
708,0,1523,806,53,113,-1,-1,-1,-1
709,0,1521,806,56,113,-1,-1,-1,-1
710,0,1520,805,58,112,-1,-1,-1,-1
711,0,1520,805,57,113,-1,-1,-1,-1
712,0,1519,806,58,112,-1,-1,-1,-1
713,0,1518,805,58,113,-1,-1,-1,-1
714,0,1516,805,61,112,-1,-1,-1,-1
715,0,1515,806,59,112,-1,-1,-1,-1
716,0,1514,803,62,115,-1,-1,-1,-1
717,0,1512,800,64,120,-1,-1,-1,-1
718,0,1509,800,67,118,-1,-1,-1,-1
719,0,1509,799,68,120,-1,-1,-1,-1
720,0,1510,799,65,118,-1,-1,-1,-1
721,0,1514,802,57,103,-1,-1,-1,-1
722,0,1514,797,51,99,-1,-1,-1,-1
723,0,1514,795,48,94,-1,-1,-1,-1
724,0,1513,794,48,95,-1,-1,-1,-1
725,0,1506,797,52,103,-1,-1,-1,-1
726,0,1506,794,53,103,-1,-1,-1,-1
727,0,1499,792,61,109,-1,-1,-1,-1
728,0,1494,786,66,117,-1,-1,-1,-1
729,0,1497,787,59,106,-1,-1,-1,-1
730,0,1494,784,62,111,-1,-1,-1,-1
731,0,1495,785,60,109,-1,-1,-1,-1
732,0,1496,784,55,104,-1,-1,-1,-1
733,0,1494,780,59,110,-1,-1,-1,-1
734,0,1492,778,61,117,-1,-1,-1,-1
735,0,1495,777,57,108,-1,-1,-1,-1
736,0,1495,776,57,108,-1,-1,-1,-1
737,0,1495,774,51,99,-1,-1,-1,-1
738,0,1494,778,48,92,-1,-1,-1,-1
739,0,1495,779,46,89,-1,-1,-1,-1
740,0,1490,775,52,94,-1,-1,-1,-1
741,0,1489,774,53,97,-1,-1,-1,-1
742,0,1489,775,48,93,-1,-1,-1,-1
743,0,1485,770,51,96,-1,-1,-1,-1
744,0,1484,770,52,94,-1,-1,-1,-1
745,0,1483,773,49,92,-1,-1,-1,-1
746,0,1483,770,48,96,-1,-1,-1,-1
747,0,1481,761,52,102,-1,-1,-1,-1
748,0,1481,767,49,96,-1,-1,-1,-1
749,0,1477,769,50,94,-1,-1,-1,-1
750,0,1478,765,51,100,-1,-1,-1,-1
751,0,1478,762,52,101,-1,-1,-1,-1
752,0,1477,763,50,97,-1,-1,-1,-1
753,0,1477,762,49,97,-1,-1,-1,-1
754,0,1478,759,50,101,-1,-1,-1,-1
755,0,1478,760,49,98,-1,-1,-1,-1
756,0,1476,758,51,100,-1,-1,-1,-1
757,0,1474,760,49,100,-1,-1,-1,-1
758,0,1475,756,53,102,-1,-1,-1,-1
759,0,1471,753,54,104,-1,-1,-1,-1
760,0,1473,751,54,105,-1,-1,-1,-1
761,0,1474,746,55,114,-1,-1,-1,-1
762,0,1472,747,56,108,-1,-1,-1,-1
763,0,1472,743,55,106,-1,-1,-1,-1
764,0,1471,740,56,107,-1,-1,-1,-1
765,0,1471,739,58,105,-1,-1,-1,-1
766,0,1476,738,52,104,-1,-1,-1,-1
767,0,1477,738,51,103,-1,-1,-1,-1
768,0,1475,739,51,107,-1,-1,-1,-1
769,0,1474,738,51,108,-1,-1,-1,-1
770,0,1472,736,55,108,-1,-1,-1,-1
771,0,1474,735,53,110,-1,-1,-1,-1
772,0,1472,734,55,108,-1,-1,-1,-1
773,0,1472,735,52,106,-1,-1,-1,-1
774,0,1471,733,53,108,-1,-1,-1,-1
775,0,1473,730,50,108,-1,-1,-1,-1
776,0,1474,729,53,104,-1,-1,-1,-1
777,0,1473,728,51,105,-1,-1,-1,-1
778,0,1472,728,51,105,-1,-1,-1,-1
779,0,1471,726,52,107,-1,-1,-1,-1
780,0,1471,725,53,105,-1,-1,-1,-1
781,0,1469,722,54,107,-1,-1,-1,-1
782,0,1467,718,57,109,-1,-1,-1,-1
783,0,1468,715,56,111,-1,-1,-1,-1
784,0,1468,714,56,111,-1,-1,-1,-1
785,0,1469,714,52,108,-1,-1,-1,-1
786,0,1467,715,53,108,-1,-1,-1,-1
787,0,1467,714,54,110,-1,-1,-1,-1
788,0,1469,712,52,110,-1,-1,-1,-1
789,0,1468,712,52,107,-1,-1,-1,-1
790,0,1468,710,54,110,-1,-1,-1,-1
791,0,1466,711,50,107,-1,-1,-1,-1
792,0,1464,712,51,106,-1,-1,-1,-1
793,0,1465,709,52,106,-1,-1,-1,-1
794,0,1466,710,49,102,-1,-1,-1,-1
795,0,1464,709,53,101,-1,-1,-1,-1
796,0,1464,709,52,99,-1,-1,-1,-1
797,0,1463,708,52,100,-1,-1,-1,-1
798,0,1464,707,50,101,-1,-1,-1,-1
799,0,1463,704,51,104,-1,-1,-1,-1
800,0,1460,702,54,105,-1,-1,-1,-1
801,0,1461,701,54,103,-1,-1,-1,-1
802,0,1459,698,55,105,-1,-1,-1,-1
803,0,1458,698,56,104,-1,-1,-1,-1
804,0,1457,693,56,104,-1,-1,-1,-1
805,0,1457,691,53,95,-1,-1,-1,-1
806,0,1457,692,52,95,-1,-1,-1,-1
807,0,1454,690,55,95,-1,-1,-1,-1
808,0,1452,690,54,95,-1,-1,-1,-1
809,0,1453,690,56,96,-1,-1,-1,-1
810,0,1452,690,52,92,-1,-1,-1,-1
811,0,1451,687,53,100,-1,-1,-1,-1
812,0,1450,684,55,98,-1,-1,-1,-1
813,0,1447,685,56,97,-1,-1,-1,-1
814,0,1450,687,53,94,-1,-1,-1,-1
815,0,1453,689,47,91,-1,-1,-1,-1
816,0,1451,688,47,93,-1,-1,-1,-1
817,0,1451,689,46,91,-1,-1,-1,-1
818,0,1445,687,48,90,-1,-1,-1,-1
819,0,1446,685,48,92,-1,-1,-1,-1
820,0,1443,683,49,90,-1,-1,-1,-1
821,0,1445,679,48,98,-1,-1,-1,-1
822,0,1444,681,46,91,-1,-1,-1,-1
823,0,1447,683,39,89,-1,-1,-1,-1
824,0,1443,677,45,102,-1,-1,-1,-1
825,0,1442,677,47,101,-1,-1,-1,-1
826,0,1439,672,51,105,-1,-1,-1,-1
827,0,1441,670,51,106,-1,-1,-1,-1
828,0,1436,667,52,109,-1,-1,-1,-1
829,0,1435,667,54,111,-1,-1,-1,-1
830,0,1436,666,52,106,-1,-1,-1,-1
831,0,1436,665,53,107,-1,-1,-1,-1
832,0,1433,665,55,105,-1,-1,-1,-1
833,0,1432,663,56,105,-1,-1,-1,-1
834,0,1434,660,58,112,-1,-1,-1,-1
835,0,1430,661,58,109,-1,-1,-1,-1
836,0,1428,660,59,108,-1,-1,-1,-1
837,0,1426,659,60,107,-1,-1,-1,-1
838,0,1426,659,59,107,-1,-1,-1,-1
839,0,1426,657,60,107,-1,-1,-1,-1
840,0,1426,657,58,105,-1,-1,-1,-1
841,0,1427,658,57,101,-1,-1,-1,-1
842,0,1426,656,55,102,-1,-1,-1,-1
843,0,1425,657,56,102,-1,-1,-1,-1
844,0,1425,656,55,103,-1,-1,-1,-1
845,0,1424,653,53,102,-1,-1,-1,-1
846,0,1425,653,50,101,-1,-1,-1,-1
847,0,1424,655,49,98,-1,-1,-1,-1
848,0,1424,655,48,94,-1,-1,-1,-1
849,0,1420,649,50,108,-1,-1,-1,-1
850,0,1421,649,47,104,-1,-1,-1,-1
851,0,1417,649,51,98,-1,-1,-1,-1
852,0,1418,648,52,96,-1,-1,-1,-1
853,0,1421,645,51,104,-1,-1,-1,-1
854,0,1423,651,47,98,-1,-1,-1,-1
855,0,1422,646,51,100,-1,-1,-1,-1
856,0,1422,647,50,100,-1,-1,-1,-1
857,0,1424,652,46,93,-1,-1,-1,-1
858,0,1418,655,43,80,-1,-1,-1,-1
859,0,1411,640,41,96,-1,-1,-1,-1
860,0,1417,649,43,92,-1,-1,-1,-1
861,0,1414,649,46,91,-1,-1,-1,-1
862,0,1415,638,41,81,-1,-1,-1,-1
1076,4,589,1003,46,67,-1,-1,-1,-1
1077,4,588,1011,48,62,-1,-1,-1,-1
1078,4,590,1012,47,61,-1,-1,-1,-1
1096,5,496,814,44,96,-1,-1,-1,-1
1097,5,497,807,48,99,-1,-1,-1,-1
1098,5,503,819,42,91,-1,-1,-1,-1
1099,5,506,826,47,87,-1,-1,-1,-1
1100,5,509,828,49,95,-1,-1,-1,-1
1101,5,513,840,48,97,-1,-1,-1,-1
1102,5,515,849,48,99,-1,-1,-1,-1
1103,5,522,853,51,110,-1,-1,-1,-1
1104,5,526,861,47,104,-1,-1,-1,-1
1105,5,526,869,50,108,-1,-1,-1,-1
1106,5,527,870,53,114,-1,-1,-1,-1
1107,5,534,876,53,113,-1,-1,-1,-1
1108,5,536,886,53,109,-1,-1,-1,-1
1109,5,541,893,50,103,-1,-1,-1,-1
1110,5,550,898,50,111,-1,-1,-1,-1
1111,5,550,910,49,110,-1,-1,-1,-1
1112,5,552,916,48,109,-1,-1,-1,-1
1113,5,560,923,43,103,-1,-1,-1,-1
1114,5,561,928,46,105,-1,-1,-1,-1
1115,5,563,936,45,107,-1,-1,-1,-1
1116,5,568,942,49,106,-1,-1,-1,-1
1117,5,567,947,56,110,-1,-1,-1,-1
1118,5,569,954,56,106,-1,-1,-1,-1
1119,5,576,961,46,100,-1,-1,-1,-1
1120,5,580,968,46,91,-1,-1,-1,-1
1121,5,584,975,47,90,-1,-1,-1,-1
1122,5,589,984,50,87,-1,-1,-1,-1
1123,5,593,992,49,82,-1,-1,-1,-1
1124,5,594,999,49,78,-1,-1,-1,-1
1125,5,601,1002,47,74,-1,-1,-1,-1
1126,5,604,1007,47,71,-1,-1,-1,-1
1127,5,611,1015,46,61,-1,-1,-1,-1
1128,5,617,1026,41,49,-1,-1,-1,-1
1129,5,619,1032,43,43,-1,-1,-1,-1
1130,5,622,1043,39,34,-1,-1,-1,-1
851,6,1405,644,44,90,-1,-1,-1,-1
852,6,1402,644,39,87,-1,-1,-1,-1
853,6,1401,648,41,85,-1,-1,-1,-1
854,6,1399,650,42,85,-1,-1,-1,-1
855,6,1400,651,41,84,-1,-1,-1,-1
856,6,1404,647,38,89,-1,-1,-1,-1
857,6,1400,653,40,84,-1,-1,-1,-1
858,6,1400,651,39,83,-1,-1,-1,-1
859,6,1398,645,39,84,-1,-1,-1,-1
860,6,1397,650,39,79,-1,-1,-1,-1
861,6,1396,650,38,82,-1,-1,-1,-1
862,6,1395,650,40,80,-1,-1,-1,-1
863,6,1394,648,39,79,-1,-1,-1,-1
864,6,1394,648,40,78,-1,-1,-1,-1
865,6,1392,651,39,72,-1,-1,-1,-1
866,6,1391,640,42,90,-1,-1,-1,-1
867,6,1391,639,44,95,-1,-1,-1,-1
868,6,1393,640,42,93,-1,-1,-1,-1
869,6,1390,628,53,105,-1,-1,-1,-1
870,6,1392,638,45,90,-1,-1,-1,-1
871,6,1393,642,45,89,-1,-1,-1,-1
872,6,1389,634,50,97,-1,-1,-1,-1
873,6,1391,635,44,93,-1,-1,-1,-1
874,6,1393,636,43,92,-1,-1,-1,-1
875,6,1392,633,44,94,-1,-1,-1,-1
876,6,1393,635,43,93,-1,-1,-1,-1
877,6,1391,637,43,87,-1,-1,-1,-1
878,6,1390,635,44,85,-1,-1,-1,-1
879,6,1385,627,48,97,-1,-1,-1,-1
880,6,1388,629,43,90,-1,-1,-1,-1
881,6,1389,631,39,92,-1,-1,-1,-1
882,6,1388,632,40,92,-1,-1,-1,-1
883,6,1386,627,46,91,-1,-1,-1,-1
884,6,1387,629,44,85,-1,-1,-1,-1
885,6,1387,630,43,82,-1,-1,-1,-1
886,6,1386,630,41,82,-1,-1,-1,-1
887,6,1384,631,41,78,-1,-1,-1,-1
888,6,1384,634,40,75,-1,-1,-1,-1
889,6,1383,637,39,70,-1,-1,-1,-1
890,6,1384,637,39,73,-1,-1,-1,-1
891,6,1383,636,40,75,-1,-1,-1,-1
892,6,1383,632,41,75,-1,-1,-1,-1
893,6,1382,633,41,74,-1,-1,-1,-1
894,6,1382,632,42,75,-1,-1,-1,-1
895,6,1381,629,44,78,-1,-1,-1,-1
896,6,1383,632,41,77,-1,-1,-1,-1
897,6,1382,633,41,74,-1,-1,-1,-1
898,6,1381,635,40,74,-1,-1,-1,-1
899,6,1381,632,41,75,-1,-1,-1,-1
900,6,1382,631,41,76,-1,-1,-1,-1
901,6,1379,628,46,80,-1,-1,-1,-1
902,6,1379,626,46,80,-1,-1,-1,-1
903,6,1381,628,44,77,-1,-1,-1,-1
904,6,1375,625,46,79,-1,-1,-1,-1
905,6,1374,624,43,74,-1,-1,-1,-1
906,6,1374,624,45,76,-1,-1,-1,-1
907,6,1375,624,45,77,-1,-1,-1,-1
908,6,1375,624,44,76,-1,-1,-1,-1
909,6,1379,625,39,77,-1,-1,-1,-1
910,6,1372,616,47,77,-1,-1,-1,-1
911,6,1372,602,46,91,-1,-1,-1,-1
912,6,1371,597,46,98,-1,-1,-1,-1
913,6,1367,593,47,101,-1,-1,-1,-1
914,6,1367,595,44,92,-1,-1,-1,-1
915,6,1371,593,41,97,-1,-1,-1,-1
916,6,1370,594,42,93,-1,-1,-1,-1
917,6,1370,591,42,97,-1,-1,-1,-1
918,6,1369,591,41,91,-1,-1,-1,-1
919,6,1370,589,41,91,-1,-1,-1,-1
920,6,1364,585,43,97,-1,-1,-1,-1
921,6,1366,588,42,92,-1,-1,-1,-1
922,6,1364,583,44,103,-1,-1,-1,-1
923,6,1363,580,46,99,-1,-1,-1,-1
924,6,1362,579,47,93,-1,-1,-1,-1
925,6,1361,578,48,92,-1,-1,-1,-1
926,6,1360,578,48,89,-1,-1,-1,-1
927,6,1359,577,49,89,-1,-1,-1,-1
928,6,1359,571,47,96,-1,-1,-1,-1
929,6,1357,573,48,89,-1,-1,-1,-1
930,6,1356,574,48,88,-1,-1,-1,-1
931,6,1357,573,47,89,-1,-1,-1,-1
932,6,1356,572,48,92,-1,-1,-1,-1
933,6,1356,572,47,91,-1,-1,-1,-1
934,6,1355,570,47,89,-1,-1,-1,-1
935,6,1354,571,48,88,-1,-1,-1,-1
936,6,1355,570,50,92,-1,-1,-1,-1
937,6,1353,567,47,89,-1,-1,-1,-1
938,6,1350,568,52,89,-1,-1,-1,-1
939,6,1351,563,48,91,-1,-1,-1,-1
940,6,1350,562,48,91,-1,-1,-1,-1
941,6,1349,561,49,90,-1,-1,-1,-1
942,6,1348,560,51,95,-1,-1,-1,-1
943,6,1348,559,47,90,-1,-1,-1,-1
944,6,1347,559,46,93,-1,-1,-1,-1
945,6,1347,560,46,91,-1,-1,-1,-1
946,6,1347,558,44,96,-1,-1,-1,-1
947,6,1347,559,43,91,-1,-1,-1,-1
948,6,1346,557,43,90,-1,-1,-1,-1
949,6,1343,554,45,92,-1,-1,-1,-1
950,6,1342,552,47,97,-1,-1,-1,-1
951,6,1340,553,47,94,-1,-1,-1,-1
952,6,1339,555,45,87,-1,-1,-1,-1
953,6,1338,556,42,83,-1,-1,-1,-1
954,6,1335,553,43,79,-1,-1,-1,-1
955,6,1335,552,43,82,-1,-1,-1,-1
956,6,1338,554,41,83,-1,-1,-1,-1
957,6,1338,553,41,84,-1,-1,-1,-1
958,6,1338,551,42,83,-1,-1,-1,-1
959,6,1337,551,41,83,-1,-1,-1,-1
960,6,1333,549,46,84,-1,-1,-1,-1
961,6,1333,548,44,85,-1,-1,-1,-1
962,6,1332,548,42,81,-1,-1,-1,-1
963,6,1332,545,42,83,-1,-1,-1,-1
964,6,1331,541,42,84,-1,-1,-1,-1
965,6,1330,540,43,86,-1,-1,-1,-1
966,6,1327,538,44,85,-1,-1,-1,-1
967,6,1328,537,44,89,-1,-1,-1,-1
968,6,1326,534,44,90,-1,-1,-1,-1
969,6,1325,533,44,91,-1,-1,-1,-1
970,6,1323,531,45,92,-1,-1,-1,-1
971,6,1323,533,44,91,-1,-1,-1,-1
972,6,1323,527,44,94,-1,-1,-1,-1
973,6,1323,524,45,96,-1,-1,-1,-1
974,6,1323,526,46,96,-1,-1,-1,-1
975,6,1323,526,45,97,-1,-1,-1,-1
976,6,1321,525,47,99,-1,-1,-1,-1
977,6,1320,521,48,101,-1,-1,-1,-1
978,6,1320,523,48,98,-1,-1,-1,-1
979,6,1320,520,47,96,-1,-1,-1,-1
980,6,1319,521,45,92,-1,-1,-1,-1
981,6,1317,519,47,96,-1,-1,-1,-1
982,6,1315,519,49,96,-1,-1,-1,-1
983,6,1315,518,48,95,-1,-1,-1,-1
984,6,1315,513,52,107,-1,-1,-1,-1
985,6,1313,516,47,96,-1,-1,-1,-1
986,6,1315,517,46,88,-1,-1,-1,-1
987,6,1313,511,49,95,-1,-1,-1,-1
988,6,1311,518,45,88,-1,-1,-1,-1
989,6,1311,515,46,91,-1,-1,-1,-1
990,6,1311,510,46,97,-1,-1,-1,-1
991,6,1309,514,47,91,-1,-1,-1,-1
992,6,1309,515,43,90,-1,-1,-1,-1
993,6,1308,512,42,84,-1,-1,-1,-1
994,6,1309,508,41,86,-1,-1,-1,-1
995,6,1309,510,40,84,-1,-1,-1,-1
996,6,1306,509,43,92,-1,-1,-1,-1
997,6,1306,509,41,92,-1,-1,-1,-1
998,6,1308,504,40,93,-1,-1,-1,-1
999,6,1307,509,39,82,-1,-1,-1,-1
1000,6,1306,506,43,88,-1,-1,-1,-1
1001,6,1304,508,44,87,-1,-1,-1,-1
1002,6,1304,507,46,94,-1,-1,-1,-1
1003,6,1301,512,42,87,-1,-1,-1,-1
1004,6,1302,511,41,84,-1,-1,-1,-1
1005,6,1300,508,43,85,-1,-1,-1,-1
1006,6,1298,509,43,84,-1,-1,-1,-1
1007,6,1299,510,41,82,-1,-1,-1,-1
1008,6,1298,508,43,78,-1,-1,-1,-1
1009,6,1295,500,45,81,-1,-1,-1,-1
1010,6,1294,500,48,82,-1,-1,-1,-1
1011,6,1292,498,50,90,-1,-1,-1,-1
1012,6,1292,498,47,90,-1,-1,-1,-1
1013,6,1292,496,49,91,-1,-1,-1,-1
1014,6,1292,498,47,88,-1,-1,-1,-1
1015,6,1292,504,39,72,-1,-1,-1,-1
1016,6,1291,501,42,76,-1,-1,-1,-1
1017,6,1292,499,41,76,-1,-1,-1,-1
1018,6,1291,499,43,78,-1,-1,-1,-1
1019,6,1290,495,47,86,-1,-1,-1,-1
1020,6,1288,493,45,89,-1,-1,-1,-1
1021,6,1287,491,49,93,-1,-1,-1,-1
1022,6,1289,491,46,91,-1,-1,-1,-1
1023,6,1285,489,45,86,-1,-1,-1,-1
1024,6,1285,490,43,77,-1,-1,-1,-1
1025,6,1285,492,35,62,-1,-1,-1,-1
1026,6,1286,489,35,68,-1,-1,-1,-1
1027,6,1283,484,41,82,-1,-1,-1,-1
1028,6,1281,483,39,80,-1,-1,-1,-1
1029,6,1280,480,39,75,-1,-1,-1,-1
1030,6,1278,484,39,74,-1,-1,-1,-1
1031,6,1274,478,45,90,-1,-1,-1,-1
1032,6,1274,476,47,86,-1,-1,-1,-1
1033,6,1274,475,47,93,-1,-1,-1,-1
1034,6,1272,475,47,94,-1,-1,-1,-1
1035,6,1271,473,47,92,-1,-1,-1,-1
1036,6,1271,474,43,91,-1,-1,-1,-1
1037,6,1270,471,44,96,-1,-1,-1,-1
1038,6,1269,471,45,94,-1,-1,-1,-1
1039,6,1270,470,47,94,-1,-1,-1,-1
1040,6,1269,470,48,96,-1,-1,-1,-1
1041,6,1268,469,48,98,-1,-1,-1,-1
1042,6,1266,464,52,104,-1,-1,-1,-1
1043,6,1267,468,46,91,-1,-1,-1,-1
1044,6,1267,467,46,89,-1,-1,-1,-1
1045,6,1266,469,46,89,-1,-1,-1,-1
1046,6,1265,470,45,91,-1,-1,-1,-1
1047,6,1264,469,46,87,-1,-1,-1,-1
1048,6,1264,469,44,86,-1,-1,-1,-1
1049,6,1264,470,44,84,-1,-1,-1,-1
1050,6,1264,469,43,84,-1,-1,-1,-1
1051,6,1264,467,41,85,-1,-1,-1,-1
1052,6,1264,465,41,77,-1,-1,-1,-1
1053,6,1263,459,42,79,-1,-1,-1,-1
1054,6,1261,456,42,84,-1,-1,-1,-1
1055,6,1260,459,44,81,-1,-1,-1,-1
1056,6,1260,459,45,77,-1,-1,-1,-1
1057,6,1259,459,42,79,-1,-1,-1,-1
1058,6,1258,460,40,75,-1,-1,-1,-1
1059,6,1256,456,45,81,-1,-1,-1,-1
1060,6,1255,457,46,80,-1,-1,-1,-1
1061,6,1252,452,49,88,-1,-1,-1,-1
1062,6,1251,450,48,91,-1,-1,-1,-1
1063,6,1251,450,47,84,-1,-1,-1,-1
1064,6,1249,452,49,89,-1,-1,-1,-1
1065,6,1248,449,49,90,-1,-1,-1,-1
1066,6,1248,449,49,89,-1,-1,-1,-1
1067,6,1247,448,51,90,-1,-1,-1,-1
1068,6,1246,446,51,92,-1,-1,-1,-1
1069,6,1246,447,50,91,-1,-1,-1,-1
1070,6,1247,448,50,89,-1,-1,-1,-1
1071,6,1245,446,50,90,-1,-1,-1,-1
1072,6,1247,440,47,88,-1,-1,-1,-1
1073,6,1243,438,53,90,-1,-1,-1,-1
1074,6,1246,439,47,88,-1,-1,-1,-1
1075,6,1245,435,46,88,-1,-1,-1,-1
1076,6,1243,434,48,87,-1,-1,-1,-1
1077,6,1240,434,50,86,-1,-1,-1,-1
1078,6,1240,433,50,90,-1,-1,-1,-1
1079,6,1239,433,46,91,-1,-1,-1,-1
1080,6,1242,433,41,85,-1,-1,-1,-1
1081,6,1241,436,41,81,-1,-1,-1,-1
1082,6,1238,431,45,86,-1,-1,-1,-1
1083,6,1238,434,41,81,-1,-1,-1,-1
1084,6,1238,435,38,80,-1,-1,-1,-1
1085,6,1236,434,39,77,-1,-1,-1,-1
1086,6,1235,433,41,80,-1,-1,-1,-1
1087,6,1234,431,42,81,-1,-1,-1,-1
1088,6,1233,425,41,84,-1,-1,-1,-1
1089,6,1233,423,43,85,-1,-1,-1,-1
1090,6,1230,421,45,92,-1,-1,-1,-1
1091,6,1230,421,46,87,-1,-1,-1,-1
1092,6,1227,418,46,90,-1,-1,-1,-1
1093,6,1226,423,49,90,-1,-1,-1,-1
1094,6,1225,421,48,88,-1,-1,-1,-1
1095,6,1225,422,47,86,-1,-1,-1,-1
1096,6,1224,420,45,89,-1,-1,-1,-1
1097,6,1223,419,48,91,-1,-1,-1,-1
1098,6,1223,417,49,94,-1,-1,-1,-1
1099,6,1221,417,55,94,-1,-1,-1,-1
1100,6,1221,416,54,96,-1,-1,-1,-1
1101,6,1220,414,57,100,-1,-1,-1,-1
1102,6,1219,416,52,97,-1,-1,-1,-1
1103,6,1221,416,49,86,-1,-1,-1,-1
1104,6,1220,415,48,86,-1,-1,-1,-1
1105,6,1221,419,42,78,-1,-1,-1,-1
1106,6,1219,416,46,86,-1,-1,-1,-1
1107,6,1219,415,53,89,-1,-1,-1,-1
1108,6,1218,416,46,88,-1,-1,-1,-1
1109,6,1219,414,48,88,-1,-1,-1,-1
1110,6,1219,417,41,82,-1,-1,-1,-1
1111,6,1218,415,41,83,-1,-1,-1,-1
1112,6,1218,413,41,83,-1,-1,-1,-1
1113,6,1216,414,41,84,-1,-1,-1,-1
1114,6,1215,413,43,83,-1,-1,-1,-1
1115,6,1215,411,44,83,-1,-1,-1,-1
1116,6,1215,410,42,82,-1,-1,-1,-1
1117,6,1211,405,43,85,-1,-1,-1,-1
1118,6,1210,402,44,90,-1,-1,-1,-1
1119,6,1210,405,44,92,-1,-1,-1,-1
1120,6,1208,404,45,88,-1,-1,-1,-1
1121,6,1207,403,44,83,-1,-1,-1,-1
1122,6,1207,404,44,85,-1,-1,-1,-1
1123,6,1207,402,43,84,-1,-1,-1,-1
1124,6,1206,402,43,89,-1,-1,-1,-1
1125,6,1205,402,44,89,-1,-1,-1,-1
1126,6,1203,401,44,89,-1,-1,-1,-1
1127,6,1203,400,43,89,-1,-1,-1,-1
1128,6,1202,400,43,88,-1,-1,-1,-1
1129,6,1201,400,46,85,-1,-1,-1,-1
1130,6,1200,399,45,82,-1,-1,-1,-1
1131,6,1200,398,46,82,-1,-1,-1,-1
1132,6,1199,398,47,83,-1,-1,-1,-1
1133,6,1198,395,47,86,-1,-1,-1,-1
1134,6,1196,391,50,90,-1,-1,-1,-1
1135,6,1196,392,49,88,-1,-1,-1,-1
1136,6,1196,391,47,88,-1,-1,-1,-1
1137,6,1197,392,41,81,-1,-1,-1,-1
1138,6,1197,385,41,88,-1,-1,-1,-1
1139,6,1198,391,37,77,-1,-1,-1,-1
1140,6,1197,391,38,76,-1,-1,-1,-1
1141,6,1198,393,34,69,-1,-1,-1,-1
1142,6,1195,392,38,71,-1,-1,-1,-1
1143,6,1193,391,40,74,-1,-1,-1,-1
1144,6,1189,387,42,73,-1,-1,-1,-1
1145,6,1189,387,41,75,-1,-1,-1,-1
1146,6,1189,388,40,76,-1,-1,-1,-1
1147,6,1188,385,41,80,-1,-1,-1,-1
1148,6,1187,382,41,86,-1,-1,-1,-1
1149,6,1187,384,41,83,-1,-1,-1,-1
1150,6,1186,382,42,87,-1,-1,-1,-1
1151,6,1186,378,42,90,-1,-1,-1,-1
1152,6,1187,382,42,84,-1,-1,-1,-1
1153,6,1187,382,43,85,-1,-1,-1,-1
1154,6,1185,381,44,86,-1,-1,-1,-1
1155,6,1185,380,42,85,-1,-1,-1,-1
1156,6,1185,378,43,87,-1,-1,-1,-1
1157,6,1185,377,43,86,-1,-1,-1,-1
1158,6,1183,374,44,89,-1,-1,-1,-1
1159,6,1182,374,46,92,-1,-1,-1,-1
1160,6,1182,376,43,84,-1,-1,-1,-1
1161,6,1181,371,46,90,-1,-1,-1,-1
1162,6,1180,369,45,91,-1,-1,-1,-1
1163,6,1178,368,46,90,-1,-1,-1,-1
1164,6,1178,367,45,92,-1,-1,-1,-1
1165,6,1177,363,46,93,-1,-1,-1,-1
1166,6,1176,363,47,93,-1,-1,-1,-1
1167,6,1175,366,45,90,-1,-1,-1,-1
1168,6,1176,367,44,88,-1,-1,-1,-1
1169,6,1174,364,47,92,-1,-1,-1,-1
1170,6,1174,364,47,92,-1,-1,-1,-1
1171,6,1174,364,45,90,-1,-1,-1,-1
1172,6,1174,364,43,86,-1,-1,-1,-1
1173,6,1173,365,42,82,-1,-1,-1,-1
1174,6,1173,365,43,82,-1,-1,-1,-1
1175,6,1172,367,41,70,-1,-1,-1,-1
1176,6,1170,363,42,72,-1,-1,-1,-1
1177,6,1171,363,38,73,-1,-1,-1,-1
1178,6,1167,361,42,75,-1,-1,-1,-1
1179,6,1165,360,43,75,-1,-1,-1,-1
1180,6,1165,360,41,75,-1,-1,-1,-1
1181,6,1165,362,40,73,-1,-1,-1,-1
1182,6,1165,359,39,76,-1,-1,-1,-1
1183,6,1162,358,41,76,-1,-1,-1,-1
1184,6,1161,356,45,74,-1,-1,-1,-1
1185,6,1160,355,46,78,-1,-1,-1,-1
1186,6,1156,353,46,81,-1,-1,-1,-1
1187,6,1158,353,47,83,-1,-1,-1,-1
1188,6,1155,352,44,89,-1,-1,-1,-1
1189,6,1155,347,47,85,-1,-1,-1,-1
1190,6,1155,348,46,87,-1,-1,-1,-1
1191,6,1156,351,43,79,-1,-1,-1,-1
1192,6,1155,352,43,75,-1,-1,-1,-1
1193,6,1155,351,40,67,-1,-1,-1,-1
1194,6,1154,354,38,71,-1,-1,-1,-1
1195,6,1152,355,39,71,-1,-1,-1,-1
1196,6,1154,354,40,74,-1,-1,-1,-1
1197,6,1153,345,44,86,-1,-1,-1,-1
1198,6,1150,347,46,83,-1,-1,-1,-1
1199,6,1148,344,45,86,-1,-1,-1,-1
1200,6,1147,341,48,95,-1,-1,-1,-1
1201,6,1145,337,48,96,-1,-1,-1,-1
1202,6,1144,339,49,93,-1,-1,-1,-1
1203,6,1144,338,47,94,-1,-1,-1,-1
1204,6,1144,338,47,94,-1,-1,-1,-1
1205,6,1149,350,40,76,-1,-1,-1,-1
1206,6,1149,350,38,72,-1,-1,-1,-1
1207,6,1145,346,38,70,-1,-1,-1,-1
1208,6,1141,341,38,71,-1,-1,-1,-1
1209,6,1141,341,38,70,-1,-1,-1,-1
1210,6,1140,341,43,72,-1,-1,-1,-1
1211,6,1137,336,41,75,-1,-1,-1,-1
1212,6,1137,335,41,76,-1,-1,-1,-1
1213,6,1139,337,41,72,-1,-1,-1,-1
1214,6,1138,338,41,71,-1,-1,-1,-1
1215,6,1138,337,38,70,-1,-1,-1,-1
1216,6,1137,336,39,70,-1,-1,-1,-1
1217,6,1133,330,44,78,-1,-1,-1,-1
1218,6,1133,326,45,84,-1,-1,-1,-1
1219,6,1133,331,45,77,-1,-1,-1,-1
1220,6,1132,330,45,78,-1,-1,-1,-1
1221,6,1130,325,49,85,-1,-1,-1,-1
1222,6,1130,319,47,88,-1,-1,-1,-1
1259,7,1096,313,43,89,-1,-1,-1,-1
1260,7,1098,307,44,93,-1,-1,-1,-1
1261,7,1098,304,42,86,-1,-1,-1,-1
1262,7,1091,312,44,90,-1,-1,-1,-1
1251,8,1377,1036,43,41,-1,-1,-1,-1
1252,8,1360,1033,53,44,-1,-1,-1,-1
1253,8,1358,1025,53,53,-1,-1,-1,-1
1254,8,1350,1018,53,58,-1,-1,-1,-1
1255,8,1342,1014,53,60,-1,-1,-1,-1
1256,8,1340,1000,49,75,-1,-1,-1,-1
1257,8,1342,995,42,78,-1,-1,-1,-1
1258,8,1335,989,46,85,-1,-1,-1,-1
1259,8,1307,985,67,86,-1,-1,-1,-1
1260,8,1301,973,70,97,-1,-1,-1,-1
1261,8,1291,966,72,107,-1,-1,-1,-1
1262,8,1290,961,67,105,-1,-1,-1,-1
1263,8,1288,958,57,98,-1,-1,-1,-1
1264,8,1279,947,62,108,-1,-1,-1,-1
1265,8,1279,936,54,102,-1,-1,-1,-1
1266,8,1269,925,62,114,-1,-1,-1,-1
1267,8,1269,922,57,104,-1,-1,-1,-1
1268,8,1270,920,53,94,-1,-1,-1,-1
1269,8,1261,919,50,95,-1,-1,-1,-1
1270,8,1244,910,65,114,-1,-1,-1,-1
1271,8,1238,898,65,122,-1,-1,-1,-1
1272,8,1231,895,66,112,-1,-1,-1,-1
1273,8,1230,884,59,109,-1,-1,-1,-1
1274,8,1221,880,62,102,-1,-1,-1,-1
1275,8,1220,871,59,103,-1,-1,-1,-1
1276,8,1218,867,56,102,-1,-1,-1,-1
1277,8,1208,869,56,91,-1,-1,-1,-1
1276,7,1092,317,37,86,-1,-1,-1,-1
1277,7,1092,321,37,84,-1,-1,-1,-1
1278,7,1092,322,35,83,-1,-1,-1,-1
1279,7,1089,312,39,90,-1,-1,-1,-1
1280,7,1089,330,35,77,-1,-1,-1,-1
1281,7,1090,326,36,78,-1,-1,-1,-1
1282,7,1092,327,33,74,-1,-1,-1,-1
1279,10,1196,850,60,104,-1,-1,-1,-1
1280,10,1188,841,61,104,-1,-1,-1,-1
1281,10,1185,837,60,104,-1,-1,-1,-1
1282,10,1180,828,58,93,-1,-1,-1,-1
1283,10,1173,824,61,104,-1,-1,-1,-1
1284,10,1165,817,62,105,-1,-1,-1,-1
1288,11,1153,793,55,104,-1,-1,-1,-1
1289,11,1143,789,63,97,-1,-1,-1,-1
1290,11,1134,775,65,97,-1,-1,-1,-1
1291,11,1129,773,60,103,-1,-1,-1,-1
1227,6,1128,324,45,78,-1,-1,-1,-1
1228,6,1127,324,46,80,-1,-1,-1,-1
1229,6,1125,323,48,78,-1,-1,-1,-1
1230,6,1125,321,49,84,-1,-1,-1,-1
1231,6,1122,317,50,86,-1,-1,-1,-1
1232,6,1123,320,49,80,-1,-1,-1,-1
1233,6,1125,320,50,84,-1,-1,-1,-1
1234,6,1122,316,52,88,-1,-1,-1,-1
1235,6,1123,318,52,86,-1,-1,-1,-1
1236,6,1122,319,53,85,-1,-1,-1,-1
1237,6,1124,318,47,79,-1,-1,-1,-1
1238,6,1121,313,48,82,-1,-1,-1,-1
1239,6,1115,313,54,90,-1,-1,-1,-1
1240,6,1116,311,49,89,-1,-1,-1,-1
1241,6,1115,307,53,91,-1,-1,-1,-1
1242,6,1117,309,49,88,-1,-1,-1,-1
1243,6,1117,308,49,92,-1,-1,-1,-1
1244,6,1118,308,50,94,-1,-1,-1,-1
1245,6,1117,309,49,92,-1,-1,-1,-1
1246,6,1116,308,51,94,-1,-1,-1,-1
1247,6,1114,305,54,91,-1,-1,-1,-1
1248,6,1113,307,51,91,-1,-1,-1,-1
1249,6,1111,305,53,94,-1,-1,-1,-1
1250,6,1111,306,51,92,-1,-1,-1,-1
1251,6,1111,305,50,93,-1,-1,-1,-1
1252,6,1111,302,54,94,-1,-1,-1,-1
1253,6,1111,303,51,94,-1,-1,-1,-1
1254,6,1110,301,52,97,-1,-1,-1,-1
1255,6,1110,301,52,96,-1,-1,-1,-1
1256,6,1109,305,50,92,-1,-1,-1,-1
1257,6,1107,304,52,92,-1,-1,-1,-1
1258,6,1107,306,53,98,-1,-1,-1,-1
1259,6,1107,302,49,95,-1,-1,-1,-1
1260,6,1112,305,41,85,-1,-1,-1,-1
1261,6,1112,300,43,95,-1,-1,-1,-1
1262,6,1107,303,45,90,-1,-1,-1,-1
1263,6,1110,300,43,88,-1,-1,-1,-1
1264,6,1108,308,45,82,-1,-1,-1,-1
1265,6,1102,295,47,94,-1,-1,-1,-1
1266,6,1100,296,49,91,-1,-1,-1,-1
1267,6,1098,296,51,92,-1,-1,-1,-1
1268,6,1097,293,51,91,-1,-1,-1,-1
1269,6,1096,292,53,95,-1,-1,-1,-1
1270,6,1095,288,50,96,-1,-1,-1,-1
1271,6,1093,289,52,99,-1,-1,-1,-1
1272,6,1087,281,51,105,-1,-1,-1,-1
1273,6,1091,289,48,105,-1,-1,-1,-1
1274,6,1090,290,47,105,-1,-1,-1,-1
1275,6,1088,286,51,110,-1,-1,-1,-1
1276,6,1086,278,51,106,-1,-1,-1,-1
1277,6,1086,278,56,108,-1,-1,-1,-1
1278,6,1085,276,55,113,-1,-1,-1,-1
1279,6,1083,273,51,99,-1,-1,-1,-1
1280,6,1083,275,49,99,-1,-1,-1,-1
1281,6,1084,277,49,97,-1,-1,-1,-1
1282,6,1083,279,47,95,-1,-1,-1,-1
1283,6,1082,275,50,90,-1,-1,-1,-1
1284,6,1081,276,52,91,-1,-1,-1,-1
1285,6,1078,275,49,94,-1,-1,-1,-1
1286,6,1075,271,50,91,-1,-1,-1,-1
1287,6,1074,271,48,85,-1,-1,-1,-1
1288,6,1072,272,50,79,-1,-1,-1,-1
1289,6,1073,270,49,78,-1,-1,-1,-1
1290,6,1072,272,49,75,-1,-1,-1,-1
1291,6,1071,272,50,79,-1,-1,-1,-1
1292,6,1071,272,49,80,-1,-1,-1,-1
1293,6,1071,273,48,80,-1,-1,-1,-1
1294,6,1072,272,48,80,-1,-1,-1,-1
1295,6,1072,272,45,78,-1,-1,-1,-1
1296,6,1071,271,47,79,-1,-1,-1,-1
1297,6,1074,270,42,74,-1,-1,-1,-1
1298,6,1073,271,41,72,-1,-1,-1,-1
1299,6,1073,271,40,67,-1,-1,-1,-1
1300,6,1070,271,44,71,-1,-1,-1,-1
1316,13,1018,610,53,101,-1,-1,-1,-1
1317,13,1016,609,50,92,-1,-1,-1,-1
1318,13,1010,606,57,101,-1,-1,-1,-1
1363,14,848,407,37,68,-1,-1,-1,-1
1364,14,847,404,38,73,-1,-1,-1,-1
1365,14,848,398,32,63,-1,-1,-1,-1
1369,15,827,375,43,74,-1,-1,-1,-1
1370,15,826,376,40,69,-1,-1,-1,-1
1371,15,823,363,44,77,-1,-1,-1,-1
1425,16,667,135,45,84,-1,-1,-1,-1
1426,16,664,130,45,88,-1,-1,-1,-1
1427,16,661,121,44,84,-1,-1,-1,-1
1428,16,662,122,40,75,-1,-1,-1,-1
1429,16,661,125,36,71,-1,-1,-1,-1
1430,16,656,120,40,76,-1,-1,-1,-1
1431,16,651,103,45,89,-1,-1,-1,-1
1432,16,651,103,43,89,-1,-1,-1,-1
1433,16,648,97,46,94,-1,-1,-1,-1
1434,16,643,98,45,80,-1,-1,-1,-1
1435,16,641,100,41,69,-1,-1,-1,-1
1436,16,641,101,38,69,-1,-1,-1,-1
1447,17,612,52,41,75,-1,-1,-1,-1
1448,17,615,54,34,70,-1,-1,-1,-1
1449,17,609,48,39,78,-1,-1,-1,-1
1450,17,606,34,42,86,-1,-1,-1,-1
1451,17,601,31,47,94,-1,-1,-1,-1
1452,17,601,33,43,89,-1,-1,-1,-1
1453,17,597,36,42,83,-1,-1,-1,-1
1454,17,592,35,41,70,-1,-1,-1,-1
1455,17,593,36,33,58,-1,-1,-1,-1
1456,17,593,29,37,65,-1,-1,-1,-1
1462,18,577,17,35,65,-1,-1,-1,-1
1463,18,574,11,37,69,-1,-1,-1,-1
1464,18,574,17,31,50,-1,-1,-1,-1
1465,18,571,11,35,56,-1,-1,-1,-1
1466,18,567,1,37,55,-1,-1,-1,-1
1467,18,562,2,40,62,-1,-1,-1,-1
1468,18,563,1,38,56,-1,-1,-1,-1
1782,19,619,928,51,106,-1,-1,-1,-1
1783,19,617,923,52,108,-1,-1,-1,-1
1784,19,625,927,49,113,-1,-1,-1,-1
1755,20,534,784,52,105,-1,-1,-1,-1
1756,20,537,796,47,92,-1,-1,-1,-1
1757,20,542,806,52,94,-1,-1,-1,-1
1758,20,544,806,51,94,-1,-1,-1,-1
1759,20,546,816,52,100,-1,-1,-1,-1
1760,20,550,818,52,98,-1,-1,-1,-1
1761,20,552,823,49,95,-1,-1,-1,-1
1762,20,552,825,52,103,-1,-1,-1,-1
1763,20,553,829,53,101,-1,-1,-1,-1
1764,20,558,839,53,100,-1,-1,-1,-1
1765,20,558,836,56,108,-1,-1,-1,-1
1766,20,564,844,52,103,-1,-1,-1,-1
1767,20,564,848,59,103,-1,-1,-1,-1
1768,20,570,851,50,93,-1,-1,-1,-1
1769,20,571,853,55,99,-1,-1,-1,-1
1770,20,571,856,54,99,-1,-1,-1,-1
1771,20,574,862,56,107,-1,-1,-1,-1
1772,20,578,866,50,107,-1,-1,-1,-1
1773,20,577,869,60,112,-1,-1,-1,-1
1774,20,586,872,55,104,-1,-1,-1,-1
1775,20,589,878,57,106,-1,-1,-1,-1
1776,20,587,884,62,112,-1,-1,-1,-1
1777,20,592,887,56,107,-1,-1,-1,-1
1778,20,597,893,49,97,-1,-1,-1,-1
1779,20,597,895,52,103,-1,-1,-1,-1
1780,20,600,897,55,105,-1,-1,-1,-1
1781,20,609,909,53,111,-1,-1,-1,-1
1782,20,607,907,54,107,-1,-1,-1,-1
1783,20,605,916,51,98,-1,-1,-1,-1
1784,20,616,914,47,98,-1,-1,-1,-1
1785,20,618,915,51,109,-1,-1,-1,-1
1786,20,616,919,60,115,-1,-1,-1,-1
1787,20,618,921,58,108,-1,-1,-1,-1
1788,20,629,938,51,106,-1,-1,-1,-1
1789,20,627,936,56,117,-1,-1,-1,-1
1790,20,628,938,55,107,-1,-1,-1,-1
1791,20,632,940,52,105,-1,-1,-1,-1
1792,20,635,941,55,110,-1,-1,-1,-1
1793,20,639,946,52,102,-1,-1,-1,-1
1794,20,640,951,51,96,-1,-1,-1,-1
1795,20,640,952,52,97,-1,-1,-1,-1
1796,20,644,956,53,98,-1,-1,-1,-1
1797,20,643,958,55,107,-1,-1,-1,-1
1798,20,647,962,58,103,-1,-1,-1,-1
1799,20,651,968,55,103,-1,-1,-1,-1
1800,20,668,973,45,97,-1,-1,-1,-1
1801,20,661,977,54,93,-1,-1,-1,-1
1802,20,654,978,69,97,-1,-1,-1,-1
1803,20,660,984,64,93,-1,-1,-1,-1
1804,20,660,985,66,92,-1,-1,-1,-1
1805,20,671,992,58,85,-1,-1,-1,-1
1806,20,673,994,56,83,-1,-1,-1,-1
1807,20,677,1012,54,64,-1,-1,-1,-1
1808,20,677,1007,58,70,-1,-1,-1,-1
1809,20,674,1021,74,54,-1,-1,-1,-1
1810,20,682,1026,70,51,-1,-1,-1,-1
1811,20,683,1027,64,51,-1,-1,-1,-1
1814,21,708,1024,48,51,-1,-1,-1,-1
1815,21,710,1025,51,50,-1,-1,-1,-1
1816,21,715,1023,49,53,-1,-1,-1,-1
1817,21,720,1024,48,52,-1,-1,-1,-1
1818,21,721,1027,47,49,-1,-1,-1,-1
1819,21,724,1028,48,50,-1,-1,-1,-1
1819,22,792,0,27,47,-1,-1,-1,-1
1820,22,791,0,29,46,-1,-1,-1,-1
1821,22,791,0,29,46,-1,-1,-1,-1
1822,22,791,0,30,46,-1,-1,-1,-1
1823,22,791,0,30,47,-1,-1,-1,-1
1824,22,791,0,30,47,-1,-1,-1,-1
1825,22,791,1,30,43,-1,-1,-1,-1
1831,22,791,0,30,44,-1,-1,-1,-1
1832,22,790,1,31,45,-1,-1,-1,-1
1833,22,791,1,31,45,-1,-1,-1,-1
1834,22,791,0,31,47,-1,-1,-1,-1
1302,24,1065,272,49,86,-1,-1,-1,-1
1303,24,1064,272,48,80,-1,-1,-1,-1
1304,24,1064,270,48,79,-1,-1,-1,-1
1305,24,1064,269,46,80,-1,-1,-1,-1
1306,24,1063,272,45,78,-1,-1,-1,-1
1307,24,1062,274,43,75,-1,-1,-1,-1
1308,24,1061,269,46,81,-1,-1,-1,-1
1309,24,1060,269,45,83,-1,-1,-1,-1
1310,24,1060,269,45,84,-1,-1,-1,-1
1311,24,1059,270,45,83,-1,-1,-1,-1
1312,24,1060,271,45,81,-1,-1,-1,-1
1313,24,1059,266,46,87,-1,-1,-1,-1
1314,24,1058,263,46,88,-1,-1,-1,-1
1315,24,1058,262,45,90,-1,-1,-1,-1
1316,24,1058,262,43,88,-1,-1,-1,-1
1317,24,1058,261,44,87,-1,-1,-1,-1
1318,24,1059,260,43,87,-1,-1,-1,-1
1319,24,1060,263,39,87,-1,-1,-1,-1
1320,24,1060,263,39,86,-1,-1,-1,-1
1321,24,1060,262,42,84,-1,-1,-1,-1
1322,24,1059,260,42,86,-1,-1,-1,-1
1323,24,1058,258,44,91,-1,-1,-1,-1
1324,24,1058,258,44,90,-1,-1,-1,-1
1325,24,1058,255,42,94,-1,-1,-1,-1
1326,24,1057,255,44,94,-1,-1,-1,-1
1327,24,1058,256,42,92,-1,-1,-1,-1
1328,24,1058,255,43,93,-1,-1,-1,-1
1329,24,1057,254,44,95,-1,-1,-1,-1
1330,24,1057,256,42,91,-1,-1,-1,-1
1331,24,1056,256,41,89,-1,-1,-1,-1
1332,24,1056,255,42,91,-1,-1,-1,-1
1333,24,1057,255,40,89,-1,-1,-1,-1
1334,24,1056,254,41,90,-1,-1,-1,-1
1335,24,1054,252,44,91,-1,-1,-1,-1
1336,24,1054,250,43,91,-1,-1,-1,-1
1337,24,1054,249,43,93,-1,-1,-1,-1
1338,24,1054,250,42,91,-1,-1,-1,-1
1339,24,1054,249,43,92,-1,-1,-1,-1
1340,24,1054,249,43,91,-1,-1,-1,-1
1341,24,1055,250,42,88,-1,-1,-1,-1
1342,24,1054,248,42,91,-1,-1,-1,-1
1343,24,1053,247,43,93,-1,-1,-1,-1
1344,24,1053,248,43,92,-1,-1,-1,-1
1345,24,1052,247,44,93,-1,-1,-1,-1
1346,24,1052,243,43,96,-1,-1,-1,-1
1347,24,1052,243,43,95,-1,-1,-1,-1
1348,24,1052,243,43,94,-1,-1,-1,-1
1349,24,1051,243,44,93,-1,-1,-1,-1
1350,24,1051,243,44,92,-1,-1,-1,-1
1351,24,1050,241,46,95,-1,-1,-1,-1
1352,24,1050,242,46,94,-1,-1,-1,-1
1353,24,1050,241,45,93,-1,-1,-1,-1
1354,24,1050,240,44,92,-1,-1,-1,-1
1355,24,1050,240,44,93,-1,-1,-1,-1
1356,24,1051,240,43,92,-1,-1,-1,-1
1357,24,1051,238,44,91,-1,-1,-1,-1
1358,24,1050,237,44,90,-1,-1,-1,-1
1359,24,1050,238,44,86,-1,-1,-1,-1
1360,24,1049,237,44,88,-1,-1,-1,-1
1361,24,1048,235,46,90,-1,-1,-1,-1
1362,24,1047,234,46,89,-1,-1,-1,-1
1363,24,1048,234,47,89,-1,-1,-1,-1
1364,24,1047,234,48,88,-1,-1,-1,-1
1365,24,1047,234,48,88,-1,-1,-1,-1
1366,24,1046,232,51,91,-1,-1,-1,-1
1367,24,1046,231,51,91,-1,-1,-1,-1
1368,24,1046,231,51,89,-1,-1,-1,-1
1369,24,1046,231,50,88,-1,-1,-1,-1
1370,24,1046,231,49,87,-1,-1,-1,-1
1371,24,1045,229,49,87,-1,-1,-1,-1
1372,24,1046,229,49,87,-1,-1,-1,-1
1373,24,1046,230,45,85,-1,-1,-1,-1
1374,24,1045,231,46,84,-1,-1,-1,-1
1375,24,1044,228,49,88,-1,-1,-1,-1
1376,24,1042,225,50,91,-1,-1,-1,-1
1377,24,1042,224,50,93,-1,-1,-1,-1
1378,24,1041,224,50,93,-1,-1,-1,-1
1379,24,1041,223,50,93,-1,-1,-1,-1
1380,24,1041,223,49,92,-1,-1,-1,-1
1381,24,1042,222,48,92,-1,-1,-1,-1
1382,24,1040,220,50,95,-1,-1,-1,-1
1383,24,1043,219,52,93,-1,-1,-1,-1
1384,24,1040,219,50,95,-1,-1,-1,-1
1385,24,1043,216,51,94,-1,-1,-1,-1
1386,24,1042,215,52,94,-1,-1,-1,-1
1387,24,1041,217,48,92,-1,-1,-1,-1
1388,24,1040,215,50,92,-1,-1,-1,-1
1389,24,1040,215,50,91,-1,-1,-1,-1
1390,24,1040,216,49,88,-1,-1,-1,-1
1391,24,1040,215,48,88,-1,-1,-1,-1
1392,24,1040,215,47,86,-1,-1,-1,-1
1393,24,1039,213,47,90,-1,-1,-1,-1
1394,24,1038,211,50,89,-1,-1,-1,-1
1395,24,1038,211,50,90,-1,-1,-1,-1
1396,24,1038,210,49,90,-1,-1,-1,-1
1397,24,1038,210,48,90,-1,-1,-1,-1
1398,24,1037,209,50,92,-1,-1,-1,-1
1399,24,1037,209,49,91,-1,-1,-1,-1
1400,24,1037,209,48,90,-1,-1,-1,-1
1401,24,1037,209,48,89,-1,-1,-1,-1
1402,24,1037,209,48,89,-1,-1,-1,-1
1403,24,1037,209,47,89,-1,-1,-1,-1
1404,24,1037,209,47,88,-1,-1,-1,-1
1405,24,1036,207,48,90,-1,-1,-1,-1
1406,24,1036,208,48,90,-1,-1,-1,-1
1407,24,1036,208,47,89,-1,-1,-1,-1
1408,24,1037,205,50,91,-1,-1,-1,-1
1409,24,1036,207,47,89,-1,-1,-1,-1
1410,24,1037,207,46,88,-1,-1,-1,-1
1411,24,1036,206,47,89,-1,-1,-1,-1
1412,24,1036,204,47,90,-1,-1,-1,-1
1413,24,1036,203,47,92,-1,-1,-1,-1
1414,24,1035,202,47,92,-1,-1,-1,-1
1415,24,1034,202,47,92,-1,-1,-1,-1
1416,24,1035,200,47,92,-1,-1,-1,-1
1417,24,1035,198,46,93,-1,-1,-1,-1
1418,24,1035,199,46,92,-1,-1,-1,-1
1419,24,1035,199,45,92,-1,-1,-1,-1
1420,24,1036,199,46,90,-1,-1,-1,-1
1421,24,1036,197,46,92,-1,-1,-1,-1
1422,24,1035,198,46,90,-1,-1,-1,-1
1423,24,1035,196,46,91,-1,-1,-1,-1
1424,24,1034,196,46,89,-1,-1,-1,-1
1425,24,1034,196,46,88,-1,-1,-1,-1
1426,24,1034,195,45,88,-1,-1,-1,-1
1427,24,1034,195,45,88,-1,-1,-1,-1
1428,24,1034,194,45,87,-1,-1,-1,-1
1429,24,1033,193,46,87,-1,-1,-1,-1
1430,24,1034,194,45,86,-1,-1,-1,-1
1431,24,1033,192,45,89,-1,-1,-1,-1
1432,24,1033,191,44,89,-1,-1,-1,-1
1433,24,1033,192,44,87,-1,-1,-1,-1
1434,24,1033,190,45,89,-1,-1,-1,-1
1435,24,1032,190,45,88,-1,-1,-1,-1
1436,24,1032,191,45,87,-1,-1,-1,-1
1437,24,1031,190,46,89,-1,-1,-1,-1
1438,24,1031,190,44,85,-1,-1,-1,-1
1439,24,1032,191,39,76,-1,-1,-1,-1
1440,24,1034,191,38,71,-1,-1,-1,-1
1441,24,1031,191,38,70,-1,-1,-1,-1
1442,24,1031,189,39,70,-1,-1,-1,-1
1443,24,1028,189,37,67,-1,-1,-1,-1
1444,24,1027,188,39,69,-1,-1,-1,-1
1445,24,1025,185,41,71,-1,-1,-1,-1
1446,24,1024,183,43,75,-1,-1,-1,-1
1447,24,1023,181,46,80,-1,-1,-1,-1
1448,24,1022,180,47,81,-1,-1,-1,-1
1449,24,1022,180,46,82,-1,-1,-1,-1
1450,24,1020,180,50,88,-1,-1,-1,-1
1451,24,1019,179,51,91,-1,-1,-1,-1
1452,24,1017,176,52,95,-1,-1,-1,-1
1453,24,1017,176,51,95,-1,-1,-1,-1
1454,24,1016,176,51,95,-1,-1,-1,-1
1455,24,1016,177,50,94,-1,-1,-1,-1
1456,24,1016,175,52,96,-1,-1,-1,-1
1457,24,1015,176,53,95,-1,-1,-1,-1
1458,24,1016,176,50,94,-1,-1,-1,-1
1459,24,1016,176,48,94,-1,-1,-1,-1
1460,24,1016,175,45,85,-1,-1,-1,-1
1461,24,1018,173,46,82,-1,-1,-1,-1
1462,24,1015,171,46,90,-1,-1,-1,-1
1463,24,1014,170,47,90,-1,-1,-1,-1
1464,24,1013,168,47,94,-1,-1,-1,-1
1465,24,1012,164,50,98,-1,-1,-1,-1
1466,24,1012,166,49,95,-1,-1,-1,-1
1467,24,1012,168,49,91,-1,-1,-1,-1
1468,24,1012,168,48,90,-1,-1,-1,-1
1469,24,1011,167,49,89,-1,-1,-1,-1
1470,24,1012,163,51,94,-1,-1,-1,-1
1471,24,1011,165,46,90,-1,-1,-1,-1
1472,24,1011,165,45,89,-1,-1,-1,-1
1473,24,1010,166,45,87,-1,-1,-1,-1
1474,24,1010,165,46,88,-1,-1,-1,-1
1475,24,1010,166,44,85,-1,-1,-1,-1
1476,24,1010,165,44,87,-1,-1,-1,-1
1477,24,1009,162,44,89,-1,-1,-1,-1
1478,24,1008,157,44,92,-1,-1,-1,-1
1479,24,1008,155,44,91,-1,-1,-1,-1
1480,24,1006,151,46,96,-1,-1,-1,-1
1481,24,1004,152,48,95,-1,-1,-1,-1
1482,24,1005,154,47,93,-1,-1,-1,-1
1483,24,1004,152,47,93,-1,-1,-1,-1
1484,24,1003,155,47,89,-1,-1,-1,-1
1485,24,1003,156,48,89,-1,-1,-1,-1
1486,24,1004,154,46,90,-1,-1,-1,-1
1487,24,1002,154,47,89,-1,-1,-1,-1
1488,24,1002,154,47,89,-1,-1,-1,-1
1489,24,1002,154,47,90,-1,-1,-1,-1
1490,24,1000,152,49,92,-1,-1,-1,-1
1491,24,999,152,50,92,-1,-1,-1,-1
1492,24,997,149,51,94,-1,-1,-1,-1
1493,24,996,148,50,94,-1,-1,-1,-1
1494,24,996,147,50,96,-1,-1,-1,-1
1495,24,996,148,50,97,-1,-1,-1,-1
1496,24,995,148,52,96,-1,-1,-1,-1
1497,24,996,150,49,92,-1,-1,-1,-1
1498,24,995,149,51,92,-1,-1,-1,-1
1499,24,995,150,51,90,-1,-1,-1,-1
1500,24,996,145,52,90,-1,-1,-1,-1
1501,24,996,148,46,85,-1,-1,-1,-1
1502,24,996,146,46,83,-1,-1,-1,-1
1503,24,997,146,46,83,-1,-1,-1,-1
1504,24,995,142,49,91,-1,-1,-1,-1
1505,24,994,136,55,96,-1,-1,-1,-1
1506,24,994,137,54,95,-1,-1,-1,-1
1507,24,992,140,50,91,-1,-1,-1,-1
1508,24,992,140,50,92,-1,-1,-1,-1
1509,24,993,138,55,94,-1,-1,-1,-1
1510,24,991,138,51,95,-1,-1,-1,-1
1511,24,992,136,51,93,-1,-1,-1,-1
1512,24,991,136,51,92,-1,-1,-1,-1
1513,24,989,139,49,89,-1,-1,-1,-1
1514,24,988,140,50,88,-1,-1,-1,-1
1515,24,988,139,52,89,-1,-1,-1,-1
1516,24,989,136,53,90,-1,-1,-1,-1
1517,24,988,140,49,87,-1,-1,-1,-1
1518,24,989,141,45,84,-1,-1,-1,-1
1519,24,989,138,50,89,-1,-1,-1,-1
1520,24,988,142,44,82,-1,-1,-1,-1
1521,24,987,140,46,84,-1,-1,-1,-1
1522,24,988,138,45,84,-1,-1,-1,-1
1523,24,987,138,46,85,-1,-1,-1,-1
1524,24,987,137,46,84,-1,-1,-1,-1
1525,24,986,135,44,85,-1,-1,-1,-1
1526,24,988,135,41,81,-1,-1,-1,-1
1527,24,988,136,40,77,-1,-1,-1,-1
1528,24,987,132,42,81,-1,-1,-1,-1
1529,24,986,132,43,80,-1,-1,-1,-1
1530,24,985,131,42,71,-1,-1,-1,-1
1531,24,983,129,42,71,-1,-1,-1,-1
1532,24,982,131,40,68,-1,-1,-1,-1
1533,24,981,132,39,65,-1,-1,-1,-1
1534,24,981,131,43,75,-1,-1,-1,-1
1535,24,979,130,45,76,-1,-1,-1,-1
1536,24,978,129,44,72,-1,-1,-1,-1
1537,24,977,130,44,75,-1,-1,-1,-1
1538,24,976,129,44,76,-1,-1,-1,-1
1539,24,975,130,46,75,-1,-1,-1,-1
1540,24,974,126,45,86,-1,-1,-1,-1
1541,24,974,125,44,85,-1,-1,-1,-1
1542,24,973,125,45,85,-1,-1,-1,-1
1543,24,971,122,51,84,-1,-1,-1,-1
1544,24,972,124,45,85,-1,-1,-1,-1
1545,24,969,123,48,88,-1,-1,-1,-1
1546,24,968,118,53,89,-1,-1,-1,-1
1547,24,968,121,47,86,-1,-1,-1,-1
1548,24,967,121,49,88,-1,-1,-1,-1
1549,24,967,121,48,90,-1,-1,-1,-1
1550,24,967,119,48,92,-1,-1,-1,-1
1551,24,966,120,48,89,-1,-1,-1,-1
1552,24,967,120,47,86,-1,-1,-1,-1
1553,24,967,120,47,85,-1,-1,-1,-1
1554,24,966,119,46,85,-1,-1,-1,-1
1555,24,966,118,45,87,-1,-1,-1,-1
1556,24,966,118,45,89,-1,-1,-1,-1
1557,24,966,118,43,89,-1,-1,-1,-1
1558,24,965,117,44,86,-1,-1,-1,-1
1559,24,965,118,42,82,-1,-1,-1,-1
1560,24,964,118,43,83,-1,-1,-1,-1
1561,24,964,116,44,85,-1,-1,-1,-1
1562,24,964,115,45,85,-1,-1,-1,-1
1563,24,964,114,44,87,-1,-1,-1,-1
1564,24,963,113,46,89,-1,-1,-1,-1
1565,24,965,114,44,85,-1,-1,-1,-1
1566,24,964,113,45,86,-1,-1,-1,-1
1567,24,964,113,44,86,-1,-1,-1,-1
1568,24,964,113,44,85,-1,-1,-1,-1
1569,24,962,111,44,87,-1,-1,-1,-1
1570,24,962,109,45,86,-1,-1,-1,-1
1571,24,962,109,44,85,-1,-1,-1,-1
1572,24,961,107,46,89,-1,-1,-1,-1
1573,24,960,106,46,90,-1,-1,-1,-1
1574,24,959,106,46,90,-1,-1,-1,-1
1575,24,959,106,45,90,-1,-1,-1,-1
1576,24,959,104,45,92,-1,-1,-1,-1
1577,24,959,105,46,91,-1,-1,-1,-1
1578,24,957,105,46,88,-1,-1,-1,-1
1579,24,957,103,47,91,-1,-1,-1,-1
1580,24,958,104,46,91,-1,-1,-1,-1
1581,24,958,104,45,89,-1,-1,-1,-1
1582,24,958,103,45,89,-1,-1,-1,-1
1583,24,957,102,47,90,-1,-1,-1,-1
1584,24,957,101,47,89,-1,-1,-1,-1
1585,24,957,102,45,85,-1,-1,-1,-1
1586,24,956,101,46,86,-1,-1,-1,-1
1587,24,955,100,48,86,-1,-1,-1,-1
1588,24,954,100,49,86,-1,-1,-1,-1
1589,24,954,100,49,85,-1,-1,-1,-1
1590,24,953,98,50,86,-1,-1,-1,-1
1591,24,954,96,50,90,-1,-1,-1,-1
1592,24,954,94,51,91,-1,-1,-1,-1
1593,24,954,93,51,92,-1,-1,-1,-1
1594,24,954,93,51,91,-1,-1,-1,-1
1595,24,953,93,52,89,-1,-1,-1,-1
1596,24,953,93,52,89,-1,-1,-1,-1
1597,24,952,93,50,89,-1,-1,-1,-1
1598,24,953,92,48,90,-1,-1,-1,-1
1599,24,952,92,47,90,-1,-1,-1,-1
1600,24,952,92,46,89,-1,-1,-1,-1
1601,24,952,92,45,88,-1,-1,-1,-1
1602,24,951,91,47,88,-1,-1,-1,-1
1603,24,951,91,46,88,-1,-1,-1,-1
1604,24,948,90,48,89,-1,-1,-1,-1
1605,24,947,89,47,88,-1,-1,-1,-1
1606,24,946,89,49,89,-1,-1,-1,-1
1607,24,946,88,47,89,-1,-1,-1,-1
1608,24,946,86,47,91,-1,-1,-1,-1
1609,24,945,86,46,89,-1,-1,-1,-1
1610,24,944,86,47,88,-1,-1,-1,-1
1611,24,944,88,45,83,-1,-1,-1,-1
1612,24,944,88,44,81,-1,-1,-1,-1
1613,24,943,87,45,80,-1,-1,-1,-1
1614,24,943,85,45,82,-1,-1,-1,-1
1615,24,942,84,47,86,-1,-1,-1,-1
1616,24,941,84,47,86,-1,-1,-1,-1
1617,24,941,81,46,88,-1,-1,-1,-1
1618,24,940,82,46,86,-1,-1,-1,-1
1619,24,939,81,47,86,-1,-1,-1,-1
1620,24,939,80,47,86,-1,-1,-1,-1
1621,24,940,80,45,84,-1,-1,-1,-1
1622,24,939,81,45,82,-1,-1,-1,-1
1623,24,940,81,42,80,-1,-1,-1,-1
1624,24,939,80,42,81,-1,-1,-1,-1
1625,24,940,80,39,77,-1,-1,-1,-1
1626,24,940,81,38,74,-1,-1,-1,-1
1627,24,939,81,37,74,-1,-1,-1,-1
1628,24,938,80,38,75,-1,-1,-1,-1
1629,24,937,79,39,76,-1,-1,-1,-1
1630,24,936,78,40,78,-1,-1,-1,-1
1631,24,935,76,41,78,-1,-1,-1,-1
1632,24,934,75,43,80,-1,-1,-1,-1
1633,24,933,74,45,84,-1,-1,-1,-1
1634,24,933,71,50,90,-1,-1,-1,-1
1635,24,933,73,45,85,-1,-1,-1,-1
1636,24,932,70,47,89,-1,-1,-1,-1
1637,24,932,71,46,87,-1,-1,-1,-1
1638,24,931,70,48,87,-1,-1,-1,-1
1639,24,931,69,51,87,-1,-1,-1,-1
1640,24,930,67,55,89,-1,-1,-1,-1
1641,24,931,67,53,88,-1,-1,-1,-1
1642,24,931,68,52,86,-1,-1,-1,-1
1643,24,929,67,55,89,-1,-1,-1,-1
1644,24,929,66,55,89,-1,-1,-1,-1
1645,24,930,66,52,91,-1,-1,-1,-1
1646,24,930,66,52,91,-1,-1,-1,-1
1647,24,929,65,54,91,-1,-1,-1,-1
1648,24,929,65,53,92,-1,-1,-1,-1
1649,24,929,65,52,91,-1,-1,-1,-1
1650,24,928,64,54,92,-1,-1,-1,-1
1651,24,928,65,53,91,-1,-1,-1,-1
1652,24,928,64,52,90,-1,-1,-1,-1
1653,24,927,64,53,91,-1,-1,-1,-1
1654,24,928,62,50,90,-1,-1,-1,-1
1655,24,928,60,50,92,-1,-1,-1,-1
1656,24,927,60,50,91,-1,-1,-1,-1
1657,24,927,61,48,90,-1,-1,-1,-1
1658,24,926,60,48,90,-1,-1,-1,-1
1659,24,925,60,51,91,-1,-1,-1,-1
1660,24,926,58,49,91,-1,-1,-1,-1
1661,24,926,57,49,92,-1,-1,-1,-1
1662,24,925,56,49,93,-1,-1,-1,-1
1663,24,925,54,50,94,-1,-1,-1,-1
1664,24,924,54,50,90,-1,-1,-1,-1
1665,24,923,53,51,90,-1,-1,-1,-1
1666,24,924,54,48,88,-1,-1,-1,-1
1667,24,922,52,50,90,-1,-1,-1,-1
1668,24,921,52,51,89,-1,-1,-1,-1
1669,24,920,52,51,89,-1,-1,-1,-1
1670,24,920,52,51,87,-1,-1,-1,-1
1671,24,918,52,52,86,-1,-1,-1,-1
1672,24,918,50,51,88,-1,-1,-1,-1
1673,24,919,51,49,87,-1,-1,-1,-1
1674,24,919,51,47,86,-1,-1,-1,-1
1675,24,918,50,48,87,-1,-1,-1,-1
1676,24,919,52,45,84,-1,-1,-1,-1
1677,24,918,51,45,82,-1,-1,-1,-1
1678,24,917,49,46,85,-1,-1,-1,-1
1679,24,918,51,44,82,-1,-1,-1,-1
1680,24,917,49,46,85,-1,-1,-1,-1
1681,24,918,51,44,82,-1,-1,-1,-1
1682,24,918,49,44,83,-1,-1,-1,-1
1683,24,918,48,44,85,-1,-1,-1,-1
1684,24,918,48,44,82,-1,-1,-1,-1
1685,24,919,47,41,82,-1,-1,-1,-1
1686,24,919,48,39,79,-1,-1,-1,-1
1687,24,920,50,36,74,-1,-1,-1,-1
1688,24,919,47,37,77,-1,-1,-1,-1
1689,24,919,46,37,78,-1,-1,-1,-1
1690,24,919,47,37,76,-1,-1,-1,-1
1691,24,918,45,39,79,-1,-1,-1,-1
1692,24,917,44,40,79,-1,-1,-1,-1
1693,24,915,44,41,81,-1,-1,-1,-1
1694,24,914,43,41,82,-1,-1,-1,-1
1695,24,911,39,43,86,-1,-1,-1,-1
1696,24,910,40,44,86,-1,-1,-1,-1
1697,24,911,40,43,84,-1,-1,-1,-1
1698,24,910,40,43,81,-1,-1,-1,-1
1699,24,909,37,44,84,-1,-1,-1,-1
1700,24,907,37,45,81,-1,-1,-1,-1
1701,24,907,37,44,82,-1,-1,-1,-1
1702,24,906,37,45,82,-1,-1,-1,-1
1703,24,906,36,44,86,-1,-1,-1,-1
1704,24,904,36,45,86,-1,-1,-1,-1
1705,24,904,36,44,85,-1,-1,-1,-1
1706,24,905,35,43,79,-1,-1,-1,-1
1707,24,903,34,44,83,-1,-1,-1,-1
1708,24,902,33,43,82,-1,-1,-1,-1
1709,24,901,30,48,81,-1,-1,-1,-1
1710,24,900,31,48,80,-1,-1,-1,-1
1711,24,899,29,48,82,-1,-1,-1,-1
1712,24,900,33,41,81,-1,-1,-1,-1
1713,24,899,29,39,83,-1,-1,-1,-1
1714,24,900,33,34,71,-1,-1,-1,-1
1715,24,900,32,35,76,-1,-1,-1,-1
1716,24,900,34,33,67,-1,-1,-1,-1
1717,24,899,33,35,72,-1,-1,-1,-1
1718,24,899,32,34,69,-1,-1,-1,-1
1719,24,898,34,34,64,-1,-1,-1,-1
1720,24,895,29,39,78,-1,-1,-1,-1
1721,24,893,28,41,76,-1,-1,-1,-1
1722,24,896,30,35,67,-1,-1,-1,-1
1723,24,895,26,37,69,-1,-1,-1,-1
1724,24,890,23,45,73,-1,-1,-1,-1
1725,24,891,24,40,70,-1,-1,-1,-1
1726,24,889,21,44,75,-1,-1,-1,-1
1727,24,890,21,43,79,-1,-1,-1,-1
1728,24,889,21,44,80,-1,-1,-1,-1
1729,24,890,23,42,77,-1,-1,-1,-1
1730,24,888,20,44,81,-1,-1,-1,-1
1731,24,886,19,46,82,-1,-1,-1,-1
1732,24,886,19,45,80,-1,-1,-1,-1
1733,24,886,19,43,79,-1,-1,-1,-1
1734,24,885,17,44,79,-1,-1,-1,-1
1735,24,883,17,48,84,-1,-1,-1,-1
1736,24,884,16,47,85,-1,-1,-1,-1
1737,24,882,16,47,85,-1,-1,-1,-1
1738,24,881,16,46,83,-1,-1,-1,-1
1739,24,880,15,50,85,-1,-1,-1,-1
1740,24,880,14,49,85,-1,-1,-1,-1
1741,24,880,10,48,88,-1,-1,-1,-1
1742,24,880,10,46,85,-1,-1,-1,-1
1743,24,878,10,49,85,-1,-1,-1,-1
1744,24,877,9,49,86,-1,-1,-1,-1
1745,24,878,8,48,85,-1,-1,-1,-1
1746,24,876,8,50,85,-1,-1,-1,-1
1747,24,875,8,50,84,-1,-1,-1,-1
1748,24,873,8,49,84,-1,-1,-1,-1
1749,24,873,8,48,83,-1,-1,-1,-1
1750,24,873,8,47,83,-1,-1,-1,-1
1751,24,873,9,46,81,-1,-1,-1,-1
1752,24,871,9,47,81,-1,-1,-1,-1
1753,24,871,7,48,83,-1,-1,-1,-1
1754,24,872,5,50,83,-1,-1,-1,-1
1755,24,873,7,43,77,-1,-1,-1,-1
1756,24,871,7,46,80,-1,-1,-1,-1
1757,24,868,8,48,79,-1,-1,-1,-1
1758,24,872,7,43,76,-1,-1,-1,-1
1759,24,873,7,40,77,-1,-1,-1,-1
1760,24,872,7,40,78,-1,-1,-1,-1
1761,24,870,8,40,75,-1,-1,-1,-1
1762,24,869,7,40,76,-1,-1,-1,-1
1763,24,869,7,40,73,-1,-1,-1,-1
1764,24,867,8,40,68,-1,-1,-1,-1
1765,24,867,7,43,75,-1,-1,-1,-1
1766,24,867,6,43,73,-1,-1,-1,-1
1767,24,866,6,42,69,-1,-1,-1,-1
1768,24,866,5,43,71,-1,-1,-1,-1
1769,24,863,2,47,79,-1,-1,-1,-1
1770,24,862,0,48,80,-1,-1,-1,-1
1771,24,862,1,48,81,-1,-1,-1,-1
1772,24,860,0,51,81,-1,-1,-1,-1
1773,24,860,0,50,81,-1,-1,-1,-1
1774,24,859,0,52,82,-1,-1,-1,-1
1775,24,860,0,51,83,-1,-1,-1,-1
1776,24,861,0,49,82,-1,-1,-1,-1
1777,24,859,1,51,82,-1,-1,-1,-1
1778,24,858,1,52,83,-1,-1,-1,-1
1779,24,857,1,52,79,-1,-1,-1,-1
1780,24,856,1,53,80,-1,-1,-1,-1
1781,24,857,1,49,72,-1,-1,-1,-1
1782,24,855,1,53,80,-1,-1,-1,-1
1783,24,855,1,55,82,-1,-1,-1,-1
1784,24,853,1,55,81,-1,-1,-1,-1
1785,24,853,1,54,80,-1,-1,-1,-1
1786,24,853,0,53,79,-1,-1,-1,-1
1787,24,854,0,52,81,-1,-1,-1,-1
1788,24,854,0,51,80,-1,-1,-1,-1
1789,24,853,0,53,79,-1,-1,-1,-1
1790,24,854,0,50,77,-1,-1,-1,-1
1791,24,853,0,51,77,-1,-1,-1,-1
1792,24,854,0,49,75,-1,-1,-1,-1
1793,24,854,0,50,75,-1,-1,-1,-1
1794,24,856,0,46,74,-1,-1,-1,-1
1795,24,857,1,45,66,-1,-1,-1,-1
1796,24,857,1,44,66,-1,-1,-1,-1
1797,24,857,1,43,65,-1,-1,-1,-1
1798,24,859,0,40,68,-1,-1,-1,-1
1799,24,859,0,40,66,-1,-1,-1,-1
1800,24,857,0,43,63,-1,-1,-1,-1
1801,24,857,0,43,62,-1,-1,-1,-1
1802,24,857,0,43,63,-1,-1,-1,-1
1803,24,856,0,44,63,-1,-1,-1,-1
1804,24,855,0,45,61,-1,-1,-1,-1
1805,24,851,0,53,63,-1,-1,-1,-1
1806,24,855,0,46,63,-1,-1,-1,-1
1807,24,855,0,46,62,-1,-1,-1,-1
1808,24,856,0,43,59,-1,-1,-1,-1
1809,24,855,1,42,56,-1,-1,-1,-1
1810,24,855,0,41,61,-1,-1,-1,-1
1811,24,852,0,42,56,-1,-1,-1,-1
1812,24,853,0,43,60,-1,-1,-1,-1
1813,24,855,0,40,59,-1,-1,-1,-1
1814,24,855,0,39,59,-1,-1,-1,-1
1815,24,855,0,39,56,-1,-1,-1,-1
1816,24,847,0,43,53,-1,-1,-1,-1
1817,24,854,0,39,55,-1,-1,-1,-1
1818,24,855,0,38,56,-1,-1,-1,-1
1819,24,855,2,37,54,-1,-1,-1,-1
1820,24,845,0,41,54,-1,-1,-1,-1
1821,24,844,0,45,57,-1,-1,-1,-1
1822,24,847,0,41,52,-1,-1,-1,-1
1823,24,848,0,40,51,-1,-1,-1,-1
1824,24,848,0,39,51,-1,-1,-1,-1
1825,24,847,0,41,50,-1,-1,-1,-1
1826,24,847,0,41,50,-1,-1,-1,-1
1827,24,848,0,39,49,-1,-1,-1,-1
1828,24,848,0,39,48,-1,-1,-1,-1
1829,24,848,0,39,48,-1,-1,-1,-1
1830,24,847,0,38,49,-1,-1,-1,-1
1831,24,847,0,39,47,-1,-1,-1,-1
1832,24,845,0,41,47,-1,-1,-1,-1
1833,24,844,0,41,47,-1,-1,-1,-1
1834,24,842,0,43,47,-1,-1,-1,-1
1835,24,843,0,41,45,-1,-1,-1,-1
1836,24,843,0,41,45,-1,-1,-1,-1
1837,24,842,0,41,46,-1,-1,-1,-1
1838,24,841,0,41,48,-1,-1,-1,-1
1839,24,840,0,41,47,-1,-1,-1,-1
1840,24,840,0,40,47,-1,-1,-1,-1
1841,24,840,0,39,47,-1,-1,-1,-1
1842,24,840,0,38,46,-1,-1,-1,-1
1843,24,839,0,37,49,-1,-1,-1,-1
1844,24,838,0,38,49,-1,-1,-1,-1
1845,24,838,0,38,47,-1,-1,-1,-1
1846,24,837,0,38,48,-1,-1,-1,-1
1847,24,835,0,39,53,-1,-1,-1,-1
1848,24,835,0,38,53,-1,-1,-1,-1
1849,24,834,1,39,55,-1,-1,-1,-1
1850,24,834,0,40,53,-1,-1,-1,-1
1851,24,832,0,42,55,-1,-1,-1,-1
1852,24,835,1,38,51,-1,-1,-1,-1
1853,24,837,1,35,49,-1,-1,-1,-1
1854,24,838,1,33,48,-1,-1,-1,-1
1855,24,838,1,34,50,-1,-1,-1,-1
1853,25,805,1,37,44,-1,-1,-1,-1
1854,25,806,0,31,46,-1,-1,-1,-1
1855,25,805,1,36,43,-1,-1,-1,-1
