1,0,1070,692,29,25,-1,-1,-1,-1
2,0,1067,694,29,23,-1,-1,-1,-1
3,0,1067,694,29,23,-1,-1,-1,-1
4,0,1066,694,30,23,-1,-1,-1,-1
5,0,1066,696,31,21,-1,-1,-1,-1
6,0,1066,696,30,21,-1,-1,-1,-1
7,0,1065,697,31,20,-1,-1,-1,-1
8,0,1061,694,34,24,-1,-1,-1,-1
9,0,1059,694,35,24,-1,-1,-1,-1
10,0,1062,694,29,24,-1,-1,-1,-1
11,0,1059,696,34,23,-1,-1,-1,-1
12,0,1060,696,30,22,-1,-1,-1,-1
13,0,1059,696,30,22,-1,-1,-1,-1
14,0,1055,698,34,20,-1,-1,-1,-1
1,1,103,303,19,33,-1,-1,-1,-1
2,1,102,304,18,33,-1,-1,-1,-1
3,1,101,302,19,35,-1,-1,-1,-1
4,1,101,301,19,35,-1,-1,-1,-1
5,1,100,299,20,37,-1,-1,-1,-1
6,1,98,295,22,41,-1,-1,-1,-1
7,1,98,299,21,36,-1,-1,-1,-1
8,1,97,296,22,39,-1,-1,-1,-1
9,1,97,298,21,37,-1,-1,-1,-1
10,1,96,298,22,38,-1,-1,-1,-1
11,1,97,298,20,39,-1,-1,-1,-1
12,1,95,297,22,39,-1,-1,-1,-1
13,1,93,298,21,38,-1,-1,-1,-1
14,1,93,298,21,37,-1,-1,-1,-1
15,1,93,300,18,35,-1,-1,-1,-1
16,1,92,303,17,32,-1,-1,-1,-1
17,1,91,303,17,33,-1,-1,-1,-1
18,1,90,301,18,34,-1,-1,-1,-1
19,1,91,302,17,33,-1,-1,-1,-1
20,1,88,302,19,33,-1,-1,-1,-1
21,1,86,303,19,33,-1,-1,-1,-1
22,1,86,304,18,33,-1,-1,-1,-1
23,1,85,304,19,32,-1,-1,-1,-1
24,1,84,303,20,33,-1,-1,-1,-1
25,1,84,302,20,34,-1,-1,-1,-1
26,1,82,300,21,36,-1,-1,-1,-1
27,1,82,299,21,37,-1,-1,-1,-1
28,1,82,301,21,36,-1,-1,-1,-1
29,1,83,299,18,36,-1,-1,-1,-1
30,1,81,298,19,35,-1,-1,-1,-1
31,1,81,298,18,35,-1,-1,-1,-1
32,1,79,299,18,36,-1,-1,-1,-1
33,1,76,297,21,37,-1,-1,-1,-1
34,1,78,300,17,34,-1,-1,-1,-1
35,1,76,298,19,35,-1,-1,-1,-1
36,1,75,298,19,36,-1,-1,-1,-1
37,1,75,300,19,35,-1,-1,-1,-1
38,1,73,300,19,36,-1,-1,-1,-1
39,1,73,299,19,36,-1,-1,-1,-1
40,1,71,298,19,36,-1,-1,-1,-1
41,1,68,299,20,35,-1,-1,-1,-1
42,1,69,299,19,36,-1,-1,-1,-1
43,1,66,298,20,37,-1,-1,-1,-1
44,1,67,298,20,36,-1,-1,-1,-1
45,1,68,298,20,34,-1,-1,-1,-1
46,1,66,297,22,38,-1,-1,-1,-1
47,1,67,298,18,37,-1,-1,-1,-1
48,1,67,299,17,36,-1,-1,-1,-1
49,1,67,300,16,35,-1,-1,-1,-1
50,1,64,297,20,40,-1,-1,-1,-1
51,1,66,301,18,35,-1,-1,-1,-1
52,1,65,303,17,33,-1,-1,-1,-1
53,1,65,304,16,33,-1,-1,-1,-1
54,1,61,305,19,35,-1,-1,-1,-1
55,1,61,305,16,34,-1,-1,-1,-1
56,1,63,307,14,32,-1,-1,-1,-1
57,1,61,307,15,33,-1,-1,-1,-1
58,1,59,307,15,31,-1,-1,-1,-1
59,1,59,307,15,32,-1,-1,-1,-1
60,1,56,314,18,29,-1,-1,-1,-1
61,1,56,316,17,28,-1,-1,-1,-1
62,1,57,310,17,30,-1,-1,-1,-1
63,1,56,304,16,32,-1,-1,-1,-1
64,1,56,305,16,31,-1,-1,-1,-1
65,1,55,306,17,32,-1,-1,-1,-1
68,2,49,309,17,24,-1,-1,-1,-1
69,2,49,307,18,24,-1,-1,-1,-1
70,2,46,305,18,26,-1,-1,-1,-1
71,2,46,305,17,25,-1,-1,-1,-1
72,2,47,304,15,22,-1,-1,-1,-1
73,2,47,302,15,23,-1,-1,-1,-1
74,2,46,302,16,23,-1,-1,-1,-1
75,2,46,302,16,23,-1,-1,-1,-1
76,2,46,301,15,25,-1,-1,-1,-1
77,2,45,301,16,27,-1,-1,-1,-1
78,2,43,302,17,25,-1,-1,-1,-1
79,2,43,303,17,25,-1,-1,-1,-1
80,2,42,303,17,25,-1,-1,-1,-1
81,2,41,303,17,26,-1,-1,-1,-1
82,2,40,305,18,27,-1,-1,-1,-1
83,2,39,305,19,25,-1,-1,-1,-1
84,2,38,304,19,26,-1,-1,-1,-1
85,2,38,304,19,26,-1,-1,-1,-1
86,2,39,304,17,25,-1,-1,-1,-1
87,2,38,304,19,26,-1,-1,-1,-1
88,2,36,303,20,28,-1,-1,-1,-1
91,3,34,304,18,29,-1,-1,-1,-1
92,3,33,304,18,29,-1,-1,-1,-1
93,3,33,306,18,29,-1,-1,-1,-1
94,3,33,305,17,26,-1,-1,-1,-1
95,3,32,305,18,26,-1,-1,-1,-1
96,3,30,304,19,25,-1,-1,-1,-1
98,3,28,306,18,25,-1,-1,-1,-1
99,3,24,302,18,29,-1,-1,-1,-1
100,3,23,302,19,30,-1,-1,-1,-1
106,5,20,303,17,28,-1,-1,-1,-1
107,5,20,303,16,28,-1,-1,-1,-1
108,5,20,303,16,28,-1,-1,-1,-1
109,5,19,304,15,26,-1,-1,-1,-1
110,5,18,303,15,27,-1,-1,-1,-1
111,5,17,304,15,26,-1,-1,-1,-1
112,5,15,304,17,28,-1,-1,-1,-1
113,5,12,303,18,29,-1,-1,-1,-1
114,5,11,304,19,28,-1,-1,-1,-1
115,5,10,303,18,27,-1,-1,-1,-1
116,5,10,303,18,27,-1,-1,-1,-1
117,5,9,303,19,28,-1,-1,-1,-1
118,5,8,303,19,28,-1,-1,-1,-1
119,5,7,304,20,26,-1,-1,-1,-1
120,5,5,303,21,29,-1,-1,-1,-1
121,5,6,305,19,27,-1,-1,-1,-1
122,5,5,304,19,28,-1,-1,-1,-1
123,5,5,305,19,28,-1,-1,-1,-1
124,5,5,305,17,27,-1,-1,-1,-1
125,5,2,305,19,28,-1,-1,-1,-1
126,5,2,305,18,28,-1,-1,-1,-1
291,6,1127,538,32,48,-1,-1,-1,-1
292,6,1128,537,29,56,-1,-1,-1,-1
293,6,1128,540,30,59,-1,-1,-1,-1
294,6,1125,540,36,61,-1,-1,-1,-1
1,7,1042,364,15,35,-1,-1,-1,-1
2,7,1042,365,15,35,-1,-1,-1,-1
3,7,1042,365,16,34,-1,-1,-1,-1
4,7,1041,365,16,34,-1,-1,-1,-1
5,7,1041,364,17,35,-1,-1,-1,-1
6,7,1040,365,17,35,-1,-1,-1,-1
7,7,1040,366,17,33,-1,-1,-1,-1
8,7,1040,368,16,31,-1,-1,-1,-1
9,7,1035,366,17,33,-1,-1,-1,-1
10,7,1035,366,18,32,-1,-1,-1,-1
11,7,1035,366,19,33,-1,-1,-1,-1
12,7,1033,367,18,31,-1,-1,-1,-1
13,7,1032,366,17,31,-1,-1,-1,-1
14,7,1031,366,17,31,-1,-1,-1,-1
15,7,1031,365,16,29,-1,-1,-1,-1
16,7,1030,365,17,30,-1,-1,-1,-1
17,7,1030,365,16,29,-1,-1,-1,-1
18,7,1029,365,16,29,-1,-1,-1,-1
19,7,1028,364,17,32,-1,-1,-1,-1
20,7,1027,364,18,33,-1,-1,-1,-1
21,7,1027,364,17,30,-1,-1,-1,-1
22,7,1028,365,16,29,-1,-1,-1,-1
23,7,1026,365,17,29,-1,-1,-1,-1
24,7,1025,365,17,28,-1,-1,-1,-1
25,7,1025,364,17,28,-1,-1,-1,-1
26,7,1023,365,18,26,-1,-1,-1,-1
27,7,1022,365,19,26,-1,-1,-1,-1
28,7,1022,366,17,24,-1,-1,-1,-1
29,7,1022,364,17,26,-1,-1,-1,-1
30,7,1021,364,17,27,-1,-1,-1,-1
31,7,1021,365,17,25,-1,-1,-1,-1
32,7,1018,363,19,31,-1,-1,-1,-1
33,7,1018,363,19,31,-1,-1,-1,-1
34,7,1016,363,20,30,-1,-1,-1,-1
35,7,1015,364,20,30,-1,-1,-1,-1
36,7,1015,364,19,27,-1,-1,-1,-1
37,7,1015,365,18,26,-1,-1,-1,-1
38,7,1014,365,16,23,-1,-1,-1,-1
39,7,1013,364,16,23,-1,-1,-1,-1
40,7,1012,365,15,22,-1,-1,-1,-1
41,7,1011,365,16,23,-1,-1,-1,-1
42,7,1011,365,16,23,-1,-1,-1,-1
43,7,1011,365,16,23,-1,-1,-1,-1
44,7,1009,364,18,25,-1,-1,-1,-1
45,7,1009,364,17,25,-1,-1,-1,-1
46,7,1008,364,18,26,-1,-1,-1,-1
47,7,1008,365,17,24,-1,-1,-1,-1
48,7,1008,364,16,24,-1,-1,-1,-1
49,7,1007,364,17,25,-1,-1,-1,-1
50,7,1006,363,15,27,-1,-1,-1,-1
51,7,1004,363,17,28,-1,-1,-1,-1
52,7,1004,364,17,28,-1,-1,-1,-1
53,7,1003,364,16,29,-1,-1,-1,-1
54,7,1002,364,17,29,-1,-1,-1,-1
55,7,1001,364,18,29,-1,-1,-1,-1
56,7,1001,364,18,29,-1,-1,-1,-1
57,7,1001,364,18,30,-1,-1,-1,-1
58,7,1001,364,17,29,-1,-1,-1,-1
59,7,1000,364,18,29,-1,-1,-1,-1
60,7,1000,364,17,29,-1,-1,-1,-1
61,7,999,364,18,30,-1,-1,-1,-1
62,7,999,366,17,27,-1,-1,-1,-1
63,7,997,366,17,28,-1,-1,-1,-1
64,7,997,366,17,28,-1,-1,-1,-1
65,7,996,366,17,27,-1,-1,-1,-1
66,7,996,366,17,28,-1,-1,-1,-1
67,7,994,366,17,28,-1,-1,-1,-1
68,7,993,366,18,28,-1,-1,-1,-1
69,7,993,367,17,27,-1,-1,-1,-1
70,7,992,367,18,26,-1,-1,-1,-1
71,7,991,368,19,30,-1,-1,-1,-1
72,7,991,367,18,27,-1,-1,-1,-1
73,7,991,366,18,27,-1,-1,-1,-1
74,7,990,367,18,26,-1,-1,-1,-1
75,7,990,366,17,27,-1,-1,-1,-1
76,7,989,367,18,27,-1,-1,-1,-1
77,7,988,366,18,32,-1,-1,-1,-1
78,7,986,366,18,31,-1,-1,-1,-1
79,7,986,365,18,33,-1,-1,-1,-1
80,7,986,366,17,32,-1,-1,-1,-1
81,7,985,366,18,31,-1,-1,-1,-1
82,7,984,366,18,31,-1,-1,-1,-1
83,7,983,366,18,31,-1,-1,-1,-1
84,7,983,365,17,32,-1,-1,-1,-1
85,7,981,366,18,30,-1,-1,-1,-1
86,7,981,366,18,30,-1,-1,-1,-1
87,7,982,366,17,27,-1,-1,-1,-1
88,7,981,366,19,28,-1,-1,-1,-1
89,7,979,365,17,31,-1,-1,-1,-1
90,7,978,365,17,31,-1,-1,-1,-1
91,7,977,367,19,28,-1,-1,-1,-1
92,7,976,368,19,29,-1,-1,-1,-1
93,7,975,369,20,29,-1,-1,-1,-1
94,7,975,369,19,28,-1,-1,-1,-1
95,7,974,369,20,27,-1,-1,-1,-1
96,7,974,369,20,27,-1,-1,-1,-1
97,7,974,369,19,29,-1,-1,-1,-1
98,7,973,368,16,31,-1,-1,-1,-1
99,7,972,369,19,29,-1,-1,-1,-1
100,7,971,368,16,31,-1,-1,-1,-1
101,7,971,369,16,30,-1,-1,-1,-1
102,7,971,368,15,31,-1,-1,-1,-1
103,7,970,368,16,30,-1,-1,-1,-1
104,7,969,369,16,30,-1,-1,-1,-1
105,7,968,370,16,30,-1,-1,-1,-1
106,7,967,370,17,30,-1,-1,-1,-1
107,7,965,369,17,31,-1,-1,-1,-1
108,7,965,370,17,31,-1,-1,-1,-1
109,7,964,370,18,30,-1,-1,-1,-1
110,7,963,371,18,30,-1,-1,-1,-1
111,7,963,371,17,29,-1,-1,-1,-1
112,7,962,371,17,29,-1,-1,-1,-1
113,7,962,370,17,28,-1,-1,-1,-1
114,7,961,369,18,28,-1,-1,-1,-1
115,7,961,370,16,28,-1,-1,-1,-1
116,7,960,370,17,31,-1,-1,-1,-1
117,7,960,372,17,28,-1,-1,-1,-1
118,7,960,373,16,28,-1,-1,-1,-1
119,7,960,372,15,29,-1,-1,-1,-1
120,7,957,371,16,30,-1,-1,-1,-1
121,7,957,371,16,31,-1,-1,-1,-1
122,7,956,370,17,32,-1,-1,-1,-1
123,7,953,369,18,32,-1,-1,-1,-1
124,7,951,370,19,33,-1,-1,-1,-1
125,7,949,371,19,33,-1,-1,-1,-1
126,7,949,372,18,32,-1,-1,-1,-1
127,7,948,372,17,32,-1,-1,-1,-1
128,7,948,372,17,33,-1,-1,-1,-1
129,7,948,373,17,32,-1,-1,-1,-1
130,7,947,373,18,31,-1,-1,-1,-1
131,7,947,374,18,31,-1,-1,-1,-1
132,7,946,372,18,34,-1,-1,-1,-1
133,7,945,373,18,32,-1,-1,-1,-1
134,7,945,373,18,31,-1,-1,-1,-1
135,7,945,373,18,32,-1,-1,-1,-1
136,7,943,370,19,34,-1,-1,-1,-1
137,7,943,372,17,33,-1,-1,-1,-1
138,7,943,371,18,34,-1,-1,-1,-1
139,7,942,370,18,34,-1,-1,-1,-1
140,7,941,370,18,34,-1,-1,-1,-1
141,7,941,371,17,33,-1,-1,-1,-1
142,7,940,372,17,33,-1,-1,-1,-1
143,7,939,373,17,33,-1,-1,-1,-1
144,7,937,372,18,34,-1,-1,-1,-1
145,7,935,373,19,34,-1,-1,-1,-1
146,7,934,373,18,34,-1,-1,-1,-1
147,7,935,375,17,33,-1,-1,-1,-1
148,7,934,375,16,32,-1,-1,-1,-1
149,7,933,373,16,34,-1,-1,-1,-1
150,7,933,374,16,33,-1,-1,-1,-1
151,7,932,373,16,33,-1,-1,-1,-1
152,7,931,374,17,33,-1,-1,-1,-1
153,7,931,375,16,31,-1,-1,-1,-1
154,7,930,375,17,32,-1,-1,-1,-1
155,7,927,372,18,37,-1,-1,-1,-1
156,7,926,372,19,37,-1,-1,-1,-1
157,7,925,374,19,35,-1,-1,-1,-1
158,7,925,374,18,35,-1,-1,-1,-1
159,7,924,376,18,35,-1,-1,-1,-1
160,7,923,375,18,36,-1,-1,-1,-1
161,7,923,374,18,35,-1,-1,-1,-1
162,7,922,375,19,35,-1,-1,-1,-1
163,7,923,376,17,35,-1,-1,-1,-1
164,7,922,375,17,36,-1,-1,-1,-1
165,7,922,375,16,36,-1,-1,-1,-1
166,7,921,376,17,35,-1,-1,-1,-1
167,7,920,378,17,33,-1,-1,-1,-1
168,7,919,377,17,32,-1,-1,-1,-1
169,7,919,373,16,36,-1,-1,-1,-1
170,7,919,377,16,34,-1,-1,-1,-1
171,7,918,381,17,33,-1,-1,-1,-1
172,7,917,381,17,33,-1,-1,-1,-1
173,7,916,380,18,33,-1,-1,-1,-1
174,7,915,380,18,33,-1,-1,-1,-1
175,7,913,378,20,34,-1,-1,-1,-1
176,7,911,376,21,39,-1,-1,-1,-1
177,7,910,374,21,39,-1,-1,-1,-1
178,7,909,374,22,42,-1,-1,-1,-1
179,7,909,375,22,41,-1,-1,-1,-1
180,7,909,375,20,39,-1,-1,-1,-1
181,7,908,376,23,42,-1,-1,-1,-1
182,7,908,376,22,40,-1,-1,-1,-1
183,7,908,377,22,39,-1,-1,-1,-1
184,7,907,377,20,37,-1,-1,-1,-1
185,7,906,376,22,39,-1,-1,-1,-1
186,7,905,377,22,37,-1,-1,-1,-1
187,7,905,376,20,36,-1,-1,-1,-1
188,7,903,376,22,38,-1,-1,-1,-1
189,7,903,375,21,39,-1,-1,-1,-1
190,7,901,375,22,39,-1,-1,-1,-1
191,7,900,375,24,38,-1,-1,-1,-1
192,7,900,376,23,38,-1,-1,-1,-1
193,7,900,377,21,37,-1,-1,-1,-1
194,7,899,377,22,37,-1,-1,-1,-1
195,7,898,377,22,36,-1,-1,-1,-1
196,7,897,377,22,36,-1,-1,-1,-1
197,7,899,378,19,35,-1,-1,-1,-1
198,7,896,378,21,36,-1,-1,-1,-1
199,7,896,376,21,36,-1,-1,-1,-1
200,7,895,375,20,39,-1,-1,-1,-1
201,7,896,375,18,41,-1,-1,-1,-1
202,7,893,376,20,39,-1,-1,-1,-1
203,7,895,376,19,41,-1,-1,-1,-1
204,7,892,373,20,42,-1,-1,-1,-1
205,7,891,374,21,42,-1,-1,-1,-1
206,7,891,377,21,38,-1,-1,-1,-1
207,7,891,375,21,41,-1,-1,-1,-1
208,7,888,375,23,40,-1,-1,-1,-1
209,7,888,374,23,42,-1,-1,-1,-1
210,7,888,374,22,42,-1,-1,-1,-1
211,7,886,375,21,42,-1,-1,-1,-1
212,7,886,376,21,39,-1,-1,-1,-1
213,7,885,376,20,39,-1,-1,-1,-1
214,7,884,375,21,41,-1,-1,-1,-1
215,7,884,375,21,40,-1,-1,-1,-1
216,7,882,376,22,38,-1,-1,-1,-1
217,7,881,377,22,40,-1,-1,-1,-1
218,7,881,374,22,41,-1,-1,-1,-1
219,7,881,375,22,41,-1,-1,-1,-1
220,7,882,382,20,37,-1,-1,-1,-1
221,7,881,378,22,39,-1,-1,-1,-1
222,7,880,377,23,41,-1,-1,-1,-1
223,7,879,381,21,38,-1,-1,-1,-1
224,7,877,372,24,49,-1,-1,-1,-1
225,7,878,372,23,49,-1,-1,-1,-1
226,7,878,372,22,49,-1,-1,-1,-1
227,7,875,376,24,43,-1,-1,-1,-1
228,7,874,378,24,42,-1,-1,-1,-1
229,7,874,374,23,45,-1,-1,-1,-1
230,7,874,374,22,44,-1,-1,-1,-1
231,7,875,373,22,46,-1,-1,-1,-1
232,7,873,373,23,44,-1,-1,-1,-1
233,7,872,375,23,44,-1,-1,-1,-1
234,7,871,377,23,42,-1,-1,-1,-1
235,7,870,378,23,42,-1,-1,-1,-1
236,7,868,377,23,44,-1,-1,-1,-1
237,7,867,378,23,43,-1,-1,-1,-1
238,7,866,379,24,43,-1,-1,-1,-1
239,7,865,377,25,45,-1,-1,-1,-1
240,7,864,375,25,45,-1,-1,-1,-1
241,7,864,375,25,45,-1,-1,-1,-1
242,7,865,377,23,43,-1,-1,-1,-1
243,7,862,375,24,46,-1,-1,-1,-1
244,7,862,374,23,46,-1,-1,-1,-1
245,7,862,374,23,47,-1,-1,-1,-1
246,7,861,375,24,47,-1,-1,-1,-1
247,7,861,378,24,45,-1,-1,-1,-1
248,7,860,379,24,45,-1,-1,-1,-1
249,7,859,382,24,40,-1,-1,-1,-1
250,7,861,380,22,41,-1,-1,-1,-1
251,7,860,380,23,40,-1,-1,-1,-1
252,7,859,380,23,40,-1,-1,-1,-1
253,7,858,380,23,41,-1,-1,-1,-1
254,7,857,381,23,40,-1,-1,-1,-1
255,7,857,382,22,40,-1,-1,-1,-1
256,7,855,381,21,41,-1,-1,-1,-1
257,7,854,380,22,43,-1,-1,-1,-1
258,7,853,381,22,41,-1,-1,-1,-1
259,7,854,379,22,45,-1,-1,-1,-1
260,7,852,378,21,45,-1,-1,-1,-1
261,7,851,378,22,45,-1,-1,-1,-1
262,7,850,378,22,42,-1,-1,-1,-1
263,7,850,380,22,39,-1,-1,-1,-1
264,7,850,380,22,39,-1,-1,-1,-1
265,7,849,377,22,42,-1,-1,-1,-1
266,7,850,380,20,41,-1,-1,-1,-1
267,7,848,379,23,42,-1,-1,-1,-1
268,7,845,377,25,43,-1,-1,-1,-1
269,7,847,380,23,44,-1,-1,-1,-1
270,7,846,378,23,44,-1,-1,-1,-1
271,7,843,376,23,47,-1,-1,-1,-1
272,7,842,378,23,44,-1,-1,-1,-1
273,7,843,381,21,42,-1,-1,-1,-1
274,7,841,382,21,42,-1,-1,-1,-1
275,7,840,382,22,41,-1,-1,-1,-1
276,7,839,381,23,43,-1,-1,-1,-1
277,7,837,379,23,47,-1,-1,-1,-1
278,7,837,381,23,43,-1,-1,-1,-1
279,7,835,382,23,41,-1,-1,-1,-1
280,7,836,380,22,46,-1,-1,-1,-1
281,7,833,378,23,42,-1,-1,-1,-1
282,7,831,376,25,44,-1,-1,-1,-1
283,7,831,378,23,41,-1,-1,-1,-1
284,7,832,379,23,41,-1,-1,-1,-1
285,7,834,379,21,45,-1,-1,-1,-1
286,7,833,378,22,46,-1,-1,-1,-1
287,7,832,378,21,46,-1,-1,-1,-1
288,7,831,378,23,46,-1,-1,-1,-1
289,7,831,380,21,43,-1,-1,-1,-1
290,7,830,381,22,43,-1,-1,-1,-1
291,7,828,379,23,45,-1,-1,-1,-1
292,7,827,379,24,45,-1,-1,-1,-1
293,7,828,379,21,43,-1,-1,-1,-1
294,7,827,381,21,42,-1,-1,-1,-1
295,7,827,380,21,44,-1,-1,-1,-1
296,7,827,378,22,45,-1,-1,-1,-1
297,7,826,379,23,46,-1,-1,-1,-1
298,7,825,378,22,46,-1,-1,-1,-1
299,7,824,379,23,45,-1,-1,-1,-1
300,7,823,381,22,43,-1,-1,-1,-1
301,7,822,380,24,45,-1,-1,-1,-1
302,7,822,382,22,44,-1,-1,-1,-1
303,7,820,383,23,44,-1,-1,-1,-1
304,7,819,385,23,42,-1,-1,-1,-1
305,7,818,383,23,45,-1,-1,-1,-1
306,7,819,384,22,44,-1,-1,-1,-1
307,7,819,384,22,44,-1,-1,-1,-1
308,7,818,383,21,46,-1,-1,-1,-1
309,7,817,383,22,46,-1,-1,-1,-1
310,7,815,382,22,49,-1,-1,-1,-1
311,7,816,382,21,46,-1,-1,-1,-1
312,7,816,383,21,45,-1,-1,-1,-1
313,7,815,383,21,45,-1,-1,-1,-1
314,7,813,383,22,45,-1,-1,-1,-1
513,8,816,251,17,28,-1,-1,-1,-1
514,8,817,252,17,27,-1,-1,-1,-1
515,8,817,252,17,27,-1,-1,-1,-1
516,8,817,251,17,28,-1,-1,-1,-1
517,8,817,251,17,28,-1,-1,-1,-1
154,9,1264,504,13,36,-1,-1,-1,-1
155,9,1262,504,15,36,-1,-1,-1,-1
156,9,1261,502,18,40,-1,-1,-1,-1
157,9,1261,502,18,40,-1,-1,-1,-1
158,9,1261,502,18,40,-1,-1,-1,-1
159,9,1262,506,16,38,-1,-1,-1,-1
160,9,1262,504,16,40,-1,-1,-1,-1
161,9,1262,502,16,43,-1,-1,-1,-1
162,9,1261,505,17,39,-1,-1,-1,-1
163,9,1262,504,17,39,-1,-1,-1,-1
164,9,1262,501,17,41,-1,-1,-1,-1
165,9,1262,501,17,41,-1,-1,-1,-1
166,9,1262,501,17,41,-1,-1,-1,-1
167,9,1262,501,17,42,-1,-1,-1,-1
168,9,1262,499,17,44,-1,-1,-1,-1
169,9,1262,499,17,45,-1,-1,-1,-1
170,9,1261,498,18,46,-1,-1,-1,-1
171,9,1261,500,18,45,-1,-1,-1,-1
172,9,1261,501,18,46,-1,-1,-1,-1
173,9,1261,501,18,47,-1,-1,-1,-1
174,9,1261,498,15,52,-1,-1,-1,-1
175,9,1261,500,18,50,-1,-1,-1,-1
176,9,1261,504,18,46,-1,-1,-1,-1
177,9,1261,505,17,47,-1,-1,-1,-1
178,9,1262,503,16,49,-1,-1,-1,-1
179,9,1261,500,18,51,-1,-1,-1,-1
180,9,1260,504,19,48,-1,-1,-1,-1
181,9,1259,500,20,51,-1,-1,-1,-1
182,9,1261,502,16,51,-1,-1,-1,-1
183,9,1261,499,16,54,-1,-1,-1,-1
184,9,1260,501,17,52,-1,-1,-1,-1
185,9,1260,500,17,53,-1,-1,-1,-1
186,9,1260,499,18,53,-1,-1,-1,-1
187,9,1259,499,19,54,-1,-1,-1,-1
188,9,1259,498,19,56,-1,-1,-1,-1
189,9,1260,497,18,58,-1,-1,-1,-1
190,9,1259,499,19,55,-1,-1,-1,-1
191,9,1258,499,19,54,-1,-1,-1,-1
192,9,1259,500,19,55,-1,-1,-1,-1
193,9,1255,498,24,58,-1,-1,-1,-1
194,9,1257,498,21,58,-1,-1,-1,-1
195,9,1253,498,23,57,-1,-1,-1,-1
196,9,1256,497,21,59,-1,-1,-1,-1
197,9,1256,498,21,57,-1,-1,-1,-1
198,9,1256,498,21,58,-1,-1,-1,-1
199,9,1256,499,21,57,-1,-1,-1,-1
200,9,1256,500,20,56,-1,-1,-1,-1
201,9,1255,499,21,57,-1,-1,-1,-1
202,9,1255,498,22,58,-1,-1,-1,-1
203,9,1255,498,22,58,-1,-1,-1,-1
204,9,1255,498,21,59,-1,-1,-1,-1
205,9,1254,498,22,59,-1,-1,-1,-1
206,9,1254,497,23,62,-1,-1,-1,-1
207,9,1254,495,22,63,-1,-1,-1,-1
208,9,1254,497,22,61,-1,-1,-1,-1
209,9,1255,497,22,61,-1,-1,-1,-1
210,9,1255,499,22,59,-1,-1,-1,-1
211,9,1255,498,23,59,-1,-1,-1,-1
212,9,1255,499,22,58,-1,-1,-1,-1
213,9,1255,499,22,58,-1,-1,-1,-1
214,9,1255,499,22,59,-1,-1,-1,-1
215,9,1254,499,23,59,-1,-1,-1,-1
216,9,1254,500,22,57,-1,-1,-1,-1
217,9,1254,500,23,58,-1,-1,-1,-1
218,9,1253,500,23,59,-1,-1,-1,-1
219,9,1250,500,27,58,-1,-1,-1,-1
220,9,1248,500,28,60,-1,-1,-1,-1
221,9,1246,501,29,60,-1,-1,-1,-1
222,9,1247,503,28,59,-1,-1,-1,-1
223,9,1248,504,28,57,-1,-1,-1,-1
224,9,1248,504,27,59,-1,-1,-1,-1
225,9,1247,504,28,58,-1,-1,-1,-1
226,9,1248,505,27,57,-1,-1,-1,-1
227,9,1247,506,29,57,-1,-1,-1,-1
228,9,1247,507,28,55,-1,-1,-1,-1
229,9,1247,509,30,53,-1,-1,-1,-1
230,9,1246,506,29,57,-1,-1,-1,-1
231,9,1246,507,27,56,-1,-1,-1,-1
232,9,1245,505,29,58,-1,-1,-1,-1
233,9,1244,504,28,59,-1,-1,-1,-1
234,9,1242,504,28,60,-1,-1,-1,-1
235,9,1243,506,27,59,-1,-1,-1,-1
236,9,1242,508,28,59,-1,-1,-1,-1
237,9,1242,506,28,61,-1,-1,-1,-1
238,9,1242,508,27,60,-1,-1,-1,-1
239,9,1242,507,27,60,-1,-1,-1,-1
240,9,1241,507,29,61,-1,-1,-1,-1
241,9,1241,508,28,61,-1,-1,-1,-1
242,9,1241,510,28,59,-1,-1,-1,-1
243,9,1241,508,28,60,-1,-1,-1,-1
244,9,1241,509,28,60,-1,-1,-1,-1
245,9,1241,510,27,58,-1,-1,-1,-1
246,9,1240,511,28,59,-1,-1,-1,-1
247,9,1241,515,26,56,-1,-1,-1,-1
248,9,1240,516,27,55,-1,-1,-1,-1
249,9,1240,517,26,54,-1,-1,-1,-1
250,9,1241,514,26,57,-1,-1,-1,-1
251,9,1241,518,25,53,-1,-1,-1,-1
252,9,1241,518,24,54,-1,-1,-1,-1
253,9,1240,518,25,54,-1,-1,-1,-1
254,9,1240,519,24,53,-1,-1,-1,-1
255,9,1240,518,24,54,-1,-1,-1,-1
256,9,1240,518,24,53,-1,-1,-1,-1
257,9,1240,517,24,55,-1,-1,-1,-1
258,9,1240,517,24,55,-1,-1,-1,-1
259,9,1239,517,25,55,-1,-1,-1,-1
260,9,1239,516,25,55,-1,-1,-1,-1
261,9,1237,513,26,59,-1,-1,-1,-1
262,9,1237,511,27,62,-1,-1,-1,-1
263,9,1236,508,29,65,-1,-1,-1,-1
264,9,1236,508,29,64,-1,-1,-1,-1
265,9,1236,509,28,62,-1,-1,-1,-1
266,9,1236,509,28,63,-1,-1,-1,-1
267,9,1236,510,27,62,-1,-1,-1,-1
268,9,1237,510,27,62,-1,-1,-1,-1
269,9,1236,510,27,63,-1,-1,-1,-1
270,9,1236,511,27,63,-1,-1,-1,-1
271,9,1237,513,27,60,-1,-1,-1,-1
272,9,1237,514,27,59,-1,-1,-1,-1
273,9,1235,516,29,61,-1,-1,-1,-1
274,9,1235,515,30,61,-1,-1,-1,-1
275,9,1234,515,31,61,-1,-1,-1,-1
276,9,1235,515,30,60,-1,-1,-1,-1
277,9,1235,516,30,58,-1,-1,-1,-1
278,9,1234,515,31,60,-1,-1,-1,-1
279,9,1234,516,31,58,-1,-1,-1,-1
280,9,1234,515,31,60,-1,-1,-1,-1
281,9,1235,514,29,60,-1,-1,-1,-1
282,9,1235,516,28,58,-1,-1,-1,-1
283,9,1234,515,29,60,-1,-1,-1,-1
284,9,1234,513,29,62,-1,-1,-1,-1
285,9,1234,515,29,61,-1,-1,-1,-1
286,9,1234,516,29,61,-1,-1,-1,-1
287,9,1235,518,29,59,-1,-1,-1,-1
288,9,1235,518,29,59,-1,-1,-1,-1
289,9,1234,518,31,61,-1,-1,-1,-1
290,9,1234,518,29,59,-1,-1,-1,-1
291,9,1232,519,30,59,-1,-1,-1,-1
292,9,1232,519,30,58,-1,-1,-1,-1
293,9,1232,519,29,58,-1,-1,-1,-1
294,9,1231,518,30,62,-1,-1,-1,-1
295,9,1231,519,29,60,-1,-1,-1,-1
296,9,1230,519,30,61,-1,-1,-1,-1
297,9,1230,518,30,62,-1,-1,-1,-1
298,9,1230,518,30,62,-1,-1,-1,-1
299,9,1230,518,30,62,-1,-1,-1,-1
300,9,1230,518,31,62,-1,-1,-1,-1
301,9,1231,520,31,62,-1,-1,-1,-1
302,9,1231,520,31,63,-1,-1,-1,-1
303,9,1231,520,30,64,-1,-1,-1,-1
304,9,1231,521,30,63,-1,-1,-1,-1
305,9,1230,522,31,62,-1,-1,-1,-1
306,9,1230,522,31,63,-1,-1,-1,-1
307,9,1230,521,31,63,-1,-1,-1,-1
308,9,1230,522,30,62,-1,-1,-1,-1
309,9,1231,521,29,63,-1,-1,-1,-1
310,9,1230,521,31,63,-1,-1,-1,-1
311,9,1230,522,31,62,-1,-1,-1,-1
312,9,1229,522,31,61,-1,-1,-1,-1
313,9,1229,522,31,62,-1,-1,-1,-1
314,9,1229,522,30,62,-1,-1,-1,-1
315,9,1223,530,29,60,-1,-1,-1,-1
316,9,1222,531,29,61,-1,-1,-1,-1
317,9,1222,529,28,65,-1,-1,-1,-1
318,9,1222,531,28,60,-1,-1,-1,-1
319,9,1222,532,27,60,-1,-1,-1,-1
320,9,1222,531,27,61,-1,-1,-1,-1
321,9,1222,534,28,58,-1,-1,-1,-1
322,9,1223,532,26,60,-1,-1,-1,-1
323,9,1222,531,28,63,-1,-1,-1,-1
324,9,1222,532,28,62,-1,-1,-1,-1
325,9,1219,534,30,59,-1,-1,-1,-1
326,9,1219,531,30,64,-1,-1,-1,-1
327,9,1221,532,28,62,-1,-1,-1,-1
328,9,1219,535,29,59,-1,-1,-1,-1
329,9,1218,535,30,57,-1,-1,-1,-1
330,9,1220,532,29,62,-1,-1,-1,-1
331,9,1220,532,29,62,-1,-1,-1,-1
332,9,1220,532,29,63,-1,-1,-1,-1
333,9,1214,536,31,65,-1,-1,-1,-1
334,9,1214,536,31,66,-1,-1,-1,-1
335,9,1213,536,32,67,-1,-1,-1,-1
336,9,1214,537,31,67,-1,-1,-1,-1
337,9,1213,538,32,67,-1,-1,-1,-1
338,9,1213,538,32,66,-1,-1,-1,-1
339,9,1213,539,31,65,-1,-1,-1,-1
340,9,1212,540,33,65,-1,-1,-1,-1
341,9,1212,540,32,65,-1,-1,-1,-1
342,9,1212,540,32,63,-1,-1,-1,-1
343,9,1212,540,32,64,-1,-1,-1,-1
344,9,1211,542,32,62,-1,-1,-1,-1
345,9,1212,541,31,63,-1,-1,-1,-1
346,9,1212,542,31,62,-1,-1,-1,-1
347,9,1211,541,32,63,-1,-1,-1,-1
348,9,1211,541,31,64,-1,-1,-1,-1
349,9,1210,542,31,60,-1,-1,-1,-1
350,9,1210,542,30,63,-1,-1,-1,-1
351,9,1210,543,29,60,-1,-1,-1,-1
352,9,1209,543,29,62,-1,-1,-1,-1
353,9,1207,543,31,64,-1,-1,-1,-1
354,9,1207,543,30,64,-1,-1,-1,-1
355,9,1206,543,32,65,-1,-1,-1,-1
356,9,1206,543,32,66,-1,-1,-1,-1
357,9,1207,545,29,61,-1,-1,-1,-1
358,9,1208,544,28,62,-1,-1,-1,-1
359,9,1207,544,28,62,-1,-1,-1,-1
360,9,1207,545,29,61,-1,-1,-1,-1
361,9,1207,544,28,63,-1,-1,-1,-1
362,9,1205,543,31,64,-1,-1,-1,-1
363,9,1205,544,31,65,-1,-1,-1,-1
364,9,1205,544,31,64,-1,-1,-1,-1
365,9,1204,543,32,66,-1,-1,-1,-1
366,9,1204,543,32,67,-1,-1,-1,-1
367,9,1203,544,34,67,-1,-1,-1,-1
368,9,1202,545,35,67,-1,-1,-1,-1
369,9,1202,546,34,66,-1,-1,-1,-1
370,9,1202,547,34,66,-1,-1,-1,-1
371,9,1202,548,34,66,-1,-1,-1,-1
372,9,1203,551,32,64,-1,-1,-1,-1
373,9,1200,549,35,66,-1,-1,-1,-1
374,9,1200,550,34,65,-1,-1,-1,-1
375,9,1200,550,34,65,-1,-1,-1,-1
376,9,1200,550,34,65,-1,-1,-1,-1
377,9,1201,550,33,65,-1,-1,-1,-1
378,9,1201,551,32,64,-1,-1,-1,-1
379,9,1199,550,35,65,-1,-1,-1,-1
380,9,1199,550,34,65,-1,-1,-1,-1
381,9,1198,551,34,65,-1,-1,-1,-1
382,9,1198,550,34,66,-1,-1,-1,-1
383,9,1197,550,35,66,-1,-1,-1,-1
384,9,1197,550,34,67,-1,-1,-1,-1
385,9,1197,551,33,67,-1,-1,-1,-1
386,9,1197,551,33,67,-1,-1,-1,-1
387,9,1197,552,33,67,-1,-1,-1,-1
388,9,1196,554,33,65,-1,-1,-1,-1
389,9,1197,554,31,65,-1,-1,-1,-1
390,9,1197,554,31,64,-1,-1,-1,-1
391,9,1195,555,31,62,-1,-1,-1,-1
392,9,1194,554,32,63,-1,-1,-1,-1
393,9,1193,555,32,63,-1,-1,-1,-1
394,9,1193,555,31,63,-1,-1,-1,-1
395,9,1193,555,31,63,-1,-1,-1,-1
396,9,1192,554,31,65,-1,-1,-1,-1
397,9,1192,556,29,62,-1,-1,-1,-1
398,9,1192,556,30,64,-1,-1,-1,-1
399,9,1192,556,29,65,-1,-1,-1,-1
400,9,1192,558,28,62,-1,-1,-1,-1
401,9,1192,560,28,61,-1,-1,-1,-1
402,9,1192,559,28,61,-1,-1,-1,-1
403,9,1191,559,29,63,-1,-1,-1,-1
404,9,1191,558,28,65,-1,-1,-1,-1
405,9,1191,557,29,66,-1,-1,-1,-1
406,9,1191,558,29,65,-1,-1,-1,-1
407,9,1191,558,29,65,-1,-1,-1,-1
408,9,1191,558,29,65,-1,-1,-1,-1
409,9,1191,558,29,66,-1,-1,-1,-1
410,9,1190,558,30,66,-1,-1,-1,-1
411,9,1190,557,30,67,-1,-1,-1,-1
412,9,1190,558,30,66,-1,-1,-1,-1
413,9,1190,558,30,66,-1,-1,-1,-1
414,9,1189,558,31,67,-1,-1,-1,-1
415,9,1189,559,31,66,-1,-1,-1,-1
416,9,1188,559,32,67,-1,-1,-1,-1
417,9,1187,559,33,68,-1,-1,-1,-1
418,9,1186,561,34,66,-1,-1,-1,-1
419,9,1185,560,36,69,-1,-1,-1,-1
420,9,1184,561,36,68,-1,-1,-1,-1
421,9,1182,563,38,67,-1,-1,-1,-1
422,9,1182,564,38,66,-1,-1,-1,-1
423,9,1183,564,36,65,-1,-1,-1,-1
424,9,1181,564,37,66,-1,-1,-1,-1
425,9,1180,564,38,64,-1,-1,-1,-1
426,9,1179,564,39,65,-1,-1,-1,-1
427,9,1180,563,37,68,-1,-1,-1,-1
428,9,1181,564,35,67,-1,-1,-1,-1
429,9,1181,565,35,67,-1,-1,-1,-1
430,9,1181,564,34,68,-1,-1,-1,-1
431,9,1180,564,35,68,-1,-1,-1,-1
432,9,1180,565,35,67,-1,-1,-1,-1
433,9,1179,565,35,68,-1,-1,-1,-1
434,9,1180,565,33,69,-1,-1,-1,-1
435,9,1179,566,34,68,-1,-1,-1,-1
436,9,1180,566,32,68,-1,-1,-1,-1
437,9,1180,567,33,68,-1,-1,-1,-1
438,9,1179,567,33,68,-1,-1,-1,-1
439,9,1179,567,33,68,-1,-1,-1,-1
440,9,1179,568,33,67,-1,-1,-1,-1
441,9,1179,568,32,68,-1,-1,-1,-1
442,9,1179,568,32,68,-1,-1,-1,-1
443,9,1179,568,32,68,-1,-1,-1,-1
444,9,1179,568,32,68,-1,-1,-1,-1
445,9,1177,568,32,68,-1,-1,-1,-1
446,9,1177,569,31,67,-1,-1,-1,-1
447,9,1177,571,30,66,-1,-1,-1,-1
448,9,1176,572,29,66,-1,-1,-1,-1
449,9,1175,572,30,66,-1,-1,-1,-1
450,9,1175,572,30,66,-1,-1,-1,-1
451,9,1175,572,29,66,-1,-1,-1,-1
452,9,1175,572,31,68,-1,-1,-1,-1
453,9,1175,573,29,66,-1,-1,-1,-1
454,9,1176,573,29,67,-1,-1,-1,-1
455,9,1175,573,30,67,-1,-1,-1,-1
456,9,1175,573,30,67,-1,-1,-1,-1
457,9,1173,573,32,68,-1,-1,-1,-1
458,9,1172,572,34,69,-1,-1,-1,-1
459,9,1172,572,33,69,-1,-1,-1,-1
460,9,1172,572,34,69,-1,-1,-1,-1
461,9,1172,573,33,70,-1,-1,-1,-1
462,9,1171,573,35,71,-1,-1,-1,-1
463,9,1171,575,34,69,-1,-1,-1,-1
464,9,1170,576,35,69,-1,-1,-1,-1
465,9,1169,576,34,69,-1,-1,-1,-1
466,9,1169,577,34,69,-1,-1,-1,-1
467,9,1169,578,35,70,-1,-1,-1,-1
468,9,1168,577,35,72,-1,-1,-1,-1
469,9,1167,578,35,70,-1,-1,-1,-1
470,9,1167,579,35,69,-1,-1,-1,-1
471,9,1167,580,36,68,-1,-1,-1,-1
472,9,1168,581,34,67,-1,-1,-1,-1
473,9,1168,582,34,65,-1,-1,-1,-1
474,9,1167,582,35,66,-1,-1,-1,-1
475,9,1167,582,35,65,-1,-1,-1,-1
476,9,1167,581,34,66,-1,-1,-1,-1
477,9,1167,581,33,66,-1,-1,-1,-1
478,9,1166,582,34,65,-1,-1,-1,-1
479,9,1165,580,36,68,-1,-1,-1,-1
480,9,1165,579,35,71,-1,-1,-1,-1
481,9,1165,579,35,71,-1,-1,-1,-1
482,9,1165,580,34,70,-1,-1,-1,-1
483,9,1164,581,36,69,-1,-1,-1,-1
484,9,1164,581,34,70,-1,-1,-1,-1
485,9,1164,581,34,70,-1,-1,-1,-1
486,9,1164,581,33,70,-1,-1,-1,-1
487,9,1164,582,32,69,-1,-1,-1,-1
488,9,1163,583,32,67,-1,-1,-1,-1
489,9,1162,583,32,66,-1,-1,-1,-1
490,9,1161,584,31,66,-1,-1,-1,-1
491,9,1161,584,30,66,-1,-1,-1,-1
492,9,1160,585,31,66,-1,-1,-1,-1
493,9,1160,585,31,67,-1,-1,-1,-1
494,9,1160,586,32,67,-1,-1,-1,-1
495,9,1160,587,30,67,-1,-1,-1,-1
496,9,1159,587,32,67,-1,-1,-1,-1
497,9,1160,587,30,67,-1,-1,-1,-1
498,9,1159,586,31,69,-1,-1,-1,-1
499,9,1159,586,31,70,-1,-1,-1,-1
500,9,1159,587,31,72,-1,-1,-1,-1
501,9,1159,588,31,71,-1,-1,-1,-1
502,9,1159,588,32,71,-1,-1,-1,-1
503,9,1159,588,32,72,-1,-1,-1,-1
504,9,1158,588,32,71,-1,-1,-1,-1
505,9,1158,588,32,72,-1,-1,-1,-1
506,9,1158,587,32,73,-1,-1,-1,-1
507,9,1158,587,32,73,-1,-1,-1,-1
508,9,1157,587,33,74,-1,-1,-1,-1
509,9,1157,587,33,72,-1,-1,-1,-1
510,9,1155,589,32,70,-1,-1,-1,-1
511,9,1155,592,32,70,-1,-1,-1,-1
512,9,1154,591,33,71,-1,-1,-1,-1
513,9,1154,592,33,70,-1,-1,-1,-1
514,9,1154,593,33,69,-1,-1,-1,-1
515,9,1153,592,35,71,-1,-1,-1,-1
516,9,1153,595,34,68,-1,-1,-1,-1
517,9,1153,595,34,67,-1,-1,-1,-1
518,9,1152,595,34,67,-1,-1,-1,-1
519,9,1150,594,34,70,-1,-1,-1,-1
520,9,1150,594,34,69,-1,-1,-1,-1
521,9,1149,594,35,69,-1,-1,-1,-1
522,9,1148,594,36,70,-1,-1,-1,-1
523,9,1148,595,34,68,-1,-1,-1,-1
524,9,1149,595,33,69,-1,-1,-1,-1
525,9,1149,596,33,68,-1,-1,-1,-1
526,9,1148,595,33,70,-1,-1,-1,-1
527,9,1149,597,31,68,-1,-1,-1,-1
528,9,1147,596,33,71,-1,-1,-1,-1
529,9,1147,596,33,72,-1,-1,-1,-1
530,9,1148,599,31,67,-1,-1,-1,-1
531,9,1147,599,31,68,-1,-1,-1,-1
532,9,1147,601,30,67,-1,-1,-1,-1
533,9,1147,601,31,68,-1,-1,-1,-1
534,9,1146,600,33,70,-1,-1,-1,-1
535,9,1146,600,33,70,-1,-1,-1,-1
536,9,1145,599,34,72,-1,-1,-1,-1
537,9,1146,601,33,70,-1,-1,-1,-1
538,9,1145,601,35,72,-1,-1,-1,-1
539,9,1145,600,35,72,-1,-1,-1,-1
540,9,1145,601,33,70,-1,-1,-1,-1
541,9,1144,601,33,69,-1,-1,-1,-1
542,9,1144,601,33,70,-1,-1,-1,-1
543,9,1145,601,31,69,-1,-1,-1,-1
544,9,1144,601,32,71,-1,-1,-1,-1
545,9,1144,602,32,71,-1,-1,-1,-1
546,9,1142,602,35,72,-1,-1,-1,-1
547,9,1141,603,36,73,-1,-1,-1,-1
548,9,1139,604,37,72,-1,-1,-1,-1
549,9,1137,605,39,71,-1,-1,-1,-1
550,9,1137,605,39,71,-1,-1,-1,-1
551,9,1138,605,37,71,-1,-1,-1,-1
552,9,1137,605,39,71,-1,-1,-1,-1
553,9,1138,606,38,69,-1,-1,-1,-1
554,9,1137,606,39,70,-1,-1,-1,-1
555,9,1138,606,37,70,-1,-1,-1,-1
556,9,1137,606,38,72,-1,-1,-1,-1
557,9,1136,605,38,76,-1,-1,-1,-1
558,9,1134,604,39,80,-1,-1,-1,-1
559,9,1135,606,38,78,-1,-1,-1,-1
560,9,1133,608,38,79,-1,-1,-1,-1
561,9,1132,608,39,78,-1,-1,-1,-1
562,9,1132,609,38,79,-1,-1,-1,-1
563,9,1132,609,37,80,-1,-1,-1,-1
564,9,1132,609,37,79,-1,-1,-1,-1
565,9,1132,610,37,78,-1,-1,-1,-1
566,9,1133,612,35,76,-1,-1,-1,-1
567,9,1133,612,35,76,-1,-1,-1,-1
568,9,1133,613,35,75,-1,-1,-1,-1
569,9,1133,614,34,75,-1,-1,-1,-1
570,9,1133,613,35,76,-1,-1,-1,-1
571,9,1133,612,35,75,-1,-1,-1,-1
572,9,1133,612,34,74,-1,-1,-1,-1
573,9,1133,614,33,71,-1,-1,-1,-1
574,9,1133,617,33,70,-1,-1,-1,-1
575,9,1132,616,34,72,-1,-1,-1,-1
576,9,1131,618,33,70,-1,-1,-1,-1
577,9,1131,621,33,67,-1,-1,-1,-1
578,9,1131,622,31,66,-1,-1,-1,-1
579,9,1131,623,31,66,-1,-1,-1,-1
580,9,1130,623,32,68,-1,-1,-1,-1
581,9,1128,622,34,69,-1,-1,-1,-1
582,9,1128,620,33,70,-1,-1,-1,-1
583,9,1127,619,35,75,-1,-1,-1,-1
584,9,1127,622,35,71,-1,-1,-1,-1
585,9,1127,618,35,77,-1,-1,-1,-1
586,9,1126,619,35,74,-1,-1,-1,-1
587,9,1125,618,35,78,-1,-1,-1,-1
588,9,1124,619,34,78,-1,-1,-1,-1
589,9,1124,619,34,78,-1,-1,-1,-1
590,9,1124,622,33,73,-1,-1,-1,-1
591,9,1124,624,35,72,-1,-1,-1,-1
592,9,1123,625,36,71,-1,-1,-1,-1
593,9,1123,625,36,71,-1,-1,-1,-1
594,9,1122,625,36,70,-1,-1,-1,-1
595,9,1122,626,37,70,-1,-1,-1,-1
596,9,1119,626,37,80,-1,-1,-1,-1
597,9,1120,626,36,76,-1,-1,-1,-1
598,9,1119,627,35,73,-1,-1,-1,-1
599,9,1119,628,34,70,-1,-1,-1,-1
600,9,1118,630,33,67,-1,-1,-1,-1
601,9,1119,629,31,69,-1,-1,-1,-1
602,9,1118,630,33,79,-1,-1,-1,-1
603,9,1117,629,32,71,-1,-1,-1,-1
604,9,1114,630,34,71,-1,-1,-1,-1
605,9,1113,630,35,73,-1,-1,-1,-1
315,10,802,386,22,45,-1,-1,-1,-1
316,10,801,386,22,45,-1,-1,-1,-1
317,10,799,384,24,48,-1,-1,-1,-1
318,10,798,383,24,49,-1,-1,-1,-1
319,10,796,384,23,47,-1,-1,-1,-1
320,10,795,384,24,48,-1,-1,-1,-1
321,10,795,384,24,47,-1,-1,-1,-1
322,10,795,385,23,45,-1,-1,-1,-1
323,10,793,385,23,46,-1,-1,-1,-1
324,10,793,384,21,48,-1,-1,-1,-1
325,10,791,383,24,49,-1,-1,-1,-1
326,10,788,385,28,47,-1,-1,-1,-1
327,10,788,387,26,45,-1,-1,-1,-1
328,10,788,387,26,44,-1,-1,-1,-1
329,10,787,385,25,47,-1,-1,-1,-1
330,10,787,386,24,45,-1,-1,-1,-1
331,10,785,386,25,45,-1,-1,-1,-1
332,10,785,385,24,46,-1,-1,-1,-1
333,10,776,387,26,47,-1,-1,-1,-1
334,10,773,387,26,48,-1,-1,-1,-1
335,10,770,387,28,48,-1,-1,-1,-1
336,10,768,388,27,44,-1,-1,-1,-1
337,10,768,387,26,46,-1,-1,-1,-1
338,10,768,389,25,45,-1,-1,-1,-1
339,10,768,391,24,44,-1,-1,-1,-1
340,10,769,393,22,42,-1,-1,-1,-1
341,10,767,395,24,40,-1,-1,-1,-1
342,10,767,393,23,43,-1,-1,-1,-1
343,10,766,395,23,40,-1,-1,-1,-1
344,10,766,392,23,43,-1,-1,-1,-1
345,10,764,390,24,45,-1,-1,-1,-1
346,10,765,391,24,45,-1,-1,-1,-1
347,10,765,391,23,44,-1,-1,-1,-1
348,10,764,391,23,45,-1,-1,-1,-1
349,10,763,391,22,45,-1,-1,-1,-1
350,10,761,390,24,45,-1,-1,-1,-1
351,10,758,390,26,46,-1,-1,-1,-1
352,10,758,391,24,44,-1,-1,-1,-1
353,10,758,392,24,44,-1,-1,-1,-1
354,10,757,391,25,45,-1,-1,-1,-1
355,10,757,390,25,46,-1,-1,-1,-1
356,10,756,388,25,47,-1,-1,-1,-1
357,10,755,387,26,49,-1,-1,-1,-1
358,10,753,386,28,50,-1,-1,-1,-1
359,10,753,386,27,50,-1,-1,-1,-1
360,10,752,384,27,52,-1,-1,-1,-1
361,10,753,387,23,48,-1,-1,-1,-1
362,10,752,387,23,47,-1,-1,-1,-1
363,10,752,387,23,47,-1,-1,-1,-1
364,10,751,386,23,48,-1,-1,-1,-1
365,10,751,386,23,48,-1,-1,-1,-1
366,10,750,388,23,46,-1,-1,-1,-1
367,10,749,387,23,48,-1,-1,-1,-1
368,10,749,388,22,47,-1,-1,-1,-1
369,10,748,388,22,47,-1,-1,-1,-1
370,10,747,387,24,49,-1,-1,-1,-1
371,10,746,388,23,48,-1,-1,-1,-1
372,10,747,390,22,47,-1,-1,-1,-1
373,10,744,391,23,45,-1,-1,-1,-1
374,10,744,392,21,44,-1,-1,-1,-1
375,10,744,390,21,45,-1,-1,-1,-1
376,10,743,392,21,43,-1,-1,-1,-1
377,10,743,395,20,40,-1,-1,-1,-1
378,10,740,399,22,36,-1,-1,-1,-1
379,10,739,395,22,40,-1,-1,-1,-1
380,10,739,392,22,45,-1,-1,-1,-1
381,10,737,396,23,40,-1,-1,-1,-1
382,10,738,395,22,43,-1,-1,-1,-1
383,10,736,395,23,42,-1,-1,-1,-1
384,10,736,397,22,40,-1,-1,-1,-1
385,10,736,395,22,42,-1,-1,-1,-1
386,10,736,396,21,41,-1,-1,-1,-1
387,10,735,394,21,42,-1,-1,-1,-1
388,10,733,393,22,43,-1,-1,-1,-1
389,10,734,393,22,44,-1,-1,-1,-1
390,10,732,392,23,45,-1,-1,-1,-1
391,10,733,392,22,46,-1,-1,-1,-1
392,10,733,393,21,45,-1,-1,-1,-1
393,10,731,395,21,42,-1,-1,-1,-1
394,10,730,396,22,42,-1,-1,-1,-1
395,10,729,398,22,41,-1,-1,-1,-1
396,10,728,397,22,42,-1,-1,-1,-1
397,10,728,397,21,41,-1,-1,-1,-1
398,10,726,397,23,42,-1,-1,-1,-1
399,10,727,397,22,41,-1,-1,-1,-1
400,10,727,397,22,44,-1,-1,-1,-1
401,10,727,396,22,45,-1,-1,-1,-1
402,10,726,397,23,44,-1,-1,-1,-1
403,10,724,395,23,47,-1,-1,-1,-1
404,10,725,397,21,45,-1,-1,-1,-1
405,10,724,396,21,46,-1,-1,-1,-1
406,10,722,398,21,45,-1,-1,-1,-1
407,10,721,399,20,44,-1,-1,-1,-1
408,10,721,398,20,44,-1,-1,-1,-1
409,10,717,394,24,49,-1,-1,-1,-1
410,10,718,397,23,45,-1,-1,-1,-1
411,10,716,396,24,46,-1,-1,-1,-1
412,10,717,397,23,45,-1,-1,-1,-1
413,10,715,395,26,49,-1,-1,-1,-1
414,10,714,396,25,48,-1,-1,-1,-1
415,10,714,398,25,47,-1,-1,-1,-1
416,10,711,398,28,47,-1,-1,-1,-1
417,10,711,397,25,45,-1,-1,-1,-1
418,10,711,396,24,47,-1,-1,-1,-1
419,10,710,397,24,47,-1,-1,-1,-1
420,10,709,398,25,45,-1,-1,-1,-1
421,10,709,396,24,48,-1,-1,-1,-1
422,10,707,398,25,47,-1,-1,-1,-1
423,10,710,398,22,46,-1,-1,-1,-1
424,10,706,396,26,48,-1,-1,-1,-1
425,10,706,393,27,52,-1,-1,-1,-1
426,10,708,395,25,50,-1,-1,-1,-1
427,10,706,396,25,49,-1,-1,-1,-1
428,10,704,397,27,47,-1,-1,-1,-1
429,10,704,397,27,48,-1,-1,-1,-1
430,10,703,396,27,49,-1,-1,-1,-1
431,10,701,398,27,47,-1,-1,-1,-1
432,10,699,397,28,48,-1,-1,-1,-1
433,10,700,396,26,49,-1,-1,-1,-1
434,10,699,396,26,48,-1,-1,-1,-1
435,10,698,397,25,48,-1,-1,-1,-1
436,10,697,398,26,48,-1,-1,-1,-1
437,10,697,399,23,48,-1,-1,-1,-1
438,10,695,397,26,51,-1,-1,-1,-1
439,10,695,399,26,49,-1,-1,-1,-1
440,10,695,399,24,49,-1,-1,-1,-1
441,10,695,397,24,52,-1,-1,-1,-1
442,10,696,397,23,53,-1,-1,-1,-1
443,10,696,398,23,51,-1,-1,-1,-1
444,10,696,399,22,50,-1,-1,-1,-1
445,10,692,400,25,47,-1,-1,-1,-1
446,10,691,400,26,47,-1,-1,-1,-1
447,10,690,402,26,47,-1,-1,-1,-1
448,10,691,405,24,45,-1,-1,-1,-1
449,10,691,410,22,39,-1,-1,-1,-1
450,10,690,407,22,42,-1,-1,-1,-1
451,10,690,404,23,45,-1,-1,-1,-1
452,10,689,402,24,47,-1,-1,-1,-1
453,10,688,397,26,52,-1,-1,-1,-1
454,10,688,400,25,50,-1,-1,-1,-1
455,10,687,401,25,49,-1,-1,-1,-1
456,10,686,399,25,51,-1,-1,-1,-1
457,10,686,400,24,49,-1,-1,-1,-1
458,10,685,399,26,52,-1,-1,-1,-1
459,10,684,401,25,48,-1,-1,-1,-1
460,10,684,401,22,50,-1,-1,-1,-1
461,10,683,402,24,48,-1,-1,-1,-1
462,10,683,402,25,49,-1,-1,-1,-1
463,10,681,401,24,52,-1,-1,-1,-1
464,10,683,402,23,49,-1,-1,-1,-1
465,10,681,403,21,50,-1,-1,-1,-1
466,10,680,406,23,45,-1,-1,-1,-1
467,10,679,406,23,46,-1,-1,-1,-1
468,10,679,408,22,45,-1,-1,-1,-1
469,10,678,407,22,46,-1,-1,-1,-1
470,10,676,406,23,47,-1,-1,-1,-1
471,10,678,407,22,46,-1,-1,-1,-1
472,10,673,404,25,50,-1,-1,-1,-1
473,10,676,406,23,47,-1,-1,-1,-1
474,10,674,405,25,49,-1,-1,-1,-1
475,10,672,404,25,50,-1,-1,-1,-1
476,10,673,405,25,48,-1,-1,-1,-1
477,10,675,407,20,47,-1,-1,-1,-1
478,10,675,407,20,47,-1,-1,-1,-1
479,10,672,407,22,48,-1,-1,-1,-1
480,10,672,406,23,49,-1,-1,-1,-1
481,10,669,406,26,50,-1,-1,-1,-1
482,10,668,406,26,50,-1,-1,-1,-1
483,10,667,408,25,47,-1,-1,-1,-1
484,10,666,409,23,45,-1,-1,-1,-1
485,10,665,409,23,44,-1,-1,-1,-1
486,10,664,412,24,43,-1,-1,-1,-1
487,10,663,412,24,41,-1,-1,-1,-1
488,10,664,411,23,44,-1,-1,-1,-1
489,10,664,412,24,43,-1,-1,-1,-1
490,10,665,410,21,45,-1,-1,-1,-1
491,10,660,411,25,46,-1,-1,-1,-1
492,10,661,413,24,44,-1,-1,-1,-1
493,10,660,411,24,48,-1,-1,-1,-1
494,10,660,412,23,45,-1,-1,-1,-1
495,10,659,410,24,47,-1,-1,-1,-1
496,10,659,410,23,46,-1,-1,-1,-1
497,10,658,410,23,47,-1,-1,-1,-1
498,10,658,409,22,49,-1,-1,-1,-1
499,10,657,409,23,49,-1,-1,-1,-1
500,10,657,411,22,46,-1,-1,-1,-1
501,10,656,412,22,45,-1,-1,-1,-1
502,10,654,412,23,46,-1,-1,-1,-1
503,10,653,413,23,46,-1,-1,-1,-1
504,10,652,414,22,46,-1,-1,-1,-1
505,10,649,409,25,53,-1,-1,-1,-1
506,10,648,414,25,47,-1,-1,-1,-1
507,10,647,413,26,48,-1,-1,-1,-1
508,10,648,413,25,47,-1,-1,-1,-1
509,10,646,412,27,49,-1,-1,-1,-1
510,10,646,410,27,50,-1,-1,-1,-1
511,10,645,410,27,50,-1,-1,-1,-1
512,10,645,410,27,51,-1,-1,-1,-1
513,10,644,411,28,49,-1,-1,-1,-1
514,10,645,412,26,47,-1,-1,-1,-1
515,10,645,412,27,47,-1,-1,-1,-1
516,10,641,406,28,55,-1,-1,-1,-1
517,10,641,411,27,50,-1,-1,-1,-1
518,10,641,411,26,51,-1,-1,-1,-1
519,10,641,411,26,50,-1,-1,-1,-1
520,10,639,411,27,50,-1,-1,-1,-1
521,10,640,411,26,51,-1,-1,-1,-1
522,10,638,413,26,50,-1,-1,-1,-1
523,10,638,414,24,50,-1,-1,-1,-1
524,10,636,416,25,47,-1,-1,-1,-1
525,10,635,415,25,47,-1,-1,-1,-1
526,10,634,415,26,48,-1,-1,-1,-1
527,10,634,413,23,51,-1,-1,-1,-1
528,10,633,413,23,50,-1,-1,-1,-1
529,10,634,415,23,48,-1,-1,-1,-1
530,10,634,414,23,49,-1,-1,-1,-1
531,10,633,412,24,51,-1,-1,-1,-1
532,10,632,415,26,50,-1,-1,-1,-1
533,10,632,414,25,51,-1,-1,-1,-1
534,10,633,413,23,53,-1,-1,-1,-1
535,10,629,416,27,49,-1,-1,-1,-1
536,10,630,414,26,53,-1,-1,-1,-1
537,10,630,414,27,50,-1,-1,-1,-1
538,10,629,415,27,51,-1,-1,-1,-1
539,10,628,415,25,52,-1,-1,-1,-1
540,10,627,416,26,51,-1,-1,-1,-1
541,10,627,416,24,49,-1,-1,-1,-1
542,10,626,414,24,51,-1,-1,-1,-1
543,10,626,416,24,49,-1,-1,-1,-1
544,10,624,417,24,49,-1,-1,-1,-1
545,10,624,417,23,49,-1,-1,-1,-1
546,10,623,420,24,47,-1,-1,-1,-1
547,10,622,420,24,48,-1,-1,-1,-1
548,10,620,419,26,49,-1,-1,-1,-1
549,10,621,420,24,48,-1,-1,-1,-1
550,10,619,419,26,52,-1,-1,-1,-1
551,10,619,418,26,53,-1,-1,-1,-1
552,10,619,418,26,51,-1,-1,-1,-1
553,10,619,416,24,52,-1,-1,-1,-1
554,10,618,420,25,47,-1,-1,-1,-1
555,10,616,425,23,44,-1,-1,-1,-1
556,10,616,426,23,44,-1,-1,-1,-1
557,10,615,418,26,54,-1,-1,-1,-1
558,10,615,417,26,54,-1,-1,-1,-1
559,10,615,422,24,49,-1,-1,-1,-1
560,10,613,426,24,44,-1,-1,-1,-1
561,10,613,422,28,46,-1,-1,-1,-1
562,10,612,426,25,44,-1,-1,-1,-1
563,10,610,427,26,45,-1,-1,-1,-1
564,10,608,430,28,45,-1,-1,-1,-1
565,10,608,427,26,47,-1,-1,-1,-1
566,10,605,429,28,47,-1,-1,-1,-1
567,10,606,427,27,47,-1,-1,-1,-1
568,10,604,426,29,49,-1,-1,-1,-1
569,10,603,428,29,48,-1,-1,-1,-1
570,10,603,429,29,47,-1,-1,-1,-1
571,10,604,427,27,47,-1,-1,-1,-1
572,10,604,427,27,47,-1,-1,-1,-1
573,10,603,424,27,51,-1,-1,-1,-1
574,10,602,424,27,53,-1,-1,-1,-1
575,10,602,427,26,50,-1,-1,-1,-1
576,10,601,427,27,51,-1,-1,-1,-1
577,10,602,428,25,50,-1,-1,-1,-1
578,10,602,427,26,51,-1,-1,-1,-1
579,10,601,429,26,49,-1,-1,-1,-1
580,10,601,428,26,50,-1,-1,-1,-1
581,10,601,428,25,49,-1,-1,-1,-1
582,10,600,428,26,48,-1,-1,-1,-1
583,10,600,429,24,47,-1,-1,-1,-1
584,10,600,429,23,49,-1,-1,-1,-1
585,10,600,428,23,51,-1,-1,-1,-1
586,10,596,427,27,52,-1,-1,-1,-1
587,10,594,427,28,51,-1,-1,-1,-1
588,10,596,427,25,51,-1,-1,-1,-1
589,10,592,429,29,50,-1,-1,-1,-1
590,10,590,432,30,47,-1,-1,-1,-1
591,10,592,433,28,46,-1,-1,-1,-1
592,10,589,431,30,48,-1,-1,-1,-1
593,10,588,432,30,48,-1,-1,-1,-1
594,10,586,431,31,49,-1,-1,-1,-1
595,10,585,430,30,49,-1,-1,-1,-1
596,10,585,430,29,49,-1,-1,-1,-1
597,10,584,432,28,49,-1,-1,-1,-1
598,10,583,433,30,50,-1,-1,-1,-1
599,10,583,432,28,50,-1,-1,-1,-1
600,10,584,432,27,50,-1,-1,-1,-1
601,10,583,432,28,50,-1,-1,-1,-1
602,10,584,431,26,49,-1,-1,-1,-1
603,10,582,432,28,50,-1,-1,-1,-1
604,10,581,432,28,53,-1,-1,-1,-1
605,10,579,431,29,54,-1,-1,-1,-1
606,11,559,430,30,60,-1,-1,-1,-1
607,11,558,431,30,59,-1,-1,-1,-1
608,11,559,435,27,54,-1,-1,-1,-1
609,11,557,438,27,52,-1,-1,-1,-1
610,11,556,438,27,54,-1,-1,-1,-1
611,11,555,438,27,55,-1,-1,-1,-1
612,11,555,434,27,58,-1,-1,-1,-1
613,11,554,436,28,57,-1,-1,-1,-1
614,11,556,436,26,55,-1,-1,-1,-1
615,11,554,440,26,51,-1,-1,-1,-1
616,11,553,441,26,51,-1,-1,-1,-1
617,11,551,440,27,51,-1,-1,-1,-1
618,11,550,440,27,52,-1,-1,-1,-1
619,11,550,445,26,47,-1,-1,-1,-1
620,11,549,443,26,48,-1,-1,-1,-1
606,12,1098,648,34,69,-1,-1,-1,-1
607,12,1097,646,34,72,-1,-1,-1,-1
608,12,1097,647,34,71,-1,-1,-1,-1
609,12,1097,646,34,71,-1,-1,-1,-1
610,12,1097,647,32,70,-1,-1,-1,-1
611,12,1097,647,33,71,-1,-1,-1,-1
612,12,1096,648,35,69,-1,-1,-1,-1
613,12,1095,648,36,69,-1,-1,-1,-1
614,12,1094,650,38,67,-1,-1,-1,-1
615,12,1093,652,38,65,-1,-1,-1,-1
616,12,1092,651,39,65,-1,-1,-1,-1
617,12,1092,652,38,65,-1,-1,-1,-1
618,12,1090,652,40,65,-1,-1,-1,-1
619,12,1090,652,40,65,-1,-1,-1,-1
620,12,1090,651,40,67,-1,-1,-1,-1
621,12,1083,660,38,58,-1,-1,-1,-1
622,12,1081,659,39,59,-1,-1,-1,-1
623,12,1080,659,39,60,-1,-1,-1,-1
624,12,1080,659,39,59,-1,-1,-1,-1
625,12,1079,660,38,59,-1,-1,-1,-1
626,12,1080,662,36,56,-1,-1,-1,-1
627,12,1080,661,36,57,-1,-1,-1,-1
628,12,1080,663,35,56,-1,-1,-1,-1
629,12,1080,664,35,54,-1,-1,-1,-1
630,12,1079,664,36,54,-1,-1,-1,-1
631,12,1080,666,35,52,-1,-1,-1,-1
632,12,1079,665,35,53,-1,-1,-1,-1
633,12,1079,666,35,52,-1,-1,-1,-1
634,12,1077,666,36,52,-1,-1,-1,-1
635,12,1079,668,36,50,-1,-1,-1,-1
636,12,1078,667,36,51,-1,-1,-1,-1
637,12,1077,666,36,52,-1,-1,-1,-1
638,12,1075,667,36,52,-1,-1,-1,-1
639,12,1073,668,37,51,-1,-1,-1,-1
640,12,1074,665,37,53,-1,-1,-1,-1
641,12,1072,665,39,54,-1,-1,-1,-1
642,12,1074,666,36,52,-1,-1,-1,-1
643,12,1073,668,36,51,-1,-1,-1,-1
644,12,1073,671,34,47,-1,-1,-1,-1
645,12,1073,672,33,45,-1,-1,-1,-1
646,12,1073,672,32,45,-1,-1,-1,-1
647,12,1072,674,33,43,-1,-1,-1,-1
648,12,1072,676,34,41,-1,-1,-1,-1
649,12,1073,677,33,40,-1,-1,-1,-1
650,12,1070,677,34,40,-1,-1,-1,-1
651,12,1069,677,35,40,-1,-1,-1,-1
652,12,1069,677,34,40,-1,-1,-1,-1
653,12,1069,676,34,41,-1,-1,-1,-1
654,12,1068,677,34,40,-1,-1,-1,-1
655,12,1068,678,33,39,-1,-1,-1,-1
656,12,1067,677,34,40,-1,-1,-1,-1
657,12,1066,678,33,38,-1,-1,-1,-1
658,12,1066,679,33,37,-1,-1,-1,-1
659,12,1066,680,34,37,-1,-1,-1,-1
660,12,1065,680,33,37,-1,-1,-1,-1
661,12,1064,679,34,37,-1,-1,-1,-1
662,12,1064,682,33,35,-1,-1,-1,-1
663,12,1063,681,34,36,-1,-1,-1,-1
664,12,1061,682,34,35,-1,-1,-1,-1
665,12,1061,683,32,34,-1,-1,-1,-1
666,12,1058,684,36,34,-1,-1,-1,-1
667,12,1056,684,37,33,-1,-1,-1,-1
668,12,1056,684,37,34,-1,-1,-1,-1
669,12,1056,684,37,33,-1,-1,-1,-1
670,12,1055,684,38,34,-1,-1,-1,-1
671,12,1053,683,39,36,-1,-1,-1,-1
672,12,1053,683,38,36,-1,-1,-1,-1
673,12,1053,685,39,34,-1,-1,-1,-1
674,12,1052,685,38,33,-1,-1,-1,-1
675,12,1055,686,33,31,-1,-1,-1,-1
676,12,1054,688,31,29,-1,-1,-1,-1
677,12,1055,690,31,27,-1,-1,-1,-1
678,12,1054,691,31,26,-1,-1,-1,-1
679,12,1051,691,31,26,-1,-1,-1,-1
680,12,1052,692,30,25,-1,-1,-1,-1
681,12,1051,692,30,25,-1,-1,-1,-1
682,12,1050,692,31,25,-1,-1,-1,-1
683,12,1050,691,30,26,-1,-1,-1,-1
684,12,1048,692,31,25,-1,-1,-1,-1
685,12,1047,693,31,24,-1,-1,-1,-1
686,12,1046,693,30,23,-1,-1,-1,-1
687,12,1044,695,31,22,-1,-1,-1,-1
688,12,1044,695,32,22,-1,-1,-1,-1
689,12,1045,695,31,22,-1,-1,-1,-1
690,12,1046,695,30,22,-1,-1,-1,-1
691,12,1039,693,33,24,-1,-1,-1,-1
692,12,1038,693,32,24,-1,-1,-1,-1
693,12,1036,694,32,23,-1,-1,-1,-1
694,12,1036,695,30,22,-1,-1,-1,-1
695,12,1035,694,31,23,-1,-1,-1,-1
696,12,1033,695,31,23,-1,-1,-1,-1
697,12,1033,695,30,22,-1,-1,-1,-1
698,12,1031,695,32,22,-1,-1,-1,-1
699,12,1026,692,40,26,-1,-1,-1,-1
700,12,1028,694,32,23,-1,-1,-1,-1
701,12,1025,695,32,22,-1,-1,-1,-1
702,12,1023,693,33,24,-1,-1,-1,-1
703,12,1022,694,32,23,-1,-1,-1,-1
704,12,1020,694,31,23,-1,-1,-1,-1
705,12,1020,695,30,22,-1,-1,-1,-1
706,12,1016,693,33,26,-1,-1,-1,-1
707,12,1014,694,35,24,-1,-1,-1,-1
708,12,1012,696,33,22,-1,-1,-1,-1
709,12,1008,697,37,21,-1,-1,-1,-1
711,13,1002,694,45,25,-1,-1,-1,-1
712,13,1005,695,34,21,-1,-1,-1,-1
713,13,1005,695,33,21,-1,-1,-1,-1
717,14,997,696,32,22,-1,-1,-1,-1
718,14,995,694,39,26,-1,-1,-1,-1
719,14,994,696,31,22,-1,-1,-1,-1
720,14,993,695,32,20,-1,-1,-1,-1
725,15,982,697,32,22,-1,-1,-1,-1
726,15,977,698,35,20,-1,-1,-1,-1
727,15,979,695,33,21,-1,-1,-1,-1
731,16,969,694,33,24,-1,-1,-1,-1
732,16,966,694,35,23,-1,-1,-1,-1
733,16,968,694,30,24,-1,-1,-1,-1
734,16,962,693,38,27,-1,-1,-1,-1
735,16,961,694,31,22,-1,-1,-1,-1
736,16,958,694,34,23,-1,-1,-1,-1
621,17,527,435,27,59,-1,-1,-1,-1
622,17,528,439,26,50,-1,-1,-1,-1
623,17,526,438,25,50,-1,-1,-1,-1
624,17,526,437,25,52,-1,-1,-1,-1
625,17,526,437,24,53,-1,-1,-1,-1
626,17,525,440,24,50,-1,-1,-1,-1
627,17,524,437,24,59,-1,-1,-1,-1
628,17,520,437,27,61,-1,-1,-1,-1
629,17,518,439,29,55,-1,-1,-1,-1
630,17,511,441,33,52,-1,-1,-1,-1
631,17,504,443,36,51,-1,-1,-1,-1
632,17,505,438,41,56,-1,-1,-1,-1
633,17,505,441,39,51,-1,-1,-1,-1
634,17,506,439,36,53,-1,-1,-1,-1
635,17,508,439,34,55,-1,-1,-1,-1
636,17,508,437,28,59,-1,-1,-1,-1
637,17,505,438,29,56,-1,-1,-1,-1
638,17,506,437,26,57,-1,-1,-1,-1
639,17,503,436,28,59,-1,-1,-1,-1
640,17,501,439,28,56,-1,-1,-1,-1
641,17,499,436,27,62,-1,-1,-1,-1
642,17,496,439,28,58,-1,-1,-1,-1
643,17,495,439,28,58,-1,-1,-1,-1
644,17,493,439,32,60,-1,-1,-1,-1
645,17,493,439,29,59,-1,-1,-1,-1
646,17,493,440,28,59,-1,-1,-1,-1
647,17,492,438,28,60,-1,-1,-1,-1
648,17,487,442,32,59,-1,-1,-1,-1
649,17,486,439,29,51,-1,-1,-1,-1
650,17,485,439,27,48,-1,-1,-1,-1
651,17,485,439,27,49,-1,-1,-1,-1
652,17,484,438,26,49,-1,-1,-1,-1
653,17,480,443,26,56,-1,-1,-1,-1
654,17,479,443,26,53,-1,-1,-1,-1
655,17,479,442,25,53,-1,-1,-1,-1
656,17,479,441,24,55,-1,-1,-1,-1
657,17,474,446,26,51,-1,-1,-1,-1
658,17,469,448,29,51,-1,-1,-1,-1
659,17,465,435,30,64,-1,-1,-1,-1
660,17,462,433,34,65,-1,-1,-1,-1
661,17,459,435,37,63,-1,-1,-1,-1
662,17,461,436,30,60,-1,-1,-1,-1
663,17,461,437,33,59,-1,-1,-1,-1
664,17,462,439,29,57,-1,-1,-1,-1
665,17,458,437,32,61,-1,-1,-1,-1
666,17,456,439,31,56,-1,-1,-1,-1
667,17,454,441,33,56,-1,-1,-1,-1
668,17,454,441,32,56,-1,-1,-1,-1
669,17,450,441,36,57,-1,-1,-1,-1
670,17,450,439,32,59,-1,-1,-1,-1
671,17,450,442,31,56,-1,-1,-1,-1
672,17,448,442,33,57,-1,-1,-1,-1
673,17,446,444,33,53,-1,-1,-1,-1
674,17,446,446,27,54,-1,-1,-1,-1
675,17,444,441,30,59,-1,-1,-1,-1
676,17,442,444,27,55,-1,-1,-1,-1
677,17,440,443,29,55,-1,-1,-1,-1
678,17,439,445,27,53,-1,-1,-1,-1
679,17,438,446,24,51,-1,-1,-1,-1
680,17,436,446,23,49,-1,-1,-1,-1
681,17,434,444,27,52,-1,-1,-1,-1
682,17,434,446,25,51,-1,-1,-1,-1
683,17,431,444,27,56,-1,-1,-1,-1
684,17,430,445,28,55,-1,-1,-1,-1
685,17,426,444,31,57,-1,-1,-1,-1
686,17,420,443,36,60,-1,-1,-1,-1
687,17,420,445,33,56,-1,-1,-1,-1
688,17,418,444,35,57,-1,-1,-1,-1
689,17,415,443,35,57,-1,-1,-1,-1
690,17,416,443,34,58,-1,-1,-1,-1
691,17,417,443,28,59,-1,-1,-1,-1
692,17,415,441,27,60,-1,-1,-1,-1
693,17,413,443,28,58,-1,-1,-1,-1
694,17,412,444,26,55,-1,-1,-1,-1
695,17,410,440,26,60,-1,-1,-1,-1
696,17,408,441,28,60,-1,-1,-1,-1
697,17,405,443,30,58,-1,-1,-1,-1
698,17,403,446,32,54,-1,-1,-1,-1
699,17,400,444,33,57,-1,-1,-1,-1
700,17,401,443,31,59,-1,-1,-1,-1
701,17,400,443,29,60,-1,-1,-1,-1
702,17,398,440,30,63,-1,-1,-1,-1
703,17,393,440,32,62,-1,-1,-1,-1
704,17,392,439,31,64,-1,-1,-1,-1
705,17,390,439,31,64,-1,-1,-1,-1
706,17,388,441,30,61,-1,-1,-1,-1
707,17,388,444,26,57,-1,-1,-1,-1
708,17,387,444,27,56,-1,-1,-1,-1
709,17,385,446,27,52,-1,-1,-1,-1
710,17,385,443,26,58,-1,-1,-1,-1
711,17,382,444,27,57,-1,-1,-1,-1
712,17,379,441,28,60,-1,-1,-1,-1
713,17,376,438,30,63,-1,-1,-1,-1
714,17,371,443,34,59,-1,-1,-1,-1
715,17,370,445,33,55,-1,-1,-1,-1
716,17,370,445,32,55,-1,-1,-1,-1
717,17,369,445,29,55,-1,-1,-1,-1
718,17,369,442,27,59,-1,-1,-1,-1
719,17,364,444,31,57,-1,-1,-1,-1
720,17,363,441,30,60,-1,-1,-1,-1
721,17,362,443,28,58,-1,-1,-1,-1
722,17,361,442,28,57,-1,-1,-1,-1
723,17,360,441,29,59,-1,-1,-1,-1
724,17,357,442,31,58,-1,-1,-1,-1
725,17,355,444,30,56,-1,-1,-1,-1
726,17,354,445,30,55,-1,-1,-1,-1
727,17,354,446,27,56,-1,-1,-1,-1
728,17,353,444,29,57,-1,-1,-1,-1
729,17,349,445,30,56,-1,-1,-1,-1
730,17,343,443,34,58,-1,-1,-1,-1
731,17,342,444,34,57,-1,-1,-1,-1
732,17,342,444,32,57,-1,-1,-1,-1
733,17,341,445,32,55,-1,-1,-1,-1
734,17,341,443,29,56,-1,-1,-1,-1
735,17,339,442,27,58,-1,-1,-1,-1
736,17,338,445,26,55,-1,-1,-1,-1
737,17,337,449,25,51,-1,-1,-1,-1
738,17,331,440,30,63,-1,-1,-1,-1
739,17,329,443,31,59,-1,-1,-1,-1
740,18,947,696,31,22,-1,-1,-1,-1
741,18,946,695,31,21,-1,-1,-1,-1
742,18,943,695,34,22,-1,-1,-1,-1
745,19,936,694,34,24,-1,-1,-1,-1
746,19,928,693,45,26,-1,-1,-1,-1
747,19,934,697,31,21,-1,-1,-1,-1
748,19,928,693,40,25,-1,-1,-1,-1
749,19,931,695,32,21,-1,-1,-1,-1
750,19,928,698,33,20,-1,-1,-1,-1
752,20,924,694,32,24,-1,-1,-1,-1
753,20,923,694,30,24,-1,-1,-1,-1
754,20,918,696,30,22,-1,-1,-1,-1
755,20,917,697,29,21,-1,-1,-1,-1
756,20,914,697,31,22,-1,-1,-1,-1
759,21,904,695,36,23,-1,-1,-1,-1
760,21,901,696,35,22,-1,-1,-1,-1
761,21,897,693,41,25,-1,-1,-1,-1
762,21,899,697,35,21,-1,-1,-1,-1
763,21,898,696,31,23,-1,-1,-1,-1
764,21,897,696,31,22,-1,-1,-1,-1
765,21,897,695,29,22,-1,-1,-1,-1
766,21,892,694,31,23,-1,-1,-1,-1
767,21,886,697,35,21,-1,-1,-1,-1
768,21,885,698,34,20,-1,-1,-1,-1
769,21,884,697,30,22,-1,-1,-1,-1
780,22,857,696,30,21,-1,-1,-1,-1
781,22,851,694,40,24,-1,-1,-1,-1
782,22,852,697,35,21,-1,-1,-1,-1
783,22,851,697,31,21,-1,-1,-1,-1
784,22,849,698,33,20,-1,-1,-1,-1
793,23,826,695,31,22,-1,-1,-1,-1
794,23,824,694,30,23,-1,-1,-1,-1
795,23,821,695,30,22,-1,-1,-1,-1
796,23,819,697,30,20,-1,-1,-1,-1
797,23,819,696,30,21,-1,-1,-1,-1
798,23,815,694,33,23,-1,-1,-1,-1
799,23,813,698,34,19,-1,-1,-1,-1
800,23,810,695,31,22,-1,-1,-1,-1
801,23,808,697,33,21,-1,-1,-1,-1
804,24,799,695,34,23,-1,-1,-1,-1
805,24,796,696,35,22,-1,-1,-1,-1
806,24,795,697,30,21,-1,-1,-1,-1
807,24,794,697,30,20,-1,-1,-1,-1
809,24,790,698,31,20,-1,-1,-1,-1
810,24,785,694,33,24,-1,-1,-1,-1
811,24,784,694,34,23,-1,-1,-1,-1
812,24,782,694,35,23,-1,-1,-1,-1
813,24,782,697,32,20,-1,-1,-1,-1
814,24,779,694,31,23,-1,-1,-1,-1
815,24,777,694,30,23,-1,-1,-1,-1
816,24,776,697,31,22,-1,-1,-1,-1
817,24,774,697,31,21,-1,-1,-1,-1
818,24,771,694,32,23,-1,-1,-1,-1
819,24,768,695,34,22,-1,-1,-1,-1
820,24,763,697,34,21,-1,-1,-1,-1
821,24,762,695,34,21,-1,-1,-1,-1
822,24,763,694,30,22,-1,-1,-1,-1
823,24,759,696,29,21,-1,-1,-1,-1
824,24,757,697,30,20,-1,-1,-1,-1
825,24,754,696,33,22,-1,-1,-1,-1
826,24,750,693,34,24,-1,-1,-1,-1
827,24,747,694,35,22,-1,-1,-1,-1
828,24,746,693,32,23,-1,-1,-1,-1
829,24,746,693,31,24,-1,-1,-1,-1
830,24,744,696,31,21,-1,-1,-1,-1
831,24,743,695,29,22,-1,-1,-1,-1
832,24,740,696,31,21,-1,-1,-1,-1
833,24,731,693,42,26,-1,-1,-1,-1
834,24,731,697,35,21,-1,-1,-1,-1
835,26,862,255,20,27,-1,-1,-1,-1
836,26,859,253,23,29,-1,-1,-1,-1
837,26,861,255,21,28,-1,-1,-1,-1
838,26,860,254,22,28,-1,-1,-1,-1
839,26,860,253,22,29,-1,-1,-1,-1
840,26,860,254,22,28,-1,-1,-1,-1
841,26,860,255,22,27,-1,-1,-1,-1
842,26,863,256,20,26,-1,-1,-1,-1
784,27,1266,528,12,52,-1,-1,-1,-1
785,27,1266,531,12,51,-1,-1,-1,-1
786,27,1265,535,14,44,-1,-1,-1,-1
787,27,1265,536,14,44,-1,-1,-1,-1
788,27,1265,531,12,49,-1,-1,-1,-1
789,27,1267,530,11,53,-1,-1,-1,-1
790,27,1264,535,15,47,-1,-1,-1,-1
791,27,1264,534,15,48,-1,-1,-1,-1
792,27,1264,533,15,49,-1,-1,-1,-1
793,27,1266,531,11,54,-1,-1,-1,-1
794,27,1264,531,13,54,-1,-1,-1,-1
795,27,1263,531,15,52,-1,-1,-1,-1
796,27,1264,530,13,56,-1,-1,-1,-1
797,27,1262,531,16,52,-1,-1,-1,-1
798,27,1264,530,13,56,-1,-1,-1,-1
799,27,1264,532,13,54,-1,-1,-1,-1
800,27,1264,534,13,52,-1,-1,-1,-1
801,27,1264,534,13,52,-1,-1,-1,-1
802,27,1263,537,16,46,-1,-1,-1,-1
803,27,1263,534,16,49,-1,-1,-1,-1
804,27,1263,533,16,47,-1,-1,-1,-1
805,27,1263,537,16,47,-1,-1,-1,-1
806,27,1265,536,12,49,-1,-1,-1,-1
807,27,1263,534,16,47,-1,-1,-1,-1
808,27,1265,534,12,52,-1,-1,-1,-1
809,27,1264,538,13,48,-1,-1,-1,-1
810,27,1263,534,16,48,-1,-1,-1,-1
811,27,1263,536,16,45,-1,-1,-1,-1
812,27,1263,533,16,48,-1,-1,-1,-1
813,27,1263,532,16,47,-1,-1,-1,-1
814,27,1264,537,13,49,-1,-1,-1,-1
815,27,1264,535,13,51,-1,-1,-1,-1
816,27,1264,533,13,53,-1,-1,-1,-1
817,27,1264,531,14,55,-1,-1,-1,-1
818,27,1264,531,14,55,-1,-1,-1,-1
819,27,1261,529,18,54,-1,-1,-1,-1
820,27,1263,531,15,55,-1,-1,-1,-1
821,27,1261,529,18,56,-1,-1,-1,-1
822,27,1261,529,18,56,-1,-1,-1,-1
823,27,1262,529,16,59,-1,-1,-1,-1
824,27,1262,524,16,63,-1,-1,-1,-1
825,27,1261,526,17,62,-1,-1,-1,-1
826,27,1261,527,17,62,-1,-1,-1,-1
827,27,1261,528,17,61,-1,-1,-1,-1
828,27,1260,528,19,61,-1,-1,-1,-1
829,27,1260,529,18,59,-1,-1,-1,-1
830,27,1260,528,18,61,-1,-1,-1,-1
831,27,1260,527,19,62,-1,-1,-1,-1
832,27,1260,526,19,64,-1,-1,-1,-1
833,27,1260,526,19,64,-1,-1,-1,-1
834,27,1259,527,20,63,-1,-1,-1,-1
835,27,1259,528,19,61,-1,-1,-1,-1
836,27,1255,526,24,68,-1,-1,-1,-1
837,27,1259,529,18,65,-1,-1,-1,-1
838,27,1259,530,18,66,-1,-1,-1,-1
839,27,1260,532,16,67,-1,-1,-1,-1
840,27,1259,530,17,70,-1,-1,-1,-1
841,27,1256,526,21,73,-1,-1,-1,-1
842,27,1260,531,16,67,-1,-1,-1,-1
843,27,1261,533,15,65,-1,-1,-1,-1
844,27,1260,532,17,66,-1,-1,-1,-1
845,27,1259,532,18,65,-1,-1,-1,-1
846,27,1258,528,18,70,-1,-1,-1,-1
847,27,1256,530,19,71,-1,-1,-1,-1
848,27,1257,529,18,70,-1,-1,-1,-1
839,28,716,697,37,21,-1,-1,-1,-1
840,28,718,695,31,21,-1,-1,-1,-1
841,28,715,694,30,23,-1,-1,-1,-1
842,28,712,695,31,22,-1,-1,-1,-1
843,28,711,695,31,22,-1,-1,-1,-1
844,28,710,695,31,22,-1,-1,-1,-1
845,28,707,695,32,22,-1,-1,-1,-1
846,28,705,694,34,23,-1,-1,-1,-1
847,28,700,696,37,23,-1,-1,-1,-1
848,28,701,694,31,23,-1,-1,-1,-1
849,28,699,696,32,22,-1,-1,-1,-1
845,26,864,256,18,26,-1,-1,-1,-1
846,26,864,257,18,25,-1,-1,-1,-1
847,26,863,256,19,26,-1,-1,-1,-1
848,26,864,257,19,25,-1,-1,-1,-1
849,26,863,256,19,25,-1,-1,-1,-1
852,30,691,694,35,24,-1,-1,-1,-1
853,30,691,694,31,23,-1,-1,-1,-1
854,30,686,695,34,23,-1,-1,-1,-1
855,30,683,696,30,22,-1,-1,-1,-1
856,30,680,696,32,22,-1,-1,-1,-1
857,30,679,695,33,24,-1,-1,-1,-1
858,30,677,697,34,22,-1,-1,-1,-1
859,30,675,697,34,21,-1,-1,-1,-1
860,30,672,694,32,23,-1,-1,-1,-1
861,30,670,694,33,23,-1,-1,-1,-1
862,30,667,695,35,23,-1,-1,-1,-1
863,30,666,698,33,20,-1,-1,-1,-1
864,30,666,694,33,23,-1,-1,-1,-1
865,30,662,694,33,24,-1,-1,-1,-1
866,30,658,695,36,23,-1,-1,-1,-1
867,30,657,697,31,21,-1,-1,-1,-1
868,30,651,693,40,24,-1,-1,-1,-1
869,30,651,695,35,22,-1,-1,-1,-1
868,31,814,251,18,30,-1,-1,-1,-1
869,31,814,251,18,30,-1,-1,-1,-1
870,31,814,251,19,30,-1,-1,-1,-1
871,31,814,251,19,30,-1,-1,-1,-1
872,31,814,251,18,30,-1,-1,-1,-1
873,31,813,251,19,30,-1,-1,-1,-1
874,31,813,251,20,31,-1,-1,-1,-1
875,31,813,251,20,30,-1,-1,-1,-1
876,31,813,252,20,29,-1,-1,-1,-1
872,32,645,694,35,24,-1,-1,-1,-1
873,32,641,696,37,22,-1,-1,-1,-1
874,32,643,696,31,21,-1,-1,-1,-1
875,32,640,695,32,22,-1,-1,-1,-1
876,32,639,694,33,23,-1,-1,-1,-1
877,32,637,694,31,22,-1,-1,-1,-1
878,32,635,696,32,23,-1,-1,-1,-1
879,32,631,694,37,26,-1,-1,-1,-1
881,33,625,698,35,20,-1,-1,-1,-1
882,33,624,697,34,21,-1,-1,-1,-1
883,33,626,695,31,22,-1,-1,-1,-1
886,34,615,694,34,24,-1,-1,-1,-1
887,34,609,696,39,23,-1,-1,-1,-1
888,34,612,695,31,23,-1,-1,-1,-1
889,34,606,697,37,22,-1,-1,-1,-1
890,34,607,696,33,22,-1,-1,-1,-1
891,34,605,696,32,23,-1,-1,-1,-1
892,34,605,695,31,24,-1,-1,-1,-1
893,34,603,695,35,23,-1,-1,-1,-1
894,34,594,696,39,22,-1,-1,-1,-1
895,34,595,697,32,21,-1,-1,-1,-1
896,34,594,696,32,22,-1,-1,-1,-1
749,35,306,440,32,64,-1,-1,-1,-1
750,35,306,441,31,57,-1,-1,-1,-1
751,35,307,444,27,54,-1,-1,-1,-1
752,35,305,445,26,53,-1,-1,-1,-1
753,35,302,443,28,55,-1,-1,-1,-1
754,35,295,442,35,61,-1,-1,-1,-1
755,35,294,444,35,55,-1,-1,-1,-1
756,35,292,443,37,57,-1,-1,-1,-1
757,35,290,443,39,57,-1,-1,-1,-1
758,35,287,443,43,59,-1,-1,-1,-1
759,35,285,442,43,62,-1,-1,-1,-1
760,35,284,441,42,65,-1,-1,-1,-1
761,35,283,441,38,65,-1,-1,-1,-1
762,35,279,440,37,66,-1,-1,-1,-1
763,35,280,441,34,63,-1,-1,-1,-1
764,35,277,441,38,62,-1,-1,-1,-1
765,35,275,441,38,63,-1,-1,-1,-1
766,35,272,440,40,63,-1,-1,-1,-1
767,35,271,442,41,62,-1,-1,-1,-1
768,35,269,443,40,62,-1,-1,-1,-1
769,35,267,444,41,62,-1,-1,-1,-1
770,35,267,442,40,63,-1,-1,-1,-1
771,35,266,442,39,63,-1,-1,-1,-1
772,35,263,442,41,64,-1,-1,-1,-1
773,35,260,441,42,63,-1,-1,-1,-1
774,35,258,442,39,61,-1,-1,-1,-1
775,35,258,444,32,57,-1,-1,-1,-1
776,35,255,445,32,55,-1,-1,-1,-1
777,35,253,444,31,59,-1,-1,-1,-1
778,35,251,443,33,61,-1,-1,-1,-1
779,35,246,443,37,61,-1,-1,-1,-1
780,35,245,441,36,63,-1,-1,-1,-1
781,35,242,441,35,61,-1,-1,-1,-1
782,35,240,441,34,60,-1,-1,-1,-1
783,35,237,438,38,64,-1,-1,-1,-1
784,35,235,439,36,58,-1,-1,-1,-1
785,35,233,440,37,58,-1,-1,-1,-1
786,35,233,441,36,56,-1,-1,-1,-1
787,35,231,441,34,53,-1,-1,-1,-1
788,35,228,441,33,57,-1,-1,-1,-1
789,35,225,441,33,55,-1,-1,-1,-1
790,35,224,442,31,54,-1,-1,-1,-1
791,35,221,442,33,55,-1,-1,-1,-1
792,35,217,441,35,57,-1,-1,-1,-1
793,35,215,441,33,56,-1,-1,-1,-1
794,35,215,440,32,55,-1,-1,-1,-1
795,35,208,438,35,59,-1,-1,-1,-1
796,35,206,437,35,61,-1,-1,-1,-1
797,35,205,437,34,59,-1,-1,-1,-1
798,35,202,436,36,60,-1,-1,-1,-1
799,35,201,438,33,56,-1,-1,-1,-1
800,35,199,438,32,58,-1,-1,-1,-1
801,35,196,439,32,56,-1,-1,-1,-1
802,35,192,438,35,58,-1,-1,-1,-1
803,35,187,438,37,62,-1,-1,-1,-1
804,35,187,439,35,60,-1,-1,-1,-1
805,35,187,438,29,56,-1,-1,-1,-1
806,35,185,439,29,55,-1,-1,-1,-1
807,35,180,437,32,60,-1,-1,-1,-1
808,35,178,436,33,61,-1,-1,-1,-1
809,35,176,438,33,59,-1,-1,-1,-1
810,35,175,436,30,58,-1,-1,-1,-1
811,35,174,435,32,57,-1,-1,-1,-1
812,35,171,436,30,53,-1,-1,-1,-1
813,35,170,437,30,55,-1,-1,-1,-1
814,35,167,437,28,51,-1,-1,-1,-1
815,35,164,438,27,50,-1,-1,-1,-1
816,35,161,439,28,54,-1,-1,-1,-1
817,35,157,439,30,51,-1,-1,-1,-1
818,35,159,441,27,46,-1,-1,-1,-1
819,35,155,438,28,51,-1,-1,-1,-1
820,35,152,438,29,55,-1,-1,-1,-1
821,35,147,437,34,60,-1,-1,-1,-1
822,35,145,437,33,60,-1,-1,-1,-1
823,35,143,436,31,58,-1,-1,-1,-1
824,35,140,438,33,55,-1,-1,-1,-1
825,35,135,438,33,58,-1,-1,-1,-1
826,35,133,439,30,56,-1,-1,-1,-1
827,35,133,439,28,55,-1,-1,-1,-1
828,35,131,438,31,56,-1,-1,-1,-1
829,35,130,439,30,53,-1,-1,-1,-1
830,35,127,439,30,57,-1,-1,-1,-1
831,35,126,438,31,57,-1,-1,-1,-1
832,35,124,437,31,58,-1,-1,-1,-1
833,35,121,437,31,62,-1,-1,-1,-1
834,35,120,438,30,61,-1,-1,-1,-1
835,35,116,437,31,61,-1,-1,-1,-1
836,35,115,442,32,54,-1,-1,-1,-1
837,35,109,440,34,59,-1,-1,-1,-1
838,35,107,439,34,62,-1,-1,-1,-1
839,35,105,438,35,62,-1,-1,-1,-1
840,35,104,438,32,64,-1,-1,-1,-1
841,35,103,438,31,63,-1,-1,-1,-1
842,35,100,440,32,59,-1,-1,-1,-1
843,35,99,438,31,63,-1,-1,-1,-1
844,35,100,441,29,60,-1,-1,-1,-1
845,35,98,444,30,58,-1,-1,-1,-1
846,35,94,440,31,62,-1,-1,-1,-1
847,35,89,443,34,59,-1,-1,-1,-1
848,35,86,441,39,62,-1,-1,-1,-1
849,35,86,437,40,67,-1,-1,-1,-1
850,35,84,439,41,65,-1,-1,-1,-1
851,35,80,439,44,64,-1,-1,-1,-1
852,35,78,438,45,64,-1,-1,-1,-1
853,35,77,439,43,63,-1,-1,-1,-1
854,35,75,445,33,56,-1,-1,-1,-1
855,35,76,456,28,46,-1,-1,-1,-1
856,35,74,447,29,54,-1,-1,-1,-1
857,35,70,437,32,66,-1,-1,-1,-1
858,35,69,438,31,65,-1,-1,-1,-1
859,35,67,436,33,69,-1,-1,-1,-1
860,35,65,437,33,65,-1,-1,-1,-1
861,35,65,443,30,63,-1,-1,-1,-1
862,35,59,443,37,63,-1,-1,-1,-1
863,35,55,444,40,62,-1,-1,-1,-1
864,35,58,440,38,68,-1,-1,-1,-1
865,35,52,442,40,64,-1,-1,-1,-1
866,35,53,442,36,61,-1,-1,-1,-1
867,35,51,440,37,67,-1,-1,-1,-1
868,35,49,439,41,67,-1,-1,-1,-1
869,35,50,437,37,68,-1,-1,-1,-1
870,35,50,443,29,63,-1,-1,-1,-1
871,35,48,445,30,58,-1,-1,-1,-1
872,35,46,441,29,60,-1,-1,-1,-1
873,35,44,442,34,65,-1,-1,-1,-1
874,35,41,441,32,61,-1,-1,-1,-1
875,35,37,441,34,62,-1,-1,-1,-1
876,35,34,440,36,62,-1,-1,-1,-1
877,35,32,440,36,62,-1,-1,-1,-1
878,35,30,441,34,63,-1,-1,-1,-1
879,35,27,441,33,65,-1,-1,-1,-1
880,35,25,442,31,58,-1,-1,-1,-1
881,35,24,443,32,62,-1,-1,-1,-1
882,35,23,441,31,63,-1,-1,-1,-1
883,35,20,439,35,68,-1,-1,-1,-1
884,35,19,442,33,62,-1,-1,-1,-1
885,35,17,441,33,65,-1,-1,-1,-1
886,35,16,442,32,64,-1,-1,-1,-1
887,35,14,444,31,61,-1,-1,-1,-1
888,35,9,443,36,65,-1,-1,-1,-1
889,35,7,443,39,68,-1,-1,-1,-1
890,35,6,444,37,66,-1,-1,-1,-1
891,35,6,444,35,63,-1,-1,-1,-1
892,35,4,445,37,64,-1,-1,-1,-1
893,35,2,445,35,63,-1,-1,-1,-1
894,35,2,445,32,63,-1,-1,-1,-1
895,35,0,447,29,60,-1,-1,-1,-1
896,35,0,448,26,60,-1,-1,-1,-1
897,35,0,445,25,62,-1,-1,-1,-1
898,35,0,442,27,65,-1,-1,-1,-1
899,35,0,445,24,62,-1,-1,-1,-1
900,35,0,445,22,62,-1,-1,-1,-1
901,35,0,446,19,60,-1,-1,-1,-1
902,35,0,448,19,59,-1,-1,-1,-1
903,35,0,449,18,58,-1,-1,-1,-1
904,35,0,456,18,52,-1,-1,-1,-1
905,35,0,459,18,49,-1,-1,-1,-1
906,35,0,466,17,42,-1,-1,-1,-1
955,36,779,249,17,31,-1,-1,-1,-1
956,36,778,248,18,31,-1,-1,-1,-1
957,36,778,249,17,31,-1,-1,-1,-1
958,36,778,249,17,31,-1,-1,-1,-1
959,36,777,249,18,30,-1,-1,-1,-1
960,36,776,249,18,29,-1,-1,-1,-1
961,36,776,249,20,29,-1,-1,-1,-1
962,36,776,249,20,30,-1,-1,-1,-1
963,36,776,248,21,31,-1,-1,-1,-1
964,36,775,247,22,32,-1,-1,-1,-1
962,37,816,250,20,28,-1,-1,-1,-1
963,37,814,248,22,30,-1,-1,-1,-1
964,37,816,250,22,29,-1,-1,-1,-1
965,37,815,249,21,30,-1,-1,-1,-1
966,37,813,249,22,30,-1,-1,-1,-1
967,37,816,251,21,29,-1,-1,-1,-1
968,37,816,251,20,28,-1,-1,-1,-1
971,31,816,252,19,28,-1,-1,-1,-1
972,31,814,251,19,29,-1,-1,-1,-1
973,31,814,251,19,29,-1,-1,-1,-1
974,31,814,250,19,30,-1,-1,-1,-1
975,31,815,250,18,29,-1,-1,-1,-1
976,31,814,250,19,30,-1,-1,-1,-1
977,31,814,251,19,29,-1,-1,-1,-1
978,31,814,251,19,29,-1,-1,-1,-1
979,31,813,251,20,28,-1,-1,-1,-1
980,31,813,251,20,28,-1,-1,-1,-1
981,31,814,251,19,28,-1,-1,-1,-1
982,31,815,251,18,29,-1,-1,-1,-1
983,31,813,251,19,29,-1,-1,-1,-1
984,31,813,251,19,28,-1,-1,-1,-1
985,31,812,251,20,29,-1,-1,-1,-1
986,31,812,251,19,29,-1,-1,-1,-1
987,31,813,251,19,29,-1,-1,-1,-1
988,31,813,251,19,29,-1,-1,-1,-1
989,31,812,251,20,30,-1,-1,-1,-1
990,31,814,251,18,32,-1,-1,-1,-1
991,31,814,251,19,32,-1,-1,-1,-1
992,31,811,251,21,31,-1,-1,-1,-1
993,31,811,251,21,31,-1,-1,-1,-1
994,31,814,251,18,32,-1,-1,-1,-1
995,31,814,251,18,32,-1,-1,-1,-1
996,31,814,251,18,32,-1,-1,-1,-1
997,31,814,251,18,32,-1,-1,-1,-1
998,31,814,251,18,32,-1,-1,-1,-1
999,31,814,251,18,32,-1,-1,-1,-1
1000,31,814,251,18,31,-1,-1,-1,-1
1001,31,815,251,17,31,-1,-1,-1,-1
1002,31,814,251,18,29,-1,-1,-1,-1
1003,31,814,251,18,29,-1,-1,-1,-1
1004,31,815,250,17,29,-1,-1,-1,-1
1005,31,815,250,17,29,-1,-1,-1,-1
1006,31,815,251,17,27,-1,-1,-1,-1
1007,31,815,251,17,27,-1,-1,-1,-1
1008,31,815,251,17,27,-1,-1,-1,-1
1009,31,816,251,16,27,-1,-1,-1,-1
1010,31,816,251,16,27,-1,-1,-1,-1
1011,31,816,251,16,27,-1,-1,-1,-1
851,39,1250,533,28,67,-1,-1,-1,-1
852,39,1250,534,28,66,-1,-1,-1,-1
853,39,1251,536,28,63,-1,-1,-1,-1
854,39,1252,536,27,63,-1,-1,-1,-1
855,39,1248,536,28,66,-1,-1,-1,-1
856,39,1247,537,30,66,-1,-1,-1,-1
857,39,1247,537,30,66,-1,-1,-1,-1
858,39,1248,540,28,63,-1,-1,-1,-1
859,39,1247,538,29,65,-1,-1,-1,-1
860,39,1247,539,29,63,-1,-1,-1,-1
861,39,1246,538,30,65,-1,-1,-1,-1
862,39,1245,538,31,65,-1,-1,-1,-1
863,39,1244,538,31,65,-1,-1,-1,-1
864,39,1245,538,30,65,-1,-1,-1,-1
865,39,1247,539,31,63,-1,-1,-1,-1
866,39,1248,539,26,65,-1,-1,-1,-1
867,39,1243,539,34,64,-1,-1,-1,-1
868,39,1246,539,27,64,-1,-1,-1,-1
869,39,1245,538,31,67,-1,-1,-1,-1
870,39,1245,537,29,68,-1,-1,-1,-1
871,39,1244,538,31,67,-1,-1,-1,-1
872,39,1245,539,31,67,-1,-1,-1,-1
873,39,1245,539,31,67,-1,-1,-1,-1
874,39,1245,540,31,67,-1,-1,-1,-1
875,39,1247,539,27,68,-1,-1,-1,-1
876,39,1248,539,27,67,-1,-1,-1,-1
877,39,1245,539,32,64,-1,-1,-1,-1
878,39,1244,539,31,67,-1,-1,-1,-1
879,39,1244,540,31,66,-1,-1,-1,-1
880,39,1243,540,32,67,-1,-1,-1,-1
881,39,1243,539,32,69,-1,-1,-1,-1
882,39,1243,540,32,66,-1,-1,-1,-1
883,39,1243,540,31,66,-1,-1,-1,-1
884,39,1243,541,31,65,-1,-1,-1,-1
885,39,1243,542,32,65,-1,-1,-1,-1
886,39,1242,541,32,66,-1,-1,-1,-1
887,39,1241,542,38,65,-1,-1,-1,-1
888,39,1241,542,33,65,-1,-1,-1,-1
889,39,1241,541,34,67,-1,-1,-1,-1
890,39,1240,542,35,66,-1,-1,-1,-1
891,39,1235,545,38,64,-1,-1,-1,-1
892,39,1236,545,37,64,-1,-1,-1,-1
893,39,1236,547,37,62,-1,-1,-1,-1
894,39,1236,547,35,62,-1,-1,-1,-1
895,39,1236,548,35,60,-1,-1,-1,-1
896,39,1236,548,35,60,-1,-1,-1,-1
897,39,1235,548,36,60,-1,-1,-1,-1
898,39,1233,549,40,61,-1,-1,-1,-1
899,39,1235,548,36,62,-1,-1,-1,-1
900,39,1234,549,37,61,-1,-1,-1,-1
901,39,1234,548,37,66,-1,-1,-1,-1
902,39,1236,548,34,66,-1,-1,-1,-1
903,39,1234,548,36,66,-1,-1,-1,-1
904,39,1236,548,33,67,-1,-1,-1,-1
905,39,1236,549,33,65,-1,-1,-1,-1
906,39,1236,549,33,61,-1,-1,-1,-1
907,39,1238,550,29,56,-1,-1,-1,-1
908,39,1235,551,31,57,-1,-1,-1,-1
909,39,1236,551,31,57,-1,-1,-1,-1
910,39,1236,551,31,53,-1,-1,-1,-1
911,39,1233,551,32,57,-1,-1,-1,-1
912,39,1233,552,33,57,-1,-1,-1,-1
913,39,1234,552,33,58,-1,-1,-1,-1
914,39,1234,552,32,58,-1,-1,-1,-1
915,39,1234,553,32,57,-1,-1,-1,-1
916,39,1233,553,32,60,-1,-1,-1,-1
917,39,1232,552,32,65,-1,-1,-1,-1
918,39,1231,551,33,68,-1,-1,-1,-1
919,39,1230,551,34,68,-1,-1,-1,-1
920,39,1231,552,33,67,-1,-1,-1,-1
921,39,1230,551,32,64,-1,-1,-1,-1
922,39,1231,550,29,64,-1,-1,-1,-1
923,39,1231,551,31,65,-1,-1,-1,-1
924,39,1231,552,31,65,-1,-1,-1,-1
925,39,1230,552,31,65,-1,-1,-1,-1
926,39,1231,553,30,64,-1,-1,-1,-1
927,39,1229,555,30,63,-1,-1,-1,-1
928,39,1229,555,30,65,-1,-1,-1,-1
929,39,1228,555,31,65,-1,-1,-1,-1
930,39,1227,555,33,67,-1,-1,-1,-1
931,39,1228,556,31,64,-1,-1,-1,-1
932,39,1228,556,31,64,-1,-1,-1,-1
933,39,1227,556,33,64,-1,-1,-1,-1
934,39,1227,557,33,64,-1,-1,-1,-1
935,39,1227,557,33,65,-1,-1,-1,-1
936,39,1226,558,34,65,-1,-1,-1,-1
937,39,1226,558,34,64,-1,-1,-1,-1
938,39,1226,559,33,65,-1,-1,-1,-1
939,39,1225,560,33,63,-1,-1,-1,-1
940,39,1226,559,34,64,-1,-1,-1,-1
941,39,1228,558,33,63,-1,-1,-1,-1
942,39,1228,559,32,68,-1,-1,-1,-1
943,39,1227,562,33,65,-1,-1,-1,-1
944,39,1229,562,31,62,-1,-1,-1,-1
945,39,1227,561,33,68,-1,-1,-1,-1
946,39,1227,562,34,68,-1,-1,-1,-1
947,39,1229,562,32,66,-1,-1,-1,-1
948,39,1227,562,34,66,-1,-1,-1,-1
949,39,1226,561,35,68,-1,-1,-1,-1
950,39,1224,561,36,70,-1,-1,-1,-1
951,39,1223,561,37,70,-1,-1,-1,-1
952,39,1222,562,35,69,-1,-1,-1,-1
953,39,1220,564,33,68,-1,-1,-1,-1
954,39,1221,565,33,66,-1,-1,-1,-1
955,39,1220,565,34,67,-1,-1,-1,-1
956,39,1223,567,29,65,-1,-1,-1,-1
957,39,1221,568,31,67,-1,-1,-1,-1
958,39,1222,568,29,64,-1,-1,-1,-1
959,39,1221,568,31,64,-1,-1,-1,-1
960,39,1219,566,31,69,-1,-1,-1,-1
961,39,1220,567,33,66,-1,-1,-1,-1
962,39,1220,568,33,66,-1,-1,-1,-1
963,39,1219,567,32,68,-1,-1,-1,-1
964,39,1218,566,32,69,-1,-1,-1,-1
965,39,1218,566,32,69,-1,-1,-1,-1
966,39,1218,566,32,68,-1,-1,-1,-1
967,39,1219,567,32,67,-1,-1,-1,-1
968,39,1219,567,30,66,-1,-1,-1,-1
969,39,1218,567,31,67,-1,-1,-1,-1
970,39,1218,568,31,67,-1,-1,-1,-1
971,39,1217,567,32,75,-1,-1,-1,-1
972,39,1217,568,31,78,-1,-1,-1,-1
973,39,1216,569,32,76,-1,-1,-1,-1
974,39,1216,571,33,74,-1,-1,-1,-1
975,39,1215,571,34,73,-1,-1,-1,-1
976,39,1216,571,33,73,-1,-1,-1,-1
977,39,1215,571,35,74,-1,-1,-1,-1
978,39,1217,572,32,73,-1,-1,-1,-1
979,39,1216,571,33,75,-1,-1,-1,-1
980,39,1216,572,31,73,-1,-1,-1,-1
981,39,1216,571,31,70,-1,-1,-1,-1
982,39,1214,570,33,72,-1,-1,-1,-1
983,39,1213,570,35,70,-1,-1,-1,-1
984,39,1212,570,36,69,-1,-1,-1,-1
985,39,1212,570,37,70,-1,-1,-1,-1
986,39,1211,571,38,72,-1,-1,-1,-1
987,39,1212,571,37,72,-1,-1,-1,-1
988,39,1210,572,39,72,-1,-1,-1,-1
989,39,1211,572,36,72,-1,-1,-1,-1
990,39,1210,573,36,72,-1,-1,-1,-1
991,39,1209,574,37,72,-1,-1,-1,-1
992,39,1209,575,36,72,-1,-1,-1,-1
993,39,1208,576,37,71,-1,-1,-1,-1
994,39,1206,576,39,71,-1,-1,-1,-1
995,39,1207,577,37,70,-1,-1,-1,-1
996,39,1207,577,37,70,-1,-1,-1,-1
997,39,1204,576,39,71,-1,-1,-1,-1
998,39,1205,575,38,71,-1,-1,-1,-1
999,39,1206,575,37,71,-1,-1,-1,-1
1000,39,1206,575,36,71,-1,-1,-1,-1
1001,39,1206,575,36,71,-1,-1,-1,-1
1002,39,1205,575,36,72,-1,-1,-1,-1
1003,39,1205,575,36,73,-1,-1,-1,-1
1004,39,1205,576,35,73,-1,-1,-1,-1
1005,39,1206,579,32,69,-1,-1,-1,-1
1006,39,1206,580,33,68,-1,-1,-1,-1
1007,39,1205,580,32,69,-1,-1,-1,-1
1008,39,1205,581,32,67,-1,-1,-1,-1
1009,39,1205,582,31,67,-1,-1,-1,-1
1010,39,1205,582,31,67,-1,-1,-1,-1
1011,39,1204,582,32,68,-1,-1,-1,-1
1012,39,1204,582,32,69,-1,-1,-1,-1
1013,39,1205,582,31,69,-1,-1,-1,-1
1014,39,1203,581,33,71,-1,-1,-1,-1
1015,39,1203,581,33,71,-1,-1,-1,-1
1016,39,1202,581,34,71,-1,-1,-1,-1
1017,39,1202,581,34,70,-1,-1,-1,-1
1018,39,1202,581,33,70,-1,-1,-1,-1
1019,39,1202,583,33,68,-1,-1,-1,-1
1020,39,1201,583,34,69,-1,-1,-1,-1
1021,39,1199,582,35,72,-1,-1,-1,-1
1022,39,1199,583,36,71,-1,-1,-1,-1
1023,39,1199,582,36,73,-1,-1,-1,-1
1024,39,1198,583,36,72,-1,-1,-1,-1
1025,39,1197,584,37,72,-1,-1,-1,-1
1026,39,1196,586,37,71,-1,-1,-1,-1
1027,39,1195,587,38,72,-1,-1,-1,-1
1028,39,1195,586,36,72,-1,-1,-1,-1
1029,39,1194,586,38,73,-1,-1,-1,-1
1030,39,1194,587,37,73,-1,-1,-1,-1
1031,39,1193,587,38,73,-1,-1,-1,-1
1032,39,1193,588,37,72,-1,-1,-1,-1
1033,39,1192,587,38,73,-1,-1,-1,-1
1034,39,1192,586,39,72,-1,-1,-1,-1
1035,39,1192,587,40,73,-1,-1,-1,-1
1036,39,1191,588,39,73,-1,-1,-1,-1
1037,39,1190,588,39,74,-1,-1,-1,-1
1038,39,1191,588,38,74,-1,-1,-1,-1
1039,39,1191,589,37,73,-1,-1,-1,-1
1040,39,1191,590,37,73,-1,-1,-1,-1
1041,39,1191,591,36,72,-1,-1,-1,-1
1042,39,1191,590,37,73,-1,-1,-1,-1
1043,39,1191,590,36,73,-1,-1,-1,-1
1044,39,1191,590,36,73,-1,-1,-1,-1
1045,39,1190,591,36,72,-1,-1,-1,-1
1046,39,1190,591,35,72,-1,-1,-1,-1
1047,39,1190,591,34,73,-1,-1,-1,-1
1048,39,1190,591,34,73,-1,-1,-1,-1
1049,39,1189,591,35,72,-1,-1,-1,-1
1050,39,1189,591,35,72,-1,-1,-1,-1
1051,39,1188,591,37,72,-1,-1,-1,-1
1052,39,1188,592,36,70,-1,-1,-1,-1
1053,39,1187,593,36,71,-1,-1,-1,-1
1054,39,1186,594,36,72,-1,-1,-1,-1
1055,39,1185,595,36,70,-1,-1,-1,-1
1056,39,1186,595,35,70,-1,-1,-1,-1
1057,39,1187,595,32,71,-1,-1,-1,-1
1058,39,1186,596,34,70,-1,-1,-1,-1
1059,39,1184,596,35,70,-1,-1,-1,-1
1060,39,1183,596,35,71,-1,-1,-1,-1
1061,39,1182,596,35,72,-1,-1,-1,-1
1062,39,1180,595,37,73,-1,-1,-1,-1
1063,39,1180,596,37,72,-1,-1,-1,-1
1064,39,1179,595,37,74,-1,-1,-1,-1
1065,39,1179,595,36,75,-1,-1,-1,-1
1066,39,1178,595,37,74,-1,-1,-1,-1
1067,39,1179,595,37,71,-1,-1,-1,-1
1068,39,1178,595,38,73,-1,-1,-1,-1
1069,39,1179,596,38,74,-1,-1,-1,-1
1070,39,1180,596,35,74,-1,-1,-1,-1
1071,39,1180,598,33,75,-1,-1,-1,-1
1072,39,1179,599,35,75,-1,-1,-1,-1
1073,39,1178,600,36,76,-1,-1,-1,-1
1074,39,1178,600,36,75,-1,-1,-1,-1
1075,39,1177,601,37,75,-1,-1,-1,-1
1076,39,1177,602,37,74,-1,-1,-1,-1
1077,39,1177,602,37,74,-1,-1,-1,-1
1078,39,1176,602,37,74,-1,-1,-1,-1
1079,39,1177,602,37,74,-1,-1,-1,-1
1080,39,1176,602,38,76,-1,-1,-1,-1
1081,39,1175,602,38,75,-1,-1,-1,-1
1082,39,1175,602,39,74,-1,-1,-1,-1
1083,39,1175,602,39,74,-1,-1,-1,-1
1084,39,1175,602,38,74,-1,-1,-1,-1
1085,39,1175,602,37,75,-1,-1,-1,-1
1086,39,1175,603,36,74,-1,-1,-1,-1
1087,39,1174,602,36,75,-1,-1,-1,-1
1088,39,1174,602,37,76,-1,-1,-1,-1
1089,39,1173,603,37,76,-1,-1,-1,-1
1090,39,1173,604,36,76,-1,-1,-1,-1
1091,39,1173,605,35,75,-1,-1,-1,-1
1092,39,1174,608,33,71,-1,-1,-1,-1
1093,39,1173,608,34,73,-1,-1,-1,-1
1064,40,1042,698,31,20,-1,-1,-1,-1
1065,40,1044,697,31,21,-1,-1,-1,-1
1066,40,1043,697,31,21,-1,-1,-1,-1
1067,40,1040,696,37,21,-1,-1,-1,-1
1068,40,1041,696,36,21,-1,-1,-1,-1
1069,40,1036,693,46,27,-1,-1,-1,-1
1070,40,1041,694,37,23,-1,-1,-1,-1
1071,40,1044,697,35,21,-1,-1,-1,-1
1072,40,1039,692,44,27,-1,-1,-1,-1
1073,40,1046,696,32,21,-1,-1,-1,-1
1074,40,1045,696,32,21,-1,-1,-1,-1
1075,40,1045,695,31,22,-1,-1,-1,-1
1076,40,1045,695,32,22,-1,-1,-1,-1
1077,40,1045,694,32,23,-1,-1,-1,-1
1078,40,1047,693,31,24,-1,-1,-1,-1
1079,40,1047,693,32,24,-1,-1,-1,-1
1080,40,1048,693,32,24,-1,-1,-1,-1
1081,40,1047,691,34,27,-1,-1,-1,-1
1082,40,1049,692,33,25,-1,-1,-1,-1
1083,40,1049,692,33,25,-1,-1,-1,-1
1084,40,1049,692,33,25,-1,-1,-1,-1
1085,40,1049,692,33,25,-1,-1,-1,-1
1086,40,1050,692,32,25,-1,-1,-1,-1
1087,40,1049,692,33,25,-1,-1,-1,-1
1088,40,1049,689,38,29,-1,-1,-1,-1
1089,40,1052,690,35,27,-1,-1,-1,-1
1090,40,1053,689,34,28,-1,-1,-1,-1
1091,40,1053,688,35,29,-1,-1,-1,-1
1092,40,1053,687,35,30,-1,-1,-1,-1
1093,40,1053,684,40,33,-1,-1,-1,-1
