98,0,1096,694,34,23,-1,-1,-1,-1
99,0,1096,694,34,24,-1,-1,-1,-1
100,0,1097,694,33,23,-1,-1,-1,-1
101,0,1097,694,33,23,-1,-1,-1,-1
102,0,1098,693,32,24,-1,-1,-1,-1
103,0,1098,694,32,24,-1,-1,-1,-1
115,1,1264,497,14,41,-1,-1,-1,-1
116,1,1262,497,17,39,-1,-1,-1,-1
117,1,1263,494,15,44,-1,-1,-1,-1
118,1,1263,496,13,42,-1,-1,-1,-1
119,1,1262,496,14,41,-1,-1,-1,-1
120,1,1261,494,15,45,-1,-1,-1,-1
121,1,1263,494,15,45,-1,-1,-1,-1
122,1,1259,491,20,49,-1,-1,-1,-1
123,1,1259,483,20,58,-1,-1,-1,-1
124,1,1259,488,20,53,-1,-1,-1,-1
125,1,1258,491,20,50,-1,-1,-1,-1
126,1,1258,491,20,51,-1,-1,-1,-1
127,1,1258,492,20,50,-1,-1,-1,-1
128,1,1255,488,24,55,-1,-1,-1,-1
129,1,1258,492,20,51,-1,-1,-1,-1
130,1,1256,491,23,53,-1,-1,-1,-1
131,1,1255,491,24,54,-1,-1,-1,-1
132,1,1256,492,23,52,-1,-1,-1,-1
133,1,1256,492,21,54,-1,-1,-1,-1
134,1,1255,493,22,53,-1,-1,-1,-1
135,1,1254,492,22,55,-1,-1,-1,-1
136,1,1254,491,23,55,-1,-1,-1,-1
137,1,1254,490,23,57,-1,-1,-1,-1
138,1,1251,491,25,56,-1,-1,-1,-1
139,1,1252,491,24,60,-1,-1,-1,-1
140,1,1252,493,23,56,-1,-1,-1,-1
141,1,1250,494,24,56,-1,-1,-1,-1
142,1,1248,496,28,55,-1,-1,-1,-1
143,1,1248,499,31,50,-1,-1,-1,-1
144,1,1249,494,26,58,-1,-1,-1,-1
145,1,1244,497,33,59,-1,-1,-1,-1
146,1,1242,500,28,59,-1,-1,-1,-1
147,1,1241,502,28,58,-1,-1,-1,-1
148,1,1241,503,28,60,-1,-1,-1,-1
149,1,1241,505,27,58,-1,-1,-1,-1
150,1,1241,505,26,59,-1,-1,-1,-1
151,1,1240,508,26,56,-1,-1,-1,-1
152,1,1239,508,26,58,-1,-1,-1,-1
153,1,1239,507,26,57,-1,-1,-1,-1
154,1,1238,506,27,59,-1,-1,-1,-1
155,1,1237,505,28,60,-1,-1,-1,-1
156,1,1238,506,27,59,-1,-1,-1,-1
157,1,1238,508,25,55,-1,-1,-1,-1
158,1,1237,509,25,53,-1,-1,-1,-1
159,1,1236,509,25,54,-1,-1,-1,-1
160,1,1236,509,25,55,-1,-1,-1,-1
161,1,1236,508,26,56,-1,-1,-1,-1
162,1,1236,508,25,58,-1,-1,-1,-1
163,1,1235,508,27,59,-1,-1,-1,-1
164,1,1234,509,26,58,-1,-1,-1,-1
165,1,1233,510,27,59,-1,-1,-1,-1
166,1,1232,511,28,58,-1,-1,-1,-1
167,1,1232,511,28,58,-1,-1,-1,-1
168,1,1232,510,29,61,-1,-1,-1,-1
169,1,1232,511,29,60,-1,-1,-1,-1
170,1,1231,512,29,59,-1,-1,-1,-1
171,1,1231,512,29,59,-1,-1,-1,-1
172,1,1231,513,29,59,-1,-1,-1,-1
173,1,1230,515,28,56,-1,-1,-1,-1
174,1,1229,515,29,57,-1,-1,-1,-1
175,1,1228,516,29,57,-1,-1,-1,-1
176,1,1226,517,28,58,-1,-1,-1,-1
177,1,1226,517,30,59,-1,-1,-1,-1
178,1,1225,518,31,59,-1,-1,-1,-1
179,1,1224,519,29,59,-1,-1,-1,-1
180,1,1223,520,29,58,-1,-1,-1,-1
181,1,1223,521,29,57,-1,-1,-1,-1
182,1,1222,522,29,57,-1,-1,-1,-1
183,1,1222,522,28,57,-1,-1,-1,-1
184,1,1222,523,26,55,-1,-1,-1,-1
185,1,1221,525,26,54,-1,-1,-1,-1
186,1,1222,526,24,55,-1,-1,-1,-1
187,1,1220,526,26,55,-1,-1,-1,-1
188,1,1220,525,25,52,-1,-1,-1,-1
189,1,1219,526,25,52,-1,-1,-1,-1
190,1,1218,529,24,49,-1,-1,-1,-1
191,1,1217,529,25,49,-1,-1,-1,-1
192,1,1218,528,23,51,-1,-1,-1,-1
193,1,1216,527,25,56,-1,-1,-1,-1
194,1,1215,529,25,53,-1,-1,-1,-1
195,1,1214,529,27,52,-1,-1,-1,-1
196,1,1215,533,24,48,-1,-1,-1,-1
197,1,1214,533,24,49,-1,-1,-1,-1
198,1,1212,533,26,52,-1,-1,-1,-1
199,1,1211,533,27,58,-1,-1,-1,-1
200,1,1210,534,28,59,-1,-1,-1,-1
201,1,1209,535,28,58,-1,-1,-1,-1
202,1,1209,535,28,59,-1,-1,-1,-1
203,1,1207,535,30,60,-1,-1,-1,-1
204,1,1207,535,30,60,-1,-1,-1,-1
205,1,1206,536,30,59,-1,-1,-1,-1
206,1,1207,538,27,53,-1,-1,-1,-1
207,1,1203,537,32,59,-1,-1,-1,-1
208,1,1203,539,32,59,-1,-1,-1,-1
209,1,1202,539,29,54,-1,-1,-1,-1
210,1,1202,540,27,53,-1,-1,-1,-1
211,1,1201,539,29,58,-1,-1,-1,-1
212,1,1201,544,26,51,-1,-1,-1,-1
213,1,1200,543,27,55,-1,-1,-1,-1
214,1,1199,544,26,52,-1,-1,-1,-1
215,1,1198,544,25,52,-1,-1,-1,-1
216,1,1198,547,24,48,-1,-1,-1,-1
217,1,1197,548,24,46,-1,-1,-1,-1
218,1,1197,548,23,47,-1,-1,-1,-1
219,1,1197,549,23,46,-1,-1,-1,-1
220,1,1196,549,23,47,-1,-1,-1,-1
221,1,1195,549,24,49,-1,-1,-1,-1
222,1,1194,551,23,46,-1,-1,-1,-1
223,1,1192,551,25,50,-1,-1,-1,-1
224,1,1190,552,26,50,-1,-1,-1,-1
225,1,1189,553,25,47,-1,-1,-1,-1
226,1,1188,552,25,48,-1,-1,-1,-1
227,1,1186,552,27,51,-1,-1,-1,-1
228,1,1185,554,27,49,-1,-1,-1,-1
229,1,1186,554,24,53,-1,-1,-1,-1
230,1,1184,552,28,57,-1,-1,-1,-1
231,1,1185,558,24,49,-1,-1,-1,-1
232,1,1183,557,26,52,-1,-1,-1,-1
233,1,1182,556,26,53,-1,-1,-1,-1
234,1,1181,561,24,49,-1,-1,-1,-1
235,1,1180,561,25,51,-1,-1,-1,-1
236,1,1179,560,25,51,-1,-1,-1,-1
237,1,1179,562,25,49,-1,-1,-1,-1
238,1,1178,561,25,51,-1,-1,-1,-1
239,1,1176,562,25,50,-1,-1,-1,-1
240,1,1175,562,26,50,-1,-1,-1,-1
241,1,1172,562,29,57,-1,-1,-1,-1
242,1,1170,563,29,62,-1,-1,-1,-1
243,1,1169,565,28,60,-1,-1,-1,-1
244,1,1168,567,28,58,-1,-1,-1,-1
245,1,1166,568,29,60,-1,-1,-1,-1
246,1,1166,569,30,59,-1,-1,-1,-1
247,1,1166,569,29,61,-1,-1,-1,-1
248,1,1163,569,32,67,-1,-1,-1,-1
249,1,1161,568,32,64,-1,-1,-1,-1
250,1,1160,569,32,71,-1,-1,-1,-1
251,1,1159,570,32,70,-1,-1,-1,-1
252,1,1159,571,32,72,-1,-1,-1,-1
253,1,1157,572,33,71,-1,-1,-1,-1
254,1,1157,572,32,66,-1,-1,-1,-1
255,1,1156,572,32,68,-1,-1,-1,-1
256,1,1156,572,32,67,-1,-1,-1,-1
257,1,1155,573,33,68,-1,-1,-1,-1
258,1,1154,573,32,70,-1,-1,-1,-1
259,1,1155,575,29,62,-1,-1,-1,-1
260,1,1152,577,33,66,-1,-1,-1,-1
261,1,1153,578,29,67,-1,-1,-1,-1
262,1,1152,578,29,68,-1,-1,-1,-1
263,1,1150,582,31,67,-1,-1,-1,-1
264,1,1149,583,32,68,-1,-1,-1,-1
265,1,1147,583,33,69,-1,-1,-1,-1
266,1,1147,583,30,67,-1,-1,-1,-1
267,1,1147,583,29,65,-1,-1,-1,-1
268,1,1146,583,31,69,-1,-1,-1,-1
269,1,1144,583,32,69,-1,-1,-1,-1
270,1,1143,586,30,64,-1,-1,-1,-1
271,1,1142,590,29,53,-1,-1,-1,-1
272,1,1142,589,27,53,-1,-1,-1,-1
273,1,1141,590,28,54,-1,-1,-1,-1
274,1,1140,589,27,55,-1,-1,-1,-1
275,1,1138,588,31,64,-1,-1,-1,-1
276,1,1137,589,31,66,-1,-1,-1,-1
277,1,1135,590,32,67,-1,-1,-1,-1
278,1,1134,592,33,67,-1,-1,-1,-1
279,1,1134,595,33,67,-1,-1,-1,-1
280,1,1132,596,34,70,-1,-1,-1,-1
281,1,1130,597,35,70,-1,-1,-1,-1
282,1,1129,599,33,72,-1,-1,-1,-1
283,1,1128,600,33,74,-1,-1,-1,-1
284,1,1128,601,33,69,-1,-1,-1,-1
285,1,1127,601,32,70,-1,-1,-1,-1
286,1,1126,599,33,72,-1,-1,-1,-1
287,1,1125,599,34,75,-1,-1,-1,-1
288,1,1125,600,33,73,-1,-1,-1,-1
289,1,1124,602,33,74,-1,-1,-1,-1
290,1,1123,603,34,74,-1,-1,-1,-1
291,1,1122,603,34,74,-1,-1,-1,-1
292,1,1121,604,33,74,-1,-1,-1,-1
293,1,1121,606,33,72,-1,-1,-1,-1
294,1,1121,609,32,69,-1,-1,-1,-1
295,1,1122,611,31,68,-1,-1,-1,-1
296,1,1120,611,33,68,-1,-1,-1,-1
297,1,1119,610,34,71,-1,-1,-1,-1
298,1,1119,613,31,69,-1,-1,-1,-1
299,1,1118,614,32,71,-1,-1,-1,-1
300,1,1118,616,31,70,-1,-1,-1,-1
301,1,1118,618,30,68,-1,-1,-1,-1
302,1,1116,620,31,67,-1,-1,-1,-1
303,1,1116,619,30,67,-1,-1,-1,-1
304,1,1116,621,29,63,-1,-1,-1,-1
305,1,1113,623,31,64,-1,-1,-1,-1
306,1,1112,624,33,66,-1,-1,-1,-1
307,1,1112,630,31,66,-1,-1,-1,-1
308,1,1111,629,33,70,-1,-1,-1,-1
309,1,1110,629,34,74,-1,-1,-1,-1
310,1,1109,631,32,74,-1,-1,-1,-1
311,1,1109,633,31,72,-1,-1,-1,-1
312,1,1109,631,31,76,-1,-1,-1,-1
313,1,1108,633,32,77,-1,-1,-1,-1
314,1,1107,635,32,73,-1,-1,-1,-1
315,1,1106,637,33,72,-1,-1,-1,-1
316,1,1106,640,32,73,-1,-1,-1,-1
317,1,1106,642,32,68,-1,-1,-1,-1
318,1,1105,642,32,69,-1,-1,-1,-1
319,1,1105,644,32,64,-1,-1,-1,-1
320,1,1104,645,34,69,-1,-1,-1,-1
321,1,1104,647,32,70,-1,-1,-1,-1
322,1,1103,647,33,69,-1,-1,-1,-1
323,1,1101,649,34,67,-1,-1,-1,-1
324,1,1098,650,36,67,-1,-1,-1,-1
325,1,1098,652,35,66,-1,-1,-1,-1
326,1,1096,654,37,64,-1,-1,-1,-1
327,1,1096,656,36,61,-1,-1,-1,-1
328,1,1096,657,35,59,-1,-1,-1,-1
329,1,1095,659,36,59,-1,-1,-1,-1
330,1,1094,658,34,59,-1,-1,-1,-1
331,1,1094,660,35,59,-1,-1,-1,-1
332,1,1093,662,35,56,-1,-1,-1,-1
333,1,1089,663,38,55,-1,-1,-1,-1
334,1,1089,663,38,56,-1,-1,-1,-1
335,1,1089,664,39,55,-1,-1,-1,-1
336,1,1088,664,38,55,-1,-1,-1,-1
337,1,1086,665,38,55,-1,-1,-1,-1
338,1,1085,667,37,53,-1,-1,-1,-1
339,1,1083,670,37,50,-1,-1,-1,-1
340,1,1083,672,35,47,-1,-1,-1,-1
341,1,1082,673,36,47,-1,-1,-1,-1
342,1,1082,675,37,44,-1,-1,-1,-1
343,1,1081,676,36,42,-1,-1,-1,-1
344,1,1079,678,36,39,-1,-1,-1,-1
345,1,1077,680,38,37,-1,-1,-1,-1
346,1,1078,680,37,37,-1,-1,-1,-1
347,1,1079,681,35,37,-1,-1,-1,-1
348,1,1080,683,33,34,-1,-1,-1,-1
349,1,1080,689,31,27,-1,-1,-1,-1
350,1,1077,688,34,30,-1,-1,-1,-1
351,1,1075,688,35,29,-1,-1,-1,-1
352,1,1076,690,32,27,-1,-1,-1,-1
353,1,1075,693,33,23,-1,-1,-1,-1
354,1,1074,694,32,23,-1,-1,-1,-1
355,1,1072,696,33,21,-1,-1,-1,-1
356,1,1070,694,31,24,-1,-1,-1,-1
357,1,1068,695,30,22,-1,-1,-1,-1
358,1,1064,693,32,26,-1,-1,-1,-1
359,1,1067,694,32,23,-1,-1,-1,-1
610,2,551,416,26,42,-1,-1,-1,-1
611,2,552,413,17,40,-1,-1,-1,-1
612,2,551,413,17,40,-1,-1,-1,-1
613,2,551,414,17,40,-1,-1,-1,-1
614,2,551,416,24,41,-1,-1,-1,-1
615,2,550,416,23,42,-1,-1,-1,-1
616,2,551,417,22,40,-1,-1,-1,-1
617,2,551,417,22,39,-1,-1,-1,-1
618,2,552,417,23,40,-1,-1,-1,-1
105,0,1102,693,28,24,-1,-1,-1,-1
106,0,1102,693,29,24,-1,-1,-1,-1
107,0,1102,693,29,24,-1,-1,-1,-1
108,0,1102,693,29,24,-1,-1,-1,-1
109,0,1101,694,31,24,-1,-1,-1,-1
110,0,1103,695,31,24,-1,-1,-1,-1
111,0,1103,693,30,24,-1,-1,-1,-1
112,0,1101,697,31,20,-1,-1,-1,-1
113,0,1100,697,33,20,-1,-1,-1,-1
114,0,1100,696,33,21,-1,-1,-1,-1
115,0,1101,695,33,22,-1,-1,-1,-1
116,0,1100,695,34,22,-1,-1,-1,-1
117,0,1101,695,33,22,-1,-1,-1,-1
118,0,1102,694,33,23,-1,-1,-1,-1
119,0,1102,693,33,24,-1,-1,-1,-1
120,0,1103,693,32,24,-1,-1,-1,-1
121,0,1102,694,33,23,-1,-1,-1,-1
122,0,1103,694,31,23,-1,-1,-1,-1
123,0,1105,693,30,24,-1,-1,-1,-1
124,0,1106,695,28,22,-1,-1,-1,-1
125,0,1108,690,30,27,-1,-1,-1,-1
126,0,1108,689,30,29,-1,-1,-1,-1
127,0,1107,689,30,29,-1,-1,-1,-1
128,0,1104,689,33,29,-1,-1,-1,-1
129,0,1104,689,34,29,-1,-1,-1,-1
130,0,1105,688,33,29,-1,-1,-1,-1
131,0,1105,688,33,29,-1,-1,-1,-1
132,0,1105,688,34,30,-1,-1,-1,-1
133,0,1107,688,32,30,-1,-1,-1,-1
134,0,1107,688,32,29,-1,-1,-1,-1
135,0,1107,689,33,29,-1,-1,-1,-1
136,0,1109,687,33,30,-1,-1,-1,-1
137,0,1110,685,32,32,-1,-1,-1,-1
138,0,1110,683,33,34,-1,-1,-1,-1
139,0,1111,683,32,34,-1,-1,-1,-1
140,0,1110,683,33,34,-1,-1,-1,-1
141,0,1110,681,33,37,-1,-1,-1,-1
142,0,1110,680,33,37,-1,-1,-1,-1
143,0,1110,680,33,37,-1,-1,-1,-1
144,0,1110,679,34,38,-1,-1,-1,-1
145,0,1110,678,34,39,-1,-1,-1,-1
146,0,1111,678,34,39,-1,-1,-1,-1
147,0,1111,677,34,41,-1,-1,-1,-1
148,0,1111,677,34,41,-1,-1,-1,-1
149,0,1111,677,34,41,-1,-1,-1,-1
150,0,1111,677,34,41,-1,-1,-1,-1
151,0,1111,677,35,41,-1,-1,-1,-1
152,0,1112,676,35,42,-1,-1,-1,-1
153,0,1111,676,35,41,-1,-1,-1,-1
154,0,1111,676,35,41,-1,-1,-1,-1
155,0,1110,675,35,43,-1,-1,-1,-1
156,0,1110,675,34,43,-1,-1,-1,-1
157,0,1110,673,36,46,-1,-1,-1,-1
158,0,1108,673,37,45,-1,-1,-1,-1
159,0,1109,673,36,45,-1,-1,-1,-1
160,0,1109,674,36,43,-1,-1,-1,-1
161,0,1108,674,37,43,-1,-1,-1,-1
162,0,1108,675,37,42,-1,-1,-1,-1
163,0,1108,675,37,42,-1,-1,-1,-1
164,0,1108,676,37,41,-1,-1,-1,-1
165,0,1108,676,37,41,-1,-1,-1,-1
166,0,1108,676,36,41,-1,-1,-1,-1
167,0,1108,676,36,41,-1,-1,-1,-1
168,0,1108,676,36,42,-1,-1,-1,-1
169,0,1108,675,35,43,-1,-1,-1,-1
170,0,1108,675,36,43,-1,-1,-1,-1
171,0,1109,675,36,43,-1,-1,-1,-1
172,0,1111,672,36,46,-1,-1,-1,-1
173,0,1112,669,38,50,-1,-1,-1,-1
174,0,1112,668,37,51,-1,-1,-1,-1
175,0,1112,668,37,51,-1,-1,-1,-1
176,0,1113,667,38,52,-1,-1,-1,-1
177,0,1114,665,38,54,-1,-1,-1,-1
178,0,1114,665,38,54,-1,-1,-1,-1
179,0,1113,665,40,54,-1,-1,-1,-1
180,0,1113,666,38,53,-1,-1,-1,-1
181,0,1112,666,39,53,-1,-1,-1,-1
182,0,1112,665,38,54,-1,-1,-1,-1
183,0,1112,665,39,54,-1,-1,-1,-1
184,0,1113,666,38,53,-1,-1,-1,-1
185,0,1114,665,37,54,-1,-1,-1,-1
186,0,1113,665,38,54,-1,-1,-1,-1
187,0,1114,665,36,54,-1,-1,-1,-1
188,0,1115,664,35,55,-1,-1,-1,-1
189,0,1114,663,38,56,-1,-1,-1,-1
190,0,1115,663,35,56,-1,-1,-1,-1
191,0,1116,662,35,57,-1,-1,-1,-1
192,0,1116,661,36,58,-1,-1,-1,-1
193,0,1117,662,35,57,-1,-1,-1,-1
194,0,1117,662,35,57,-1,-1,-1,-1
195,0,1116,663,40,54,-1,-1,-1,-1
196,0,1119,663,34,56,-1,-1,-1,-1
197,0,1119,662,37,57,-1,-1,-1,-1
198,0,1120,660,37,59,-1,-1,-1,-1
199,0,1120,657,39,62,-1,-1,-1,-1
200,0,1118,659,43,60,-1,-1,-1,-1
201,0,1124,658,35,61,-1,-1,-1,-1
202,0,1125,653,36,67,-1,-1,-1,-1
203,0,1123,658,42,60,-1,-1,-1,-1
204,0,1127,653,35,66,-1,-1,-1,-1
205,0,1128,650,36,69,-1,-1,-1,-1
206,0,1129,650,37,69,-1,-1,-1,-1
207,0,1129,649,37,70,-1,-1,-1,-1
208,0,1130,648,37,69,-1,-1,-1,-1
209,0,1130,649,38,68,-1,-1,-1,-1
210,0,1131,650,37,67,-1,-1,-1,-1
211,0,1130,648,38,69,-1,-1,-1,-1
212,0,1130,645,38,73,-1,-1,-1,-1
213,0,1130,645,39,73,-1,-1,-1,-1
214,0,1130,644,40,73,-1,-1,-1,-1
215,0,1130,645,39,74,-1,-1,-1,-1
216,0,1132,647,39,73,-1,-1,-1,-1
217,0,1131,645,39,74,-1,-1,-1,-1
218,0,1131,642,40,77,-1,-1,-1,-1
219,0,1130,641,43,79,-1,-1,-1,-1
220,0,1132,641,39,77,-1,-1,-1,-1
221,0,1132,639,40,80,-1,-1,-1,-1
222,0,1135,638,39,80,-1,-1,-1,-1
223,0,1136,639,38,78,-1,-1,-1,-1
224,0,1138,640,37,78,-1,-1,-1,-1
225,0,1136,641,41,76,-1,-1,-1,-1
226,0,1140,639,37,73,-1,-1,-1,-1
227,0,1140,639,37,73,-1,-1,-1,-1
228,0,1140,639,37,73,-1,-1,-1,-1
229,0,1138,639,39,73,-1,-1,-1,-1
230,0,1140,638,38,74,-1,-1,-1,-1
231,0,1142,636,37,74,-1,-1,-1,-1
232,0,1144,635,37,71,-1,-1,-1,-1
233,0,1145,632,36,75,-1,-1,-1,-1
234,0,1145,632,36,76,-1,-1,-1,-1
235,0,1145,631,37,76,-1,-1,-1,-1
236,0,1145,631,38,77,-1,-1,-1,-1
237,0,1146,631,38,77,-1,-1,-1,-1
238,0,1146,631,38,76,-1,-1,-1,-1
239,0,1147,630,37,77,-1,-1,-1,-1
240,0,1147,631,37,76,-1,-1,-1,-1
241,0,1147,630,38,78,-1,-1,-1,-1
242,0,1148,629,38,80,-1,-1,-1,-1
243,0,1149,629,37,78,-1,-1,-1,-1
244,0,1149,628,38,79,-1,-1,-1,-1
245,0,1150,628,37,79,-1,-1,-1,-1
246,0,1150,627,38,78,-1,-1,-1,-1
247,0,1150,626,38,79,-1,-1,-1,-1
248,0,1150,626,37,79,-1,-1,-1,-1
249,0,1152,626,36,77,-1,-1,-1,-1
250,0,1153,626,35,74,-1,-1,-1,-1
251,0,1153,626,35,73,-1,-1,-1,-1
252,0,1154,626,36,74,-1,-1,-1,-1
253,0,1155,626,35,72,-1,-1,-1,-1
254,0,1155,626,35,71,-1,-1,-1,-1
255,0,1155,626,37,71,-1,-1,-1,-1
256,0,1156,626,36,72,-1,-1,-1,-1
257,0,1155,626,37,72,-1,-1,-1,-1
258,0,1156,626,37,71,-1,-1,-1,-1
259,0,1157,624,36,74,-1,-1,-1,-1
260,0,1158,622,36,75,-1,-1,-1,-1
261,0,1158,620,36,77,-1,-1,-1,-1
262,0,1159,619,37,79,-1,-1,-1,-1
263,0,1160,621,35,75,-1,-1,-1,-1
264,0,1161,619,36,76,-1,-1,-1,-1
265,0,1160,620,36,73,-1,-1,-1,-1
266,0,1161,619,36,73,-1,-1,-1,-1
267,0,1160,619,38,74,-1,-1,-1,-1
268,0,1162,617,38,77,-1,-1,-1,-1
269,0,1161,617,38,77,-1,-1,-1,-1
270,0,1162,617,39,78,-1,-1,-1,-1
271,0,1162,618,39,79,-1,-1,-1,-1
272,0,1163,616,39,79,-1,-1,-1,-1
273,0,1164,616,39,79,-1,-1,-1,-1
274,0,1164,615,39,80,-1,-1,-1,-1
275,0,1165,614,38,80,-1,-1,-1,-1
276,0,1165,613,38,81,-1,-1,-1,-1
277,0,1166,613,36,78,-1,-1,-1,-1
278,0,1166,613,36,77,-1,-1,-1,-1
279,0,1166,612,37,77,-1,-1,-1,-1
280,0,1167,612,36,77,-1,-1,-1,-1
281,0,1166,612,37,76,-1,-1,-1,-1
282,0,1167,612,36,77,-1,-1,-1,-1
283,0,1168,611,35,78,-1,-1,-1,-1
284,0,1169,612,34,75,-1,-1,-1,-1
285,0,1170,612,34,73,-1,-1,-1,-1
286,0,1170,612,34,73,-1,-1,-1,-1
287,0,1170,612,35,72,-1,-1,-1,-1
288,0,1170,612,35,73,-1,-1,-1,-1
289,0,1169,612,36,73,-1,-1,-1,-1
290,0,1170,611,36,73,-1,-1,-1,-1
291,0,1171,610,36,73,-1,-1,-1,-1
292,0,1171,609,37,74,-1,-1,-1,-1
293,0,1172,609,36,72,-1,-1,-1,-1
294,0,1173,609,35,72,-1,-1,-1,-1
295,0,1173,608,36,73,-1,-1,-1,-1
296,0,1173,607,36,74,-1,-1,-1,-1
297,0,1173,607,37,73,-1,-1,-1,-1
298,0,1173,607,37,73,-1,-1,-1,-1
299,0,1174,607,35,73,-1,-1,-1,-1
300,0,1174,607,36,74,-1,-1,-1,-1
301,0,1174,607,36,74,-1,-1,-1,-1
302,0,1175,606,35,74,-1,-1,-1,-1
303,0,1175,606,36,74,-1,-1,-1,-1
304,0,1175,605,36,74,-1,-1,-1,-1
305,0,1175,605,36,74,-1,-1,-1,-1
306,0,1175,603,36,76,-1,-1,-1,-1
307,0,1175,602,35,74,-1,-1,-1,-1
308,0,1175,602,35,72,-1,-1,-1,-1
309,0,1175,601,35,73,-1,-1,-1,-1
310,0,1175,600,36,74,-1,-1,-1,-1
311,0,1175,600,36,74,-1,-1,-1,-1
312,0,1176,599,35,75,-1,-1,-1,-1
313,0,1176,599,35,75,-1,-1,-1,-1
314,0,1176,600,35,74,-1,-1,-1,-1
315,0,1176,599,36,75,-1,-1,-1,-1
316,0,1177,599,35,74,-1,-1,-1,-1
317,0,1177,599,35,74,-1,-1,-1,-1
318,0,1177,599,36,73,-1,-1,-1,-1
319,0,1178,599,36,74,-1,-1,-1,-1
320,0,1178,599,36,74,-1,-1,-1,-1
321,0,1179,599,35,74,-1,-1,-1,-1
322,0,1180,598,35,74,-1,-1,-1,-1
323,0,1181,597,35,74,-1,-1,-1,-1
324,0,1181,596,35,74,-1,-1,-1,-1
325,0,1181,597,36,72,-1,-1,-1,-1
326,0,1181,597,36,71,-1,-1,-1,-1
327,0,1181,597,36,70,-1,-1,-1,-1
328,0,1181,596,36,71,-1,-1,-1,-1
329,0,1181,595,37,72,-1,-1,-1,-1
330,0,1181,595,37,73,-1,-1,-1,-1
331,0,1182,595,36,73,-1,-1,-1,-1
332,0,1183,595,35,72,-1,-1,-1,-1
333,0,1183,595,35,72,-1,-1,-1,-1
334,0,1184,594,34,72,-1,-1,-1,-1
335,0,1183,594,35,72,-1,-1,-1,-1
336,0,1182,594,37,72,-1,-1,-1,-1
337,0,1183,592,38,73,-1,-1,-1,-1
338,0,1184,591,37,73,-1,-1,-1,-1
339,0,1185,590,36,73,-1,-1,-1,-1
340,0,1185,590,35,73,-1,-1,-1,-1
341,0,1184,589,37,72,-1,-1,-1,-1
342,0,1184,589,37,72,-1,-1,-1,-1
343,0,1185,589,36,72,-1,-1,-1,-1
344,0,1185,589,36,71,-1,-1,-1,-1
345,0,1186,589,36,70,-1,-1,-1,-1
346,0,1187,589,35,70,-1,-1,-1,-1
347,0,1186,589,35,70,-1,-1,-1,-1
348,0,1187,589,34,69,-1,-1,-1,-1
349,0,1187,590,35,69,-1,-1,-1,-1
350,0,1188,589,34,69,-1,-1,-1,-1
351,0,1189,589,34,70,-1,-1,-1,-1
352,0,1189,589,35,70,-1,-1,-1,-1
353,0,1190,588,34,69,-1,-1,-1,-1
354,0,1191,587,33,68,-1,-1,-1,-1
355,0,1191,587,33,68,-1,-1,-1,-1
356,0,1191,586,34,69,-1,-1,-1,-1
357,0,1191,586,34,69,-1,-1,-1,-1
358,0,1191,585,34,71,-1,-1,-1,-1
359,0,1191,585,35,70,-1,-1,-1,-1
360,0,1191,585,35,71,-1,-1,-1,-1
361,0,1191,585,35,70,-1,-1,-1,-1
362,0,1193,584,34,70,-1,-1,-1,-1
363,0,1193,583,35,71,-1,-1,-1,-1
364,0,1193,583,35,70,-1,-1,-1,-1
365,0,1194,582,35,72,-1,-1,-1,-1
366,0,1194,582,35,72,-1,-1,-1,-1
367,0,1194,581,34,71,-1,-1,-1,-1
368,0,1192,580,35,70,-1,-1,-1,-1
369,0,1193,580,34,69,-1,-1,-1,-1
370,0,1193,579,35,70,-1,-1,-1,-1
371,0,1193,579,35,71,-1,-1,-1,-1
372,0,1193,579,35,70,-1,-1,-1,-1
373,0,1194,579,34,69,-1,-1,-1,-1
374,0,1194,578,35,70,-1,-1,-1,-1
375,0,1194,578,35,70,-1,-1,-1,-1
376,0,1194,578,35,70,-1,-1,-1,-1
377,0,1194,579,35,68,-1,-1,-1,-1
378,0,1195,580,34,67,-1,-1,-1,-1
379,0,1195,580,34,66,-1,-1,-1,-1
380,0,1196,580,34,67,-1,-1,-1,-1
381,0,1196,579,36,69,-1,-1,-1,-1
382,0,1196,579,37,68,-1,-1,-1,-1
383,0,1197,579,37,69,-1,-1,-1,-1
384,0,1197,576,35,69,-1,-1,-1,-1
385,0,1198,575,35,70,-1,-1,-1,-1
386,0,1197,575,36,70,-1,-1,-1,-1
387,0,1198,575,36,70,-1,-1,-1,-1
388,0,1198,574,36,71,-1,-1,-1,-1
389,0,1199,574,35,71,-1,-1,-1,-1
390,0,1198,574,36,71,-1,-1,-1,-1
391,0,1198,574,37,71,-1,-1,-1,-1
392,0,1200,573,36,71,-1,-1,-1,-1
393,0,1201,574,35,70,-1,-1,-1,-1
394,0,1201,573,34,70,-1,-1,-1,-1
395,0,1201,572,35,71,-1,-1,-1,-1
396,0,1203,572,33,71,-1,-1,-1,-1
397,0,1203,571,33,71,-1,-1,-1,-1
398,0,1203,570,33,72,-1,-1,-1,-1
399,0,1204,570,33,69,-1,-1,-1,-1
400,0,1203,569,34,71,-1,-1,-1,-1
401,0,1203,568,34,72,-1,-1,-1,-1
402,0,1203,568,35,72,-1,-1,-1,-1
403,0,1203,569,35,71,-1,-1,-1,-1
404,0,1204,569,33,70,-1,-1,-1,-1
405,0,1204,570,34,69,-1,-1,-1,-1
406,0,1204,570,34,69,-1,-1,-1,-1
407,0,1204,570,34,70,-1,-1,-1,-1
408,0,1204,571,34,68,-1,-1,-1,-1
409,0,1205,570,34,69,-1,-1,-1,-1
410,0,1206,571,33,68,-1,-1,-1,-1
411,0,1206,570,33,68,-1,-1,-1,-1
412,0,1207,569,33,68,-1,-1,-1,-1
413,0,1207,569,34,66,-1,-1,-1,-1
414,0,1207,568,34,67,-1,-1,-1,-1
415,0,1208,567,33,67,-1,-1,-1,-1
416,0,1209,568,33,66,-1,-1,-1,-1
417,0,1209,567,33,67,-1,-1,-1,-1
418,0,1209,567,33,67,-1,-1,-1,-1
419,0,1210,567,33,67,-1,-1,-1,-1
420,0,1210,567,34,67,-1,-1,-1,-1
421,0,1210,567,35,67,-1,-1,-1,-1
422,0,1210,568,35,65,-1,-1,-1,-1
423,0,1212,567,34,66,-1,-1,-1,-1
424,0,1212,566,34,67,-1,-1,-1,-1
425,0,1213,566,33,66,-1,-1,-1,-1
426,0,1213,565,33,67,-1,-1,-1,-1
427,0,1213,564,33,68,-1,-1,-1,-1
428,0,1213,564,32,68,-1,-1,-1,-1
429,0,1213,564,33,67,-1,-1,-1,-1
430,0,1213,564,33,67,-1,-1,-1,-1
431,0,1213,564,34,66,-1,-1,-1,-1
432,0,1215,563,32,66,-1,-1,-1,-1
433,0,1215,564,32,66,-1,-1,-1,-1
434,0,1216,563,31,66,-1,-1,-1,-1
435,0,1216,562,32,66,-1,-1,-1,-1
436,0,1216,562,32,66,-1,-1,-1,-1
437,0,1216,562,32,66,-1,-1,-1,-1
438,0,1217,563,31,65,-1,-1,-1,-1
439,0,1217,563,31,66,-1,-1,-1,-1
440,0,1217,562,32,66,-1,-1,-1,-1
441,0,1218,562,31,66,-1,-1,-1,-1
442,0,1218,562,31,63,-1,-1,-1,-1
443,0,1219,561,30,61,-1,-1,-1,-1
444,0,1220,560,30,61,-1,-1,-1,-1
445,0,1221,560,29,60,-1,-1,-1,-1
446,0,1222,560,29,61,-1,-1,-1,-1
447,0,1222,560,29,60,-1,-1,-1,-1
448,0,1223,560,28,60,-1,-1,-1,-1
449,0,1223,560,28,62,-1,-1,-1,-1
450,0,1223,559,28,63,-1,-1,-1,-1
451,0,1223,558,30,65,-1,-1,-1,-1
452,0,1223,559,30,63,-1,-1,-1,-1
453,0,1223,558,30,63,-1,-1,-1,-1
454,0,1223,558,31,64,-1,-1,-1,-1
455,0,1223,557,29,66,-1,-1,-1,-1
456,0,1224,556,29,65,-1,-1,-1,-1
457,0,1223,555,30,64,-1,-1,-1,-1
458,0,1224,553,30,64,-1,-1,-1,-1
459,0,1223,551,33,67,-1,-1,-1,-1
460,0,1223,551,34,66,-1,-1,-1,-1
461,0,1224,551,33,66,-1,-1,-1,-1
462,0,1224,551,32,67,-1,-1,-1,-1
463,0,1224,551,33,68,-1,-1,-1,-1
464,0,1225,551,31,68,-1,-1,-1,-1
465,0,1225,551,32,68,-1,-1,-1,-1
466,0,1225,552,31,66,-1,-1,-1,-1
467,0,1225,551,32,67,-1,-1,-1,-1
468,0,1224,552,33,66,-1,-1,-1,-1
469,0,1226,551,32,67,-1,-1,-1,-1
470,0,1224,552,33,67,-1,-1,-1,-1
471,0,1226,551,31,66,-1,-1,-1,-1
472,0,1227,551,31,65,-1,-1,-1,-1
473,0,1227,551,32,62,-1,-1,-1,-1
474,0,1228,552,31,59,-1,-1,-1,-1
475,0,1228,551,31,60,-1,-1,-1,-1
476,0,1228,551,32,60,-1,-1,-1,-1
477,0,1229,551,31,59,-1,-1,-1,-1
478,0,1229,551,32,60,-1,-1,-1,-1
479,0,1229,551,32,61,-1,-1,-1,-1
480,0,1229,551,33,61,-1,-1,-1,-1
481,0,1229,551,33,62,-1,-1,-1,-1
482,0,1228,550,33,63,-1,-1,-1,-1
483,0,1228,550,33,63,-1,-1,-1,-1
484,0,1228,550,33,63,-1,-1,-1,-1
485,0,1229,550,33,62,-1,-1,-1,-1
486,0,1229,549,33,62,-1,-1,-1,-1
487,0,1230,549,32,61,-1,-1,-1,-1
488,0,1229,548,33,62,-1,-1,-1,-1
489,0,1229,549,33,61,-1,-1,-1,-1
490,0,1229,549,33,61,-1,-1,-1,-1
491,0,1229,548,33,62,-1,-1,-1,-1
492,0,1229,548,33,61,-1,-1,-1,-1
493,0,1230,548,32,62,-1,-1,-1,-1
494,0,1230,547,32,62,-1,-1,-1,-1
495,0,1231,545,32,65,-1,-1,-1,-1
496,0,1230,543,33,66,-1,-1,-1,-1
497,0,1231,543,32,66,-1,-1,-1,-1
498,0,1231,544,32,64,-1,-1,-1,-1
499,0,1232,544,31,63,-1,-1,-1,-1
500,0,1231,543,32,65,-1,-1,-1,-1
501,0,1231,542,33,66,-1,-1,-1,-1
502,0,1232,543,32,64,-1,-1,-1,-1
503,0,1232,542,32,66,-1,-1,-1,-1
504,0,1232,541,32,66,-1,-1,-1,-1
505,0,1233,540,32,67,-1,-1,-1,-1
506,0,1233,540,32,66,-1,-1,-1,-1
507,0,1235,540,31,66,-1,-1,-1,-1
508,0,1236,539,31,65,-1,-1,-1,-1
509,0,1235,538,32,67,-1,-1,-1,-1
510,0,1236,538,31,65,-1,-1,-1,-1
511,0,1236,537,31,65,-1,-1,-1,-1
512,0,1236,537,31,65,-1,-1,-1,-1
513,0,1234,537,33,65,-1,-1,-1,-1
514,0,1236,536,32,66,-1,-1,-1,-1
515,0,1235,536,33,66,-1,-1,-1,-1
516,0,1236,536,34,65,-1,-1,-1,-1
517,0,1237,536,32,65,-1,-1,-1,-1
518,0,1237,536,32,65,-1,-1,-1,-1
519,0,1237,536,31,66,-1,-1,-1,-1
520,0,1237,536,31,65,-1,-1,-1,-1
521,0,1237,535,31,66,-1,-1,-1,-1
522,0,1238,535,30,65,-1,-1,-1,-1
523,0,1238,536,31,63,-1,-1,-1,-1
524,0,1238,536,31,62,-1,-1,-1,-1
525,0,1238,535,32,64,-1,-1,-1,-1
526,0,1239,535,31,63,-1,-1,-1,-1
527,0,1239,535,31,62,-1,-1,-1,-1
528,0,1239,534,31,64,-1,-1,-1,-1
529,0,1239,534,32,63,-1,-1,-1,-1
530,0,1239,534,31,64,-1,-1,-1,-1
531,0,1239,533,32,64,-1,-1,-1,-1
532,0,1240,533,31,64,-1,-1,-1,-1
533,0,1240,532,32,65,-1,-1,-1,-1
534,0,1241,532,31,64,-1,-1,-1,-1
535,0,1241,532,30,64,-1,-1,-1,-1
536,0,1241,532,31,64,-1,-1,-1,-1
537,0,1242,532,30,64,-1,-1,-1,-1
538,0,1241,531,31,65,-1,-1,-1,-1
539,0,1241,531,31,65,-1,-1,-1,-1
540,0,1242,531,30,65,-1,-1,-1,-1
541,0,1242,530,30,66,-1,-1,-1,-1
542,0,1242,530,30,66,-1,-1,-1,-1
543,0,1241,530,30,66,-1,-1,-1,-1
544,0,1242,529,30,67,-1,-1,-1,-1
545,0,1242,529,30,65,-1,-1,-1,-1
546,0,1243,528,31,65,-1,-1,-1,-1
547,0,1244,528,30,63,-1,-1,-1,-1
548,0,1245,528,29,62,-1,-1,-1,-1
549,0,1245,526,30,65,-1,-1,-1,-1
550,0,1246,526,30,64,-1,-1,-1,-1
551,0,1246,525,29,65,-1,-1,-1,-1
552,0,1246,525,30,64,-1,-1,-1,-1
553,0,1247,524,30,65,-1,-1,-1,-1
554,0,1246,524,30,66,-1,-1,-1,-1
555,0,1246,525,30,65,-1,-1,-1,-1
556,0,1246,525,30,64,-1,-1,-1,-1
557,0,1247,525,29,64,-1,-1,-1,-1
558,0,1248,525,28,64,-1,-1,-1,-1
559,0,1247,525,29,64,-1,-1,-1,-1
560,0,1248,525,28,64,-1,-1,-1,-1
561,0,1249,524,28,65,-1,-1,-1,-1
562,0,1249,525,27,63,-1,-1,-1,-1
563,0,1249,524,28,65,-1,-1,-1,-1
564,0,1249,524,28,64,-1,-1,-1,-1
565,0,1250,524,26,64,-1,-1,-1,-1
566,0,1249,524,29,64,-1,-1,-1,-1
567,0,1250,524,28,63,-1,-1,-1,-1
568,0,1250,524,29,63,-1,-1,-1,-1
569,0,1250,524,29,64,-1,-1,-1,-1
570,0,1251,524,28,63,-1,-1,-1,-1
571,0,1251,524,28,64,-1,-1,-1,-1
572,0,1251,523,27,66,-1,-1,-1,-1
573,0,1251,524,28,64,-1,-1,-1,-1
574,0,1251,522,28,64,-1,-1,-1,-1
575,0,1252,522,27,64,-1,-1,-1,-1
576,0,1251,522,28,62,-1,-1,-1,-1
577,0,1254,521,24,63,-1,-1,-1,-1
578,0,1253,521,25,59,-1,-1,-1,-1
579,0,1254,521,24,59,-1,-1,-1,-1
580,0,1254,520,25,60,-1,-1,-1,-1
581,0,1255,519,24,62,-1,-1,-1,-1
582,0,1254,521,25,60,-1,-1,-1,-1
583,0,1255,521,23,62,-1,-1,-1,-1
584,0,1254,522,25,58,-1,-1,-1,-1
585,0,1253,521,26,60,-1,-1,-1,-1
586,0,1253,523,26,59,-1,-1,-1,-1
587,0,1254,523,25,58,-1,-1,-1,-1
588,0,1254,523,25,58,-1,-1,-1,-1
589,0,1255,524,24,55,-1,-1,-1,-1
590,0,1255,524,24,55,-1,-1,-1,-1
591,0,1257,524,21,54,-1,-1,-1,-1
592,0,1257,523,21,54,-1,-1,-1,-1
593,0,1258,523,20,53,-1,-1,-1,-1
594,0,1258,523,20,53,-1,-1,-1,-1
595,0,1259,523,19,53,-1,-1,-1,-1
596,0,1259,523,18,56,-1,-1,-1,-1
597,0,1260,522,18,53,-1,-1,-1,-1
598,0,1260,522,18,53,-1,-1,-1,-1
599,0,1260,522,18,53,-1,-1,-1,-1
600,0,1258,521,21,55,-1,-1,-1,-1
601,0,1258,521,21,54,-1,-1,-1,-1
602,0,1260,522,16,54,-1,-1,-1,-1
603,0,1259,521,20,55,-1,-1,-1,-1
604,0,1260,521,19,55,-1,-1,-1,-1
605,0,1259,519,20,56,-1,-1,-1,-1
606,0,1263,522,15,51,-1,-1,-1,-1
607,0,1263,521,15,52,-1,-1,-1,-1
608,0,1263,522,15,52,-1,-1,-1,-1
609,0,1263,522,15,51,-1,-1,-1,-1
610,0,1262,519,17,53,-1,-1,-1,-1
611,0,1262,520,17,52,-1,-1,-1,-1
612,0,1262,520,17,52,-1,-1,-1,-1
613,0,1262,520,17,52,-1,-1,-1,-1
614,0,1262,521,17,50,-1,-1,-1,-1
615,0,1262,522,17,49,-1,-1,-1,-1
616,0,1262,524,17,47,-1,-1,-1,-1
617,0,1262,522,17,49,-1,-1,-1,-1
618,0,1262,524,16,47,-1,-1,-1,-1
619,0,1262,525,17,46,-1,-1,-1,-1
620,0,1262,523,17,48,-1,-1,-1,-1
621,0,1262,524,16,47,-1,-1,-1,-1
622,0,1263,524,13,45,-1,-1,-1,-1
623,0,1263,525,13,43,-1,-1,-1,-1
624,0,1263,525,13,43,-1,-1,-1,-1
625,0,1264,527,15,41,-1,-1,-1,-1
626,0,1265,525,13,44,-1,-1,-1,-1
627,0,1266,526,11,43,-1,-1,-1,-1
1036,4,179,667,40,49,-1,-1,-1,-1
1037,4,183,660,37,54,-1,-1,-1,-1
1038,4,183,658,42,59,-1,-1,-1,-1
1039,4,181,660,50,58,-1,-1,-1,-1
1040,4,182,660,53,56,-1,-1,-1,-1
1041,4,184,666,53,50,-1,-1,-1,-1
1042,4,195,663,48,55,-1,-1,-1,-1
1043,4,199,664,45,54,-1,-1,-1,-1
1044,4,205,666,46,53,-1,-1,-1,-1
1045,4,210,665,42,54,-1,-1,-1,-1
1046,4,219,667,43,53,-1,-1,-1,-1
1047,4,227,669,39,51,-1,-1,-1,-1
1048,4,231,671,39,46,-1,-1,-1,-1
1049,4,234,673,41,44,-1,-1,-1,-1
1050,4,240,677,40,40,-1,-1,-1,-1
1051,4,245,680,40,37,-1,-1,-1,-1
1052,4,248,685,47,32,-1,-1,-1,-1
1053,4,255,684,40,32,-1,-1,-1,-1
1054,4,259,683,41,36,-1,-1,-1,-1
1055,4,267,688,39,30,-1,-1,-1,-1
1056,4,267,684,44,33,-1,-1,-1,-1
1057,4,276,688,35,29,-1,-1,-1,-1
1058,4,280,691,35,26,-1,-1,-1,-1
1059,4,285,694,37,23,-1,-1,-1,-1
1060,4,291,692,35,24,-1,-1,-1,-1
1061,4,296,692,32,25,-1,-1,-1,-1
1062,4,299,694,34,22,-1,-1,-1,-1
1063,4,301,693,41,27,-1,-1,-1,-1
1064,4,307,693,35,24,-1,-1,-1,-1
1065,4,317,696,32,21,-1,-1,-1,-1
1066,4,322,694,35,24,-1,-1,-1,-1
1154,5,898,602,31,56,-1,-1,-1,-1
1155,5,897,600,31,59,-1,-1,-1,-1
1156,5,889,601,47,61,-1,-1,-1,-1
1157,5,891,598,43,61,-1,-1,-1,-1
634,6,549,413,18,42,-1,-1,-1,-1
635,6,549,414,18,41,-1,-1,-1,-1
636,6,549,414,19,42,-1,-1,-1,-1
637,6,549,414,18,42,-1,-1,-1,-1
638,6,550,413,17,43,-1,-1,-1,-1
639,6,550,414,17,42,-1,-1,-1,-1
640,6,549,413,18,44,-1,-1,-1,-1
641,6,549,413,17,44,-1,-1,-1,-1
642,6,549,413,17,43,-1,-1,-1,-1
643,6,549,413,17,43,-1,-1,-1,-1
644,6,549,413,18,44,-1,-1,-1,-1
645,6,549,413,17,43,-1,-1,-1,-1
646,6,549,413,18,43,-1,-1,-1,-1
647,6,549,412,21,43,-1,-1,-1,-1
648,6,548,412,22,43,-1,-1,-1,-1
649,6,548,412,22,42,-1,-1,-1,-1
650,6,548,412,22,43,-1,-1,-1,-1
651,6,547,411,23,45,-1,-1,-1,-1
652,6,547,411,23,44,-1,-1,-1,-1
653,6,547,411,23,44,-1,-1,-1,-1
654,6,547,412,22,43,-1,-1,-1,-1
655,6,547,411,23,44,-1,-1,-1,-1
656,6,548,411,20,46,-1,-1,-1,-1
657,6,548,411,20,47,-1,-1,-1,-1
658,6,548,412,20,45,-1,-1,-1,-1
659,6,548,412,20,45,-1,-1,-1,-1
660,6,547,411,23,43,-1,-1,-1,-1
661,6,546,411,25,43,-1,-1,-1,-1
662,6,546,410,24,44,-1,-1,-1,-1
663,6,546,410,25,44,-1,-1,-1,-1
664,6,547,410,24,44,-1,-1,-1,-1
665,6,547,410,24,44,-1,-1,-1,-1
666,6,546,410,25,45,-1,-1,-1,-1
667,6,546,409,25,45,-1,-1,-1,-1
668,6,546,409,24,45,-1,-1,-1,-1
669,6,546,410,24,44,-1,-1,-1,-1
670,6,546,410,24,44,-1,-1,-1,-1
671,6,547,410,24,44,-1,-1,-1,-1
672,6,546,409,24,44,-1,-1,-1,-1
673,6,547,410,23,43,-1,-1,-1,-1
674,6,547,409,23,45,-1,-1,-1,-1
675,6,547,409,23,46,-1,-1,-1,-1
676,6,546,409,24,45,-1,-1,-1,-1
677,6,546,409,23,46,-1,-1,-1,-1
678,6,546,408,22,46,-1,-1,-1,-1
679,6,545,408,23,47,-1,-1,-1,-1
680,6,545,409,22,47,-1,-1,-1,-1
681,6,545,409,23,45,-1,-1,-1,-1
682,6,545,410,22,45,-1,-1,-1,-1
683,6,546,410,22,44,-1,-1,-1,-1
684,6,546,410,22,44,-1,-1,-1,-1
685,6,545,411,23,43,-1,-1,-1,-1
686,6,545,412,23,43,-1,-1,-1,-1
687,6,544,411,23,44,-1,-1,-1,-1
688,6,546,411,22,46,-1,-1,-1,-1
689,6,545,411,23,46,-1,-1,-1,-1
690,6,545,410,23,47,-1,-1,-1,-1
691,6,544,410,23,46,-1,-1,-1,-1
692,6,544,410,24,46,-1,-1,-1,-1
693,6,544,410,24,46,-1,-1,-1,-1
694,6,544,410,24,46,-1,-1,-1,-1
695,6,544,410,23,47,-1,-1,-1,-1
696,6,544,410,23,46,-1,-1,-1,-1
697,6,544,410,23,46,-1,-1,-1,-1
698,6,544,411,23,45,-1,-1,-1,-1
699,6,545,411,23,46,-1,-1,-1,-1
700,6,545,408,23,49,-1,-1,-1,-1
701,6,546,410,23,46,-1,-1,-1,-1
702,6,547,411,22,45,-1,-1,-1,-1
703,6,547,411,23,45,-1,-1,-1,-1
704,6,547,410,21,49,-1,-1,-1,-1
705,6,546,410,22,48,-1,-1,-1,-1
706,6,547,410,22,46,-1,-1,-1,-1
707,6,547,410,21,48,-1,-1,-1,-1
708,6,547,410,22,47,-1,-1,-1,-1
709,6,547,411,22,46,-1,-1,-1,-1
710,6,547,411,22,46,-1,-1,-1,-1
711,6,546,411,23,46,-1,-1,-1,-1
712,6,546,411,23,46,-1,-1,-1,-1
713,6,546,411,23,46,-1,-1,-1,-1
714,6,546,410,23,47,-1,-1,-1,-1
715,6,545,410,24,47,-1,-1,-1,-1
716,6,546,411,23,46,-1,-1,-1,-1
717,6,545,411,24,46,-1,-1,-1,-1
718,6,545,410,23,46,-1,-1,-1,-1
719,6,545,409,24,47,-1,-1,-1,-1
720,6,545,409,23,48,-1,-1,-1,-1
721,6,545,410,24,47,-1,-1,-1,-1
722,6,545,410,24,47,-1,-1,-1,-1
723,6,545,410,24,47,-1,-1,-1,-1
724,6,545,410,24,47,-1,-1,-1,-1
725,6,546,410,23,47,-1,-1,-1,-1
726,6,546,410,23,47,-1,-1,-1,-1
727,6,546,410,22,49,-1,-1,-1,-1
728,6,546,410,22,49,-1,-1,-1,-1
729,6,546,410,22,49,-1,-1,-1,-1
730,6,547,410,21,49,-1,-1,-1,-1
731,6,547,410,21,48,-1,-1,-1,-1
732,6,547,410,21,48,-1,-1,-1,-1
733,6,547,411,21,47,-1,-1,-1,-1
734,6,547,410,21,48,-1,-1,-1,-1
735,6,547,410,21,48,-1,-1,-1,-1
736,6,547,410,22,48,-1,-1,-1,-1
737,6,547,410,22,48,-1,-1,-1,-1
738,6,547,410,22,47,-1,-1,-1,-1
739,6,546,410,23,48,-1,-1,-1,-1
740,6,547,410,21,48,-1,-1,-1,-1
741,6,547,410,22,48,-1,-1,-1,-1
742,6,546,409,23,48,-1,-1,-1,-1
743,6,546,409,23,47,-1,-1,-1,-1
744,6,547,410,22,48,-1,-1,-1,-1
745,6,546,410,23,47,-1,-1,-1,-1
746,6,547,410,22,49,-1,-1,-1,-1
747,6,547,411,23,46,-1,-1,-1,-1
748,6,546,412,23,46,-1,-1,-1,-1
749,6,546,412,23,46,-1,-1,-1,-1
750,6,545,412,24,46,-1,-1,-1,-1
751,6,545,411,24,47,-1,-1,-1,-1
752,6,546,412,22,46,-1,-1,-1,-1
753,6,546,411,22,47,-1,-1,-1,-1
754,6,546,411,23,47,-1,-1,-1,-1
755,6,546,412,23,46,-1,-1,-1,-1
756,6,547,412,21,47,-1,-1,-1,-1
757,6,546,412,23,46,-1,-1,-1,-1
758,6,546,412,23,46,-1,-1,-1,-1
759,6,546,412,22,46,-1,-1,-1,-1
760,6,546,412,23,46,-1,-1,-1,-1
761,6,545,411,23,47,-1,-1,-1,-1
762,6,546,411,22,47,-1,-1,-1,-1
763,6,546,411,23,47,-1,-1,-1,-1
764,6,545,411,24,47,-1,-1,-1,-1
765,6,545,411,24,48,-1,-1,-1,-1
766,6,547,411,21,48,-1,-1,-1,-1
767,6,546,412,23,46,-1,-1,-1,-1
768,6,545,412,23,46,-1,-1,-1,-1
769,6,546,411,22,48,-1,-1,-1,-1
770,6,546,411,22,48,-1,-1,-1,-1
771,6,545,411,23,47,-1,-1,-1,-1
772,6,547,411,21,47,-1,-1,-1,-1
773,6,546,412,24,46,-1,-1,-1,-1
774,6,547,411,21,48,-1,-1,-1,-1
775,6,547,411,22,48,-1,-1,-1,-1
776,6,546,411,23,47,-1,-1,-1,-1
777,6,546,411,22,47,-1,-1,-1,-1
778,6,546,410,22,49,-1,-1,-1,-1
779,6,546,409,23,48,-1,-1,-1,-1
780,6,546,408,23,49,-1,-1,-1,-1
781,6,546,411,23,46,-1,-1,-1,-1
782,6,546,410,23,47,-1,-1,-1,-1
783,6,546,410,23,46,-1,-1,-1,-1
784,6,546,410,22,47,-1,-1,-1,-1
785,6,545,410,24,47,-1,-1,-1,-1
786,6,545,410,23,48,-1,-1,-1,-1
787,6,546,410,22,46,-1,-1,-1,-1
788,6,546,409,23,47,-1,-1,-1,-1
789,6,546,409,23,47,-1,-1,-1,-1
790,6,547,410,23,46,-1,-1,-1,-1
791,6,547,410,23,46,-1,-1,-1,-1
792,6,547,410,22,44,-1,-1,-1,-1
793,6,548,410,20,48,-1,-1,-1,-1
794,6,547,411,23,46,-1,-1,-1,-1
795,6,547,411,22,44,-1,-1,-1,-1
796,6,548,410,21,48,-1,-1,-1,-1
797,6,549,411,18,46,-1,-1,-1,-1
798,6,548,411,20,46,-1,-1,-1,-1
799,6,547,412,24,45,-1,-1,-1,-1
800,6,547,411,23,45,-1,-1,-1,-1
801,6,548,409,22,47,-1,-1,-1,-1
802,6,548,409,22,47,-1,-1,-1,-1
803,6,548,410,23,46,-1,-1,-1,-1
804,6,548,410,22,47,-1,-1,-1,-1
805,6,548,410,23,45,-1,-1,-1,-1
806,6,548,409,20,47,-1,-1,-1,-1
807,6,549,410,19,45,-1,-1,-1,-1
808,6,549,410,19,45,-1,-1,-1,-1
809,6,549,411,19,46,-1,-1,-1,-1
810,6,548,413,20,45,-1,-1,-1,-1
811,6,548,412,20,46,-1,-1,-1,-1
812,6,548,410,22,47,-1,-1,-1,-1
813,6,548,410,22,48,-1,-1,-1,-1
814,6,548,410,22,48,-1,-1,-1,-1
815,6,548,412,22,46,-1,-1,-1,-1
816,6,548,411,22,47,-1,-1,-1,-1
817,6,548,411,23,48,-1,-1,-1,-1
818,6,548,411,23,48,-1,-1,-1,-1
819,6,548,411,23,48,-1,-1,-1,-1
820,6,548,412,23,47,-1,-1,-1,-1
821,6,549,412,22,46,-1,-1,-1,-1
822,6,549,412,23,46,-1,-1,-1,-1
823,6,549,412,23,48,-1,-1,-1,-1
824,6,549,413,23,47,-1,-1,-1,-1
825,6,550,413,23,47,-1,-1,-1,-1
826,6,551,413,22,49,-1,-1,-1,-1
827,6,551,413,23,48,-1,-1,-1,-1
828,6,552,413,24,49,-1,-1,-1,-1
829,6,552,413,26,49,-1,-1,-1,-1
830,6,555,414,24,49,-1,-1,-1,-1
831,6,555,414,24,48,-1,-1,-1,-1
832,6,556,416,25,46,-1,-1,-1,-1
833,6,556,415,26,47,-1,-1,-1,-1
834,6,556,415,26,48,-1,-1,-1,-1
835,6,557,415,26,48,-1,-1,-1,-1
836,6,557,415,27,48,-1,-1,-1,-1
837,6,558,415,26,48,-1,-1,-1,-1
838,6,557,416,27,48,-1,-1,-1,-1
839,6,558,415,25,49,-1,-1,-1,-1
840,6,559,415,24,49,-1,-1,-1,-1
841,6,557,415,25,49,-1,-1,-1,-1
842,6,559,416,23,48,-1,-1,-1,-1
843,6,558,415,23,50,-1,-1,-1,-1
844,6,559,416,23,49,-1,-1,-1,-1
845,6,559,416,24,48,-1,-1,-1,-1
846,6,559,416,23,49,-1,-1,-1,-1
847,6,560,417,27,46,-1,-1,-1,-1
848,6,560,416,24,48,-1,-1,-1,-1
849,6,561,416,26,47,-1,-1,-1,-1
850,6,561,416,26,48,-1,-1,-1,-1
851,6,561,417,26,46,-1,-1,-1,-1
852,6,563,416,25,47,-1,-1,-1,-1
853,6,563,417,25,47,-1,-1,-1,-1
854,6,563,417,25,47,-1,-1,-1,-1
855,6,564,417,24,48,-1,-1,-1,-1
856,6,564,417,24,48,-1,-1,-1,-1
857,6,564,418,24,48,-1,-1,-1,-1
858,6,565,418,24,48,-1,-1,-1,-1
859,6,564,417,24,49,-1,-1,-1,-1
860,6,564,418,24,48,-1,-1,-1,-1
861,6,565,420,24,46,-1,-1,-1,-1
862,6,565,420,25,46,-1,-1,-1,-1
863,6,566,420,24,46,-1,-1,-1,-1
864,6,566,420,24,46,-1,-1,-1,-1
865,6,566,420,25,46,-1,-1,-1,-1
866,6,566,420,25,47,-1,-1,-1,-1
867,6,566,421,25,47,-1,-1,-1,-1
868,6,567,423,24,47,-1,-1,-1,-1
869,6,568,423,24,49,-1,-1,-1,-1
870,6,568,424,23,51,-1,-1,-1,-1
871,6,568,425,24,51,-1,-1,-1,-1
872,6,569,424,23,51,-1,-1,-1,-1
873,6,568,424,25,52,-1,-1,-1,-1
874,6,569,424,24,50,-1,-1,-1,-1
875,6,569,424,24,51,-1,-1,-1,-1
876,6,568,424,24,50,-1,-1,-1,-1
877,6,569,424,24,51,-1,-1,-1,-1
878,6,569,424,24,51,-1,-1,-1,-1
879,6,570,423,24,52,-1,-1,-1,-1
880,6,570,423,24,52,-1,-1,-1,-1
881,6,570,423,24,54,-1,-1,-1,-1
882,6,569,425,23,51,-1,-1,-1,-1
883,6,570,424,25,54,-1,-1,-1,-1
884,6,570,425,24,53,-1,-1,-1,-1
885,6,568,424,26,51,-1,-1,-1,-1
886,6,568,423,26,52,-1,-1,-1,-1
887,6,567,423,26,53,-1,-1,-1,-1
888,6,570,424,24,55,-1,-1,-1,-1
889,6,569,424,24,55,-1,-1,-1,-1
890,6,569,425,22,51,-1,-1,-1,-1
891,6,569,424,24,54,-1,-1,-1,-1
892,6,569,424,24,53,-1,-1,-1,-1
893,6,569,424,25,54,-1,-1,-1,-1
894,6,570,424,24,54,-1,-1,-1,-1
895,6,570,425,23,54,-1,-1,-1,-1
896,6,567,425,24,52,-1,-1,-1,-1
897,6,569,425,22,51,-1,-1,-1,-1
898,6,569,425,22,51,-1,-1,-1,-1
899,6,569,425,24,53,-1,-1,-1,-1
900,6,569,425,23,54,-1,-1,-1,-1
901,6,569,425,23,54,-1,-1,-1,-1
902,6,569,425,23,54,-1,-1,-1,-1
903,6,569,426,23,53,-1,-1,-1,-1
904,6,568,425,22,52,-1,-1,-1,-1
905,6,569,425,23,54,-1,-1,-1,-1
906,6,567,425,23,52,-1,-1,-1,-1
907,6,567,425,23,53,-1,-1,-1,-1
908,6,567,428,24,53,-1,-1,-1,-1
909,6,567,428,23,53,-1,-1,-1,-1
910,6,566,428,24,53,-1,-1,-1,-1
911,6,567,427,24,53,-1,-1,-1,-1
912,6,566,429,24,52,-1,-1,-1,-1
913,6,566,429,24,52,-1,-1,-1,-1
914,6,566,428,24,52,-1,-1,-1,-1
915,6,566,427,24,54,-1,-1,-1,-1
916,6,566,428,23,54,-1,-1,-1,-1
917,6,566,426,21,52,-1,-1,-1,-1
918,6,565,425,23,53,-1,-1,-1,-1
919,6,566,426,22,53,-1,-1,-1,-1
920,6,567,426,20,53,-1,-1,-1,-1
921,6,565,427,24,55,-1,-1,-1,-1
922,6,566,426,21,53,-1,-1,-1,-1
923,6,566,426,21,54,-1,-1,-1,-1
924,6,565,426,22,54,-1,-1,-1,-1
925,6,565,426,22,54,-1,-1,-1,-1
926,6,565,426,22,54,-1,-1,-1,-1
927,6,565,425,22,54,-1,-1,-1,-1
928,6,564,425,23,54,-1,-1,-1,-1
929,6,562,426,26,55,-1,-1,-1,-1
930,6,563,426,25,55,-1,-1,-1,-1
931,6,563,425,25,57,-1,-1,-1,-1
932,6,563,426,25,56,-1,-1,-1,-1
933,6,563,426,25,57,-1,-1,-1,-1
934,6,565,426,22,54,-1,-1,-1,-1
935,6,565,425,22,55,-1,-1,-1,-1
936,6,565,425,21,56,-1,-1,-1,-1
937,6,564,427,24,56,-1,-1,-1,-1
938,6,563,425,25,60,-1,-1,-1,-1
939,6,562,427,25,54,-1,-1,-1,-1
940,6,564,427,24,55,-1,-1,-1,-1
941,6,564,427,23,56,-1,-1,-1,-1
942,6,563,427,24,56,-1,-1,-1,-1
943,6,563,427,25,56,-1,-1,-1,-1
944,6,563,427,25,56,-1,-1,-1,-1
945,6,563,426,25,57,-1,-1,-1,-1
946,6,561,427,26,56,-1,-1,-1,-1
947,6,561,427,26,57,-1,-1,-1,-1
948,6,560,428,27,57,-1,-1,-1,-1
949,6,560,427,28,58,-1,-1,-1,-1
950,6,561,427,26,57,-1,-1,-1,-1
951,6,563,425,25,59,-1,-1,-1,-1
952,6,562,425,26,59,-1,-1,-1,-1
953,6,561,427,27,56,-1,-1,-1,-1
954,6,564,425,23,57,-1,-1,-1,-1
955,6,563,425,26,58,-1,-1,-1,-1
956,6,564,425,23,56,-1,-1,-1,-1
957,6,564,425,23,56,-1,-1,-1,-1
958,6,564,428,24,56,-1,-1,-1,-1
959,6,563,429,24,56,-1,-1,-1,-1
960,6,563,429,24,56,-1,-1,-1,-1
961,6,563,429,24,56,-1,-1,-1,-1
962,6,563,428,24,57,-1,-1,-1,-1
963,6,563,429,24,56,-1,-1,-1,-1
964,6,563,429,24,56,-1,-1,-1,-1
965,6,563,430,24,56,-1,-1,-1,-1
966,6,563,431,25,55,-1,-1,-1,-1
967,6,563,430,25,56,-1,-1,-1,-1
968,6,563,433,24,52,-1,-1,-1,-1
969,6,563,431,25,55,-1,-1,-1,-1
970,6,563,430,24,55,-1,-1,-1,-1
971,6,563,434,24,51,-1,-1,-1,-1
972,6,564,434,23,51,-1,-1,-1,-1
973,6,564,433,23,51,-1,-1,-1,-1
974,6,563,432,24,54,-1,-1,-1,-1
975,6,563,435,24,50,-1,-1,-1,-1
976,6,563,434,24,52,-1,-1,-1,-1
977,6,563,434,24,52,-1,-1,-1,-1
978,6,563,435,24,51,-1,-1,-1,-1
979,6,563,437,24,50,-1,-1,-1,-1
980,6,564,437,23,51,-1,-1,-1,-1
981,6,563,438,24,50,-1,-1,-1,-1
982,6,563,438,24,50,-1,-1,-1,-1
983,6,563,438,24,50,-1,-1,-1,-1
984,6,563,438,24,51,-1,-1,-1,-1
985,6,563,439,24,50,-1,-1,-1,-1
986,6,563,438,24,52,-1,-1,-1,-1
987,6,563,439,24,51,-1,-1,-1,-1
988,6,563,439,24,50,-1,-1,-1,-1
989,6,563,439,25,51,-1,-1,-1,-1
990,6,563,438,25,52,-1,-1,-1,-1
991,6,563,437,25,53,-1,-1,-1,-1
992,6,563,437,25,53,-1,-1,-1,-1
993,6,563,438,25,52,-1,-1,-1,-1
994,6,563,438,25,51,-1,-1,-1,-1
995,6,563,437,25,52,-1,-1,-1,-1
996,6,562,433,26,58,-1,-1,-1,-1
997,6,562,434,26,58,-1,-1,-1,-1
998,6,563,439,24,52,-1,-1,-1,-1
999,6,563,440,25,52,-1,-1,-1,-1
1000,6,562,439,26,54,-1,-1,-1,-1
1001,6,562,439,25,53,-1,-1,-1,-1
1002,6,562,440,26,53,-1,-1,-1,-1
1003,6,562,440,26,53,-1,-1,-1,-1
1004,6,562,440,26,53,-1,-1,-1,-1
1005,6,562,441,26,53,-1,-1,-1,-1
1006,6,562,442,26,51,-1,-1,-1,-1
1007,6,561,442,26,51,-1,-1,-1,-1
1008,6,561,441,27,53,-1,-1,-1,-1
1009,6,561,441,26,53,-1,-1,-1,-1
1010,6,560,441,27,53,-1,-1,-1,-1
1011,6,560,441,27,54,-1,-1,-1,-1
1012,6,560,441,27,55,-1,-1,-1,-1
1013,6,560,442,27,55,-1,-1,-1,-1
1014,6,559,441,28,55,-1,-1,-1,-1
1015,6,559,442,28,56,-1,-1,-1,-1
1016,6,559,444,28,55,-1,-1,-1,-1
1017,6,559,443,28,59,-1,-1,-1,-1
1018,6,558,444,28,55,-1,-1,-1,-1
1019,6,557,443,30,59,-1,-1,-1,-1
1020,6,557,444,30,59,-1,-1,-1,-1
1021,6,557,445,29,56,-1,-1,-1,-1
1022,6,556,445,29,57,-1,-1,-1,-1
1023,6,557,446,28,55,-1,-1,-1,-1
1024,6,557,446,28,55,-1,-1,-1,-1
1025,6,556,446,28,55,-1,-1,-1,-1
1026,6,556,446,28,55,-1,-1,-1,-1
1027,6,555,446,29,55,-1,-1,-1,-1
1028,6,555,446,29,56,-1,-1,-1,-1
1029,6,554,445,30,59,-1,-1,-1,-1
1030,6,553,446,30,57,-1,-1,-1,-1
1031,6,554,447,29,57,-1,-1,-1,-1
1032,6,553,448,29,56,-1,-1,-1,-1
1033,6,553,449,29,55,-1,-1,-1,-1
1034,6,552,448,30,56,-1,-1,-1,-1
1035,6,552,448,30,56,-1,-1,-1,-1
1036,6,552,448,30,56,-1,-1,-1,-1
1037,6,550,448,30,57,-1,-1,-1,-1
1038,6,550,448,29,57,-1,-1,-1,-1
1039,6,550,448,29,57,-1,-1,-1,-1
1040,6,549,448,30,58,-1,-1,-1,-1
1041,6,550,449,28,56,-1,-1,-1,-1
1042,6,550,449,27,56,-1,-1,-1,-1
1043,6,550,450,27,55,-1,-1,-1,-1
1044,6,550,450,27,56,-1,-1,-1,-1
1045,6,550,451,27,56,-1,-1,-1,-1
1046,6,550,451,26,57,-1,-1,-1,-1
1047,6,549,452,27,56,-1,-1,-1,-1
1048,6,550,453,25,55,-1,-1,-1,-1
1049,6,550,453,25,55,-1,-1,-1,-1
1050,6,550,453,25,56,-1,-1,-1,-1
1051,6,550,453,25,56,-1,-1,-1,-1
1052,6,549,454,25,55,-1,-1,-1,-1
1053,6,549,455,25,54,-1,-1,-1,-1
1054,6,549,455,26,53,-1,-1,-1,-1
1055,6,548,454,26,54,-1,-1,-1,-1
1056,6,548,454,26,54,-1,-1,-1,-1
1057,6,548,453,26,55,-1,-1,-1,-1
1058,6,547,454,27,54,-1,-1,-1,-1
1059,6,547,454,27,55,-1,-1,-1,-1
1060,6,547,455,26,54,-1,-1,-1,-1
1061,6,546,457,26,53,-1,-1,-1,-1
1062,6,546,458,27,52,-1,-1,-1,-1
1063,6,546,457,26,53,-1,-1,-1,-1
1064,6,546,457,26,53,-1,-1,-1,-1
1065,6,545,458,26,52,-1,-1,-1,-1
1066,6,545,458,26,53,-1,-1,-1,-1
1067,6,545,458,25,53,-1,-1,-1,-1
1068,6,543,457,26,54,-1,-1,-1,-1
1069,6,542,458,26,54,-1,-1,-1,-1
1070,6,541,457,26,55,-1,-1,-1,-1
1071,6,540,458,28,54,-1,-1,-1,-1
1072,6,540,457,27,55,-1,-1,-1,-1
1073,6,540,457,27,55,-1,-1,-1,-1
1074,6,540,458,27,54,-1,-1,-1,-1
1075,6,539,458,28,55,-1,-1,-1,-1
1076,6,540,459,26,54,-1,-1,-1,-1
1077,6,540,459,26,53,-1,-1,-1,-1
1078,6,540,460,26,52,-1,-1,-1,-1
1079,6,540,460,25,51,-1,-1,-1,-1
1080,6,539,460,26,51,-1,-1,-1,-1
1081,6,538,460,26,51,-1,-1,-1,-1
1082,6,538,459,26,52,-1,-1,-1,-1
1083,6,538,459,25,52,-1,-1,-1,-1
1084,6,537,460,26,51,-1,-1,-1,-1
1085,6,537,460,25,51,-1,-1,-1,-1
1086,6,537,459,25,52,-1,-1,-1,-1
1087,6,536,460,25,51,-1,-1,-1,-1
1088,6,535,460,27,53,-1,-1,-1,-1
1089,6,534,460,27,56,-1,-1,-1,-1
1090,6,533,461,28,55,-1,-1,-1,-1
1091,6,532,461,29,55,-1,-1,-1,-1
1092,6,532,462,28,55,-1,-1,-1,-1
1093,6,531,462,29,56,-1,-1,-1,-1
1094,6,531,462,28,56,-1,-1,-1,-1
1095,6,531,463,28,55,-1,-1,-1,-1
1096,6,530,463,28,54,-1,-1,-1,-1
1097,6,530,463,28,55,-1,-1,-1,-1
1098,6,530,463,28,55,-1,-1,-1,-1
1099,6,530,464,28,54,-1,-1,-1,-1
1100,6,530,464,27,53,-1,-1,-1,-1
1101,6,529,463,27,54,-1,-1,-1,-1
1102,6,528,463,29,56,-1,-1,-1,-1
1103,6,527,462,29,57,-1,-1,-1,-1
1104,6,527,462,29,57,-1,-1,-1,-1
1105,6,527,463,29,55,-1,-1,-1,-1
1106,6,526,465,30,57,-1,-1,-1,-1
1107,6,525,465,31,58,-1,-1,-1,-1
1108,6,524,466,32,58,-1,-1,-1,-1
1109,6,525,467,31,56,-1,-1,-1,-1
1110,6,525,467,29,55,-1,-1,-1,-1
1111,6,524,467,30,55,-1,-1,-1,-1
1112,6,524,466,29,55,-1,-1,-1,-1
1113,6,524,467,29,56,-1,-1,-1,-1
1114,6,523,466,30,56,-1,-1,-1,-1
1115,6,523,466,30,57,-1,-1,-1,-1
1116,6,522,466,30,56,-1,-1,-1,-1
1117,6,521,466,29,56,-1,-1,-1,-1
1118,6,521,466,28,57,-1,-1,-1,-1
1119,6,521,466,28,58,-1,-1,-1,-1
1120,6,520,468,28,58,-1,-1,-1,-1
1121,6,519,469,28,57,-1,-1,-1,-1
1122,6,518,469,28,57,-1,-1,-1,-1
1123,6,516,470,30,57,-1,-1,-1,-1
1124,6,515,470,30,58,-1,-1,-1,-1
1125,6,515,472,30,56,-1,-1,-1,-1
1126,6,514,470,31,58,-1,-1,-1,-1
1127,6,513,470,32,58,-1,-1,-1,-1
1128,6,513,469,32,59,-1,-1,-1,-1
1129,6,513,469,31,58,-1,-1,-1,-1
1130,6,513,471,30,57,-1,-1,-1,-1
1131,6,512,470,29,59,-1,-1,-1,-1
1132,6,510,470,30,59,-1,-1,-1,-1
1133,6,510,470,30,59,-1,-1,-1,-1
1134,6,510,471,30,59,-1,-1,-1,-1
1135,6,509,470,31,62,-1,-1,-1,-1
1136,6,508,472,30,61,-1,-1,-1,-1
1137,6,508,473,30,59,-1,-1,-1,-1
1138,6,507,473,31,58,-1,-1,-1,-1
1139,6,507,474,30,57,-1,-1,-1,-1
1140,6,506,474,31,58,-1,-1,-1,-1
1141,6,505,473,32,59,-1,-1,-1,-1
1142,6,505,473,30,59,-1,-1,-1,-1
1143,6,504,472,32,59,-1,-1,-1,-1
1144,6,504,473,29,60,-1,-1,-1,-1
1145,6,503,473,30,60,-1,-1,-1,-1
1146,6,503,473,30,59,-1,-1,-1,-1
1147,6,502,474,31,58,-1,-1,-1,-1
1148,6,503,475,28,58,-1,-1,-1,-1
1149,6,502,475,29,57,-1,-1,-1,-1
1150,6,503,476,27,56,-1,-1,-1,-1
1151,6,502,476,28,57,-1,-1,-1,-1
1152,6,502,476,28,58,-1,-1,-1,-1
1153,6,501,476,29,58,-1,-1,-1,-1
1154,6,500,476,30,58,-1,-1,-1,-1
1155,6,499,476,31,59,-1,-1,-1,-1
1156,6,499,476,31,59,-1,-1,-1,-1
1157,6,497,474,33,62,-1,-1,-1,-1
1158,6,495,475,34,62,-1,-1,-1,-1
1159,6,489,473,39,64,-1,-1,-1,-1
1160,6,486,471,41,66,-1,-1,-1,-1
1161,6,488,471,37,66,-1,-1,-1,-1
1162,6,488,471,36,66,-1,-1,-1,-1
1163,6,487,471,38,66,-1,-1,-1,-1
1164,6,489,473,35,64,-1,-1,-1,-1
1165,6,486,473,38,64,-1,-1,-1,-1
1166,6,487,473,33,65,-1,-1,-1,-1
1167,6,487,473,31,65,-1,-1,-1,-1
1168,6,486,474,32,64,-1,-1,-1,-1
1169,6,487,475,32,63,-1,-1,-1,-1
1170,6,485,472,34,67,-1,-1,-1,-1
1171,6,484,475,34,64,-1,-1,-1,-1
1172,6,484,472,33,66,-1,-1,-1,-1
1173,6,485,473,32,64,-1,-1,-1,-1
1174,6,485,478,31,59,-1,-1,-1,-1
1175,6,486,482,30,54,-1,-1,-1,-1
1176,6,486,482,29,53,-1,-1,-1,-1
1177,6,486,485,29,50,-1,-1,-1,-1
1178,6,486,486,28,50,-1,-1,-1,-1
1179,7,473,481,28,61,-1,-1,-1,-1
1180,7,471,481,29,61,-1,-1,-1,-1
1181,7,470,481,29,61,-1,-1,-1,-1
1182,7,469,481,29,62,-1,-1,-1,-1
1183,7,468,481,29,63,-1,-1,-1,-1
1184,7,468,482,28,62,-1,-1,-1,-1
1185,7,467,483,29,61,-1,-1,-1,-1
1186,7,466,484,30,61,-1,-1,-1,-1
1187,7,465,484,29,62,-1,-1,-1,-1
1188,7,463,484,30,62,-1,-1,-1,-1
1189,7,462,485,30,61,-1,-1,-1,-1
1190,7,462,485,30,61,-1,-1,-1,-1
1191,7,461,485,31,64,-1,-1,-1,-1
1192,8,448,488,28,56,-1,-1,-1,-1
1193,8,446,487,30,60,-1,-1,-1,-1
1194,8,445,486,31,61,-1,-1,-1,-1
1195,8,444,487,30,60,-1,-1,-1,-1
1196,8,443,486,30,62,-1,-1,-1,-1
1197,8,443,486,30,60,-1,-1,-1,-1
1198,8,442,487,30,59,-1,-1,-1,-1
1199,8,441,488,32,58,-1,-1,-1,-1
1200,8,440,488,32,58,-1,-1,-1,-1
1201,8,440,488,30,60,-1,-1,-1,-1
1202,8,439,489,30,59,-1,-1,-1,-1
1203,8,438,490,30,60,-1,-1,-1,-1
1204,8,436,490,32,62,-1,-1,-1,-1
1205,8,436,490,31,62,-1,-1,-1,-1
1206,8,435,489,31,64,-1,-1,-1,-1
1207,8,435,489,32,64,-1,-1,-1,-1
1208,8,435,490,31,62,-1,-1,-1,-1
1209,8,434,490,31,61,-1,-1,-1,-1
1210,8,433,491,31,61,-1,-1,-1,-1
1211,8,432,491,31,59,-1,-1,-1,-1
1212,8,431,491,32,59,-1,-1,-1,-1
1213,8,431,492,30,60,-1,-1,-1,-1
1214,8,430,491,31,61,-1,-1,-1,-1
1215,8,428,491,32,62,-1,-1,-1,-1
1216,8,426,492,33,62,-1,-1,-1,-1
1217,8,422,493,32,61,-1,-1,-1,-1
1218,8,421,492,31,63,-1,-1,-1,-1
1219,8,420,494,32,61,-1,-1,-1,-1
1220,8,420,492,31,63,-1,-1,-1,-1
1221,8,419,492,31,63,-1,-1,-1,-1
1222,8,419,492,31,63,-1,-1,-1,-1
1223,8,418,492,31,63,-1,-1,-1,-1
1224,8,418,492,30,65,-1,-1,-1,-1
1225,8,417,493,30,63,-1,-1,-1,-1
1226,8,417,493,30,63,-1,-1,-1,-1
1227,8,416,495,29,61,-1,-1,-1,-1
1228,8,414,494,31,64,-1,-1,-1,-1
1229,8,413,495,31,63,-1,-1,-1,-1
1230,8,413,495,30,63,-1,-1,-1,-1
1231,8,412,495,31,64,-1,-1,-1,-1
1232,8,411,495,30,64,-1,-1,-1,-1
1233,8,411,495,30,64,-1,-1,-1,-1
1234,8,410,494,30,64,-1,-1,-1,-1
1235,8,409,494,29,65,-1,-1,-1,-1
1236,8,407,495,30,63,-1,-1,-1,-1
1237,8,407,495,28,64,-1,-1,-1,-1
1238,8,407,496,28,64,-1,-1,-1,-1
1239,8,406,496,29,64,-1,-1,-1,-1
1240,8,406,496,28,63,-1,-1,-1,-1
1241,8,405,497,30,63,-1,-1,-1,-1
1242,8,402,495,33,66,-1,-1,-1,-1
1243,8,401,497,33,63,-1,-1,-1,-1
1244,8,402,497,31,62,-1,-1,-1,-1
1245,8,401,497,32,64,-1,-1,-1,-1
1246,8,401,497,31,64,-1,-1,-1,-1
1247,8,400,498,31,63,-1,-1,-1,-1
1248,8,398,500,31,60,-1,-1,-1,-1
1249,8,398,500,31,60,-1,-1,-1,-1
1250,8,397,500,31,60,-1,-1,-1,-1
1251,8,397,500,29,61,-1,-1,-1,-1
1252,8,396,499,29,62,-1,-1,-1,-1
1253,8,395,499,29,62,-1,-1,-1,-1
1254,8,394,499,28,63,-1,-1,-1,-1
1255,8,394,501,27,63,-1,-1,-1,-1
1256,8,394,501,26,64,-1,-1,-1,-1
1257,8,394,501,26,65,-1,-1,-1,-1
1258,8,393,500,27,67,-1,-1,-1,-1
1259,8,391,499,30,70,-1,-1,-1,-1
1260,8,390,501,31,68,-1,-1,-1,-1
1261,8,389,501,31,67,-1,-1,-1,-1
1262,8,387,501,33,68,-1,-1,-1,-1
1263,8,385,501,35,69,-1,-1,-1,-1
1264,8,385,502,34,67,-1,-1,-1,-1
1265,8,385,502,33,66,-1,-1,-1,-1
1266,8,385,503,32,65,-1,-1,-1,-1
1267,8,383,502,34,66,-1,-1,-1,-1
1268,8,383,504,34,65,-1,-1,-1,-1
1269,8,382,504,35,65,-1,-1,-1,-1
1270,8,381,503,35,65,-1,-1,-1,-1
1271,8,380,502,36,66,-1,-1,-1,-1
1272,8,380,503,32,64,-1,-1,-1,-1
1273,8,379,503,31,66,-1,-1,-1,-1
1274,8,378,504,31,66,-1,-1,-1,-1
1275,8,376,505,32,65,-1,-1,-1,-1
1276,8,376,506,31,63,-1,-1,-1,-1
1277,8,375,506,33,64,-1,-1,-1,-1
1278,8,375,509,30,61,-1,-1,-1,-1
1279,8,373,506,34,66,-1,-1,-1,-1
1280,8,373,506,32,65,-1,-1,-1,-1
1281,8,372,508,32,62,-1,-1,-1,-1
1282,8,372,508,31,64,-1,-1,-1,-1
1283,8,371,508,31,63,-1,-1,-1,-1
1284,8,371,508,31,63,-1,-1,-1,-1
1285,8,372,510,29,61,-1,-1,-1,-1
1286,8,370,507,30,65,-1,-1,-1,-1
1287,8,370,507,30,66,-1,-1,-1,-1
1288,8,369,508,30,65,-1,-1,-1,-1
1289,8,369,509,30,64,-1,-1,-1,-1
1290,8,368,508,30,65,-1,-1,-1,-1
1291,8,367,508,30,66,-1,-1,-1,-1
1292,8,366,509,30,66,-1,-1,-1,-1
1293,8,366,509,29,66,-1,-1,-1,-1
1294,8,366,509,29,65,-1,-1,-1,-1
1295,8,366,512,28,63,-1,-1,-1,-1
1296,8,365,512,28,63,-1,-1,-1,-1
1297,8,364,511,28,64,-1,-1,-1,-1
1298,8,364,512,28,64,-1,-1,-1,-1
1299,8,364,512,28,64,-1,-1,-1,-1
1300,8,362,511,30,66,-1,-1,-1,-1
1301,8,362,512,29,65,-1,-1,-1,-1
1302,8,361,512,29,65,-1,-1,-1,-1
1303,8,361,512,29,65,-1,-1,-1,-1
1304,8,360,512,30,66,-1,-1,-1,-1
1305,8,359,513,31,65,-1,-1,-1,-1
1306,8,359,513,31,66,-1,-1,-1,-1
1307,8,358,513,33,68,-1,-1,-1,-1
1308,8,356,518,33,64,-1,-1,-1,-1
1309,8,355,518,34,66,-1,-1,-1,-1
1310,8,355,518,34,67,-1,-1,-1,-1
1311,8,354,519,35,66,-1,-1,-1,-1
1312,8,353,519,36,67,-1,-1,-1,-1
1313,8,353,518,36,67,-1,-1,-1,-1
1314,8,352,519,36,67,-1,-1,-1,-1
1315,8,353,519,34,65,-1,-1,-1,-1
1316,8,353,518,33,67,-1,-1,-1,-1
1317,8,353,518,33,67,-1,-1,-1,-1
1318,8,353,519,33,67,-1,-1,-1,-1
1319,8,353,520,32,66,-1,-1,-1,-1
1320,8,352,520,33,67,-1,-1,-1,-1
1321,8,352,520,32,67,-1,-1,-1,-1
1322,8,352,520,32,68,-1,-1,-1,-1
1323,8,352,521,31,67,-1,-1,-1,-1
1324,8,352,522,31,66,-1,-1,-1,-1
1325,8,353,522,30,67,-1,-1,-1,-1
1326,8,353,523,30,66,-1,-1,-1,-1
1327,8,352,524,32,65,-1,-1,-1,-1
1328,8,352,524,32,65,-1,-1,-1,-1
1329,8,352,524,30,66,-1,-1,-1,-1
1330,8,352,525,31,65,-1,-1,-1,-1
1331,8,350,525,32,66,-1,-1,-1,-1
1332,8,351,525,30,65,-1,-1,-1,-1
1333,8,350,525,30,66,-1,-1,-1,-1
1334,8,349,525,31,67,-1,-1,-1,-1
1335,8,350,526,31,66,-1,-1,-1,-1
1336,8,349,527,31,66,-1,-1,-1,-1
1337,8,348,527,31,65,-1,-1,-1,-1
1338,8,346,526,33,70,-1,-1,-1,-1
1339,8,346,527,32,69,-1,-1,-1,-1
1340,8,347,530,30,67,-1,-1,-1,-1
1341,8,346,532,30,65,-1,-1,-1,-1
1342,8,347,533,30,64,-1,-1,-1,-1
1343,8,346,534,30,62,-1,-1,-1,-1
1344,8,345,534,31,63,-1,-1,-1,-1
1345,8,345,534,31,63,-1,-1,-1,-1
1346,8,344,533,32,64,-1,-1,-1,-1
1347,8,343,534,32,64,-1,-1,-1,-1
1348,8,343,533,31,65,-1,-1,-1,-1
1349,8,343,533,31,67,-1,-1,-1,-1
1350,8,342,533,32,67,-1,-1,-1,-1
1351,8,341,533,33,68,-1,-1,-1,-1
1352,8,341,535,32,65,-1,-1,-1,-1
1353,8,341,535,31,67,-1,-1,-1,-1
1354,8,342,534,30,68,-1,-1,-1,-1
1355,8,341,535,31,68,-1,-1,-1,-1
1356,8,340,535,31,69,-1,-1,-1,-1
1357,8,339,535,32,68,-1,-1,-1,-1
1358,8,338,536,33,69,-1,-1,-1,-1
1359,8,337,536,35,69,-1,-1,-1,-1
1360,8,338,536,33,69,-1,-1,-1,-1
1361,8,336,536,36,69,-1,-1,-1,-1
1362,8,336,536,35,70,-1,-1,-1,-1
1363,8,336,537,35,68,-1,-1,-1,-1
1364,8,336,537,35,69,-1,-1,-1,-1
1365,8,336,537,35,69,-1,-1,-1,-1
1366,8,336,537,35,70,-1,-1,-1,-1
1367,8,336,537,35,73,-1,-1,-1,-1
1368,8,336,539,35,73,-1,-1,-1,-1
1369,8,335,540,35,73,-1,-1,-1,-1
1370,8,335,541,35,72,-1,-1,-1,-1
1371,8,335,541,35,73,-1,-1,-1,-1
1372,8,334,542,36,71,-1,-1,-1,-1
1373,8,334,543,35,70,-1,-1,-1,-1
1374,8,334,542,35,71,-1,-1,-1,-1
1375,8,335,542,35,72,-1,-1,-1,-1
1376,8,335,542,34,72,-1,-1,-1,-1
1377,8,335,543,35,72,-1,-1,-1,-1
1378,8,335,543,35,72,-1,-1,-1,-1
1379,8,335,543,35,72,-1,-1,-1,-1
1380,8,335,545,35,70,-1,-1,-1,-1
1381,8,336,546,33,70,-1,-1,-1,-1
1382,8,336,547,34,70,-1,-1,-1,-1
1383,8,336,549,33,70,-1,-1,-1,-1
1384,8,337,549,32,70,-1,-1,-1,-1
1385,8,338,550,33,69,-1,-1,-1,-1
1386,8,338,550,33,69,-1,-1,-1,-1
1387,8,338,550,33,69,-1,-1,-1,-1
1388,8,338,551,34,70,-1,-1,-1,-1
1389,8,338,551,33,69,-1,-1,-1,-1
1390,8,337,551,35,70,-1,-1,-1,-1
1391,8,337,551,35,70,-1,-1,-1,-1
1392,8,337,551,35,71,-1,-1,-1,-1
1393,8,337,551,36,72,-1,-1,-1,-1
1394,8,337,551,36,72,-1,-1,-1,-1
1395,8,338,552,35,71,-1,-1,-1,-1
1396,8,338,553,34,70,-1,-1,-1,-1
1397,8,338,553,35,72,-1,-1,-1,-1
1398,8,338,554,36,73,-1,-1,-1,-1
1399,8,339,555,35,72,-1,-1,-1,-1
1400,8,340,556,35,71,-1,-1,-1,-1
1401,8,341,556,34,71,-1,-1,-1,-1
1402,8,341,556,34,71,-1,-1,-1,-1
1403,8,340,556,35,72,-1,-1,-1,-1
1404,8,341,557,35,71,-1,-1,-1,-1
1405,8,341,557,36,70,-1,-1,-1,-1
1406,8,342,558,35,70,-1,-1,-1,-1
1407,8,343,558,34,71,-1,-1,-1,-1
1408,8,343,558,36,72,-1,-1,-1,-1
1409,8,343,559,35,72,-1,-1,-1,-1
1410,8,344,560,35,71,-1,-1,-1,-1
1411,8,345,562,34,69,-1,-1,-1,-1
1412,8,344,562,35,71,-1,-1,-1,-1
1413,8,344,563,35,72,-1,-1,-1,-1
1414,8,344,564,36,69,-1,-1,-1,-1
1415,8,346,565,34,68,-1,-1,-1,-1
1416,8,347,565,37,70,-1,-1,-1,-1
1417,8,348,565,37,70,-1,-1,-1,-1
1418,8,349,566,35,68,-1,-1,-1,-1
1419,8,350,567,34,67,-1,-1,-1,-1
1420,8,351,567,33,67,-1,-1,-1,-1
1421,8,351,567,34,68,-1,-1,-1,-1
1422,8,351,567,35,70,-1,-1,-1,-1
1423,8,351,568,35,70,-1,-1,-1,-1
1424,8,352,568,35,71,-1,-1,-1,-1
1425,8,353,568,34,72,-1,-1,-1,-1
1426,8,354,568,35,74,-1,-1,-1,-1
1427,8,354,568,36,76,-1,-1,-1,-1
1428,8,355,569,36,76,-1,-1,-1,-1
1429,8,356,569,37,77,-1,-1,-1,-1
1430,8,356,569,37,77,-1,-1,-1,-1
1431,8,359,572,33,74,-1,-1,-1,-1
1432,8,360,573,33,73,-1,-1,-1,-1
1433,8,361,575,34,73,-1,-1,-1,-1
1434,8,362,575,35,73,-1,-1,-1,-1
1435,8,362,575,36,73,-1,-1,-1,-1
1436,8,363,573,37,75,-1,-1,-1,-1
1437,8,364,572,38,76,-1,-1,-1,-1
1438,8,364,572,37,76,-1,-1,-1,-1
1439,8,365,573,38,75,-1,-1,-1,-1
1440,8,365,575,40,73,-1,-1,-1,-1
1441,8,365,576,40,72,-1,-1,-1,-1
1442,8,366,577,39,73,-1,-1,-1,-1
1443,8,368,579,38,72,-1,-1,-1,-1
1444,8,368,580,39,70,-1,-1,-1,-1
1445,8,368,582,39,70,-1,-1,-1,-1
1446,8,369,582,38,70,-1,-1,-1,-1
1447,8,370,583,37,70,-1,-1,-1,-1
1448,8,371,585,37,67,-1,-1,-1,-1
1449,8,373,584,36,69,-1,-1,-1,-1
1450,8,374,584,36,69,-1,-1,-1,-1
1451,8,374,583,40,72,-1,-1,-1,-1
1452,8,375,583,40,73,-1,-1,-1,-1
1453,8,377,582,41,74,-1,-1,-1,-1
1454,8,376,582,39,75,-1,-1,-1,-1
1455,8,377,584,39,75,-1,-1,-1,-1
1456,8,378,584,39,78,-1,-1,-1,-1
1457,8,377,584,40,79,-1,-1,-1,-1
1458,8,378,585,38,77,-1,-1,-1,-1
1459,8,378,585,38,78,-1,-1,-1,-1
1460,8,380,586,36,77,-1,-1,-1,-1
1461,8,380,586,36,78,-1,-1,-1,-1
1462,8,380,588,37,76,-1,-1,-1,-1
1463,8,380,588,38,78,-1,-1,-1,-1
1464,8,380,589,39,78,-1,-1,-1,-1
1465,8,380,588,40,79,-1,-1,-1,-1
1466,8,380,588,40,78,-1,-1,-1,-1
1467,8,381,588,39,78,-1,-1,-1,-1
1468,8,381,589,40,77,-1,-1,-1,-1
1469,8,381,589,41,79,-1,-1,-1,-1
1470,8,381,590,41,79,-1,-1,-1,-1
1471,8,381,591,40,79,-1,-1,-1,-1
1472,8,382,593,39,76,-1,-1,-1,-1
1473,8,382,594,38,77,-1,-1,-1,-1
1474,8,383,595,36,77,-1,-1,-1,-1
1475,8,383,596,35,77,-1,-1,-1,-1
1476,8,382,596,36,78,-1,-1,-1,-1
1477,8,382,596,36,78,-1,-1,-1,-1
1478,8,381,597,38,78,-1,-1,-1,-1
1479,8,380,597,39,78,-1,-1,-1,-1
1480,8,380,596,38,78,-1,-1,-1,-1
1481,8,380,596,38,79,-1,-1,-1,-1
1482,8,380,596,39,79,-1,-1,-1,-1
1483,8,379,596,39,79,-1,-1,-1,-1
1484,8,379,597,38,79,-1,-1,-1,-1
1485,8,379,598,39,78,-1,-1,-1,-1
1486,8,378,599,39,79,-1,-1,-1,-1
1487,8,378,601,38,77,-1,-1,-1,-1
1488,8,377,601,38,79,-1,-1,-1,-1
1489,8,376,604,39,77,-1,-1,-1,-1
1490,8,376,605,39,76,-1,-1,-1,-1
1491,8,376,604,39,78,-1,-1,-1,-1
1492,8,376,605,39,77,-1,-1,-1,-1
1493,8,377,605,37,76,-1,-1,-1,-1
1494,8,377,605,37,76,-1,-1,-1,-1
1495,8,376,605,39,77,-1,-1,-1,-1
1496,8,376,605,39,78,-1,-1,-1,-1
1497,8,375,606,40,79,-1,-1,-1,-1
1498,8,376,608,38,77,-1,-1,-1,-1
1499,8,376,608,37,78,-1,-1,-1,-1
1500,8,376,609,37,78,-1,-1,-1,-1
1501,8,375,611,38,76,-1,-1,-1,-1
1502,8,375,611,39,78,-1,-1,-1,-1
1503,8,375,612,39,78,-1,-1,-1,-1
1504,8,375,612,39,78,-1,-1,-1,-1
1505,8,375,612,39,78,-1,-1,-1,-1
1506,8,375,613,40,78,-1,-1,-1,-1
1507,8,375,613,41,79,-1,-1,-1,-1
1508,8,375,613,40,80,-1,-1,-1,-1
1509,8,375,613,41,80,-1,-1,-1,-1
1510,8,375,613,41,80,-1,-1,-1,-1
1511,8,374,613,42,80,-1,-1,-1,-1
1512,8,374,613,41,80,-1,-1,-1,-1
1513,8,375,614,39,79,-1,-1,-1,-1
1514,8,374,617,40,79,-1,-1,-1,-1
1515,8,374,617,39,81,-1,-1,-1,-1
1516,8,374,618,38,80,-1,-1,-1,-1
1517,8,373,622,39,77,-1,-1,-1,-1
1518,8,373,623,39,77,-1,-1,-1,-1
1519,8,373,623,39,78,-1,-1,-1,-1
1520,8,373,624,38,77,-1,-1,-1,-1
1521,8,373,624,36,77,-1,-1,-1,-1
1522,8,371,624,38,77,-1,-1,-1,-1
1523,8,371,624,38,77,-1,-1,-1,-1
1524,8,372,624,37,78,-1,-1,-1,-1
1525,8,371,624,39,79,-1,-1,-1,-1
1526,8,370,624,41,81,-1,-1,-1,-1
1527,8,370,624,41,82,-1,-1,-1,-1
1528,8,371,625,40,82,-1,-1,-1,-1
1529,8,371,626,40,83,-1,-1,-1,-1
1530,8,372,628,39,81,-1,-1,-1,-1
1531,8,370,630,40,78,-1,-1,-1,-1
1532,8,371,629,39,81,-1,-1,-1,-1
1533,8,371,630,40,80,-1,-1,-1,-1
1534,8,372,630,40,81,-1,-1,-1,-1
1535,8,372,630,40,82,-1,-1,-1,-1
1536,8,373,632,39,80,-1,-1,-1,-1
1537,8,373,632,40,81,-1,-1,-1,-1
1538,8,375,633,40,80,-1,-1,-1,-1
1539,8,375,635,39,78,-1,-1,-1,-1
1540,8,373,636,40,79,-1,-1,-1,-1
1541,8,373,637,41,77,-1,-1,-1,-1
1542,8,373,637,41,78,-1,-1,-1,-1
1543,8,373,637,41,78,-1,-1,-1,-1
1544,8,374,637,41,78,-1,-1,-1,-1
1545,8,375,637,41,77,-1,-1,-1,-1
1546,8,376,638,40,75,-1,-1,-1,-1
1547,8,377,639,38,76,-1,-1,-1,-1
1548,8,375,641,41,74,-1,-1,-1,-1
1549,8,376,641,40,76,-1,-1,-1,-1
1550,8,377,642,40,75,-1,-1,-1,-1
1551,8,378,642,40,74,-1,-1,-1,-1
1552,8,379,643,39,72,-1,-1,-1,-1
1553,8,379,644,39,72,-1,-1,-1,-1
1554,8,379,644,40,73,-1,-1,-1,-1
1555,8,380,644,39,74,-1,-1,-1,-1
1556,8,381,644,39,72,-1,-1,-1,-1
1557,8,381,644,39,73,-1,-1,-1,-1
1558,8,381,644,40,75,-1,-1,-1,-1
1559,8,383,645,38,73,-1,-1,-1,-1
1560,8,382,646,40,71,-1,-1,-1,-1
1561,8,383,647,40,71,-1,-1,-1,-1
1562,8,383,647,39,73,-1,-1,-1,-1
1563,8,385,649,38,68,-1,-1,-1,-1
1564,8,384,651,39,67,-1,-1,-1,-1
1565,8,385,654,38,62,-1,-1,-1,-1
1566,8,387,655,37,62,-1,-1,-1,-1
1567,8,388,656,36,61,-1,-1,-1,-1
1568,8,388,656,36,62,-1,-1,-1,-1
1569,8,390,655,35,62,-1,-1,-1,-1
1570,8,390,655,37,62,-1,-1,-1,-1
1571,8,387,658,45,61,-1,-1,-1,-1
1572,8,386,658,46,61,-1,-1,-1,-1
1573,8,387,659,48,60,-1,-1,-1,-1
1574,8,389,659,42,59,-1,-1,-1,-1
1575,8,389,659,43,59,-1,-1,-1,-1
1576,8,389,659,43,58,-1,-1,-1,-1
1577,8,384,661,51,57,-1,-1,-1,-1
1578,8,388,662,47,56,-1,-1,-1,-1
1579,8,386,662,48,56,-1,-1,-1,-1
1580,8,385,663,51,57,-1,-1,-1,-1
1581,8,387,665,48,54,-1,-1,-1,-1
1582,8,393,665,39,54,-1,-1,-1,-1
1583,8,393,666,40,53,-1,-1,-1,-1
1584,8,393,666,39,54,-1,-1,-1,-1
1585,8,395,666,37,54,-1,-1,-1,-1
1586,8,396,665,38,54,-1,-1,-1,-1
1587,8,397,667,37,53,-1,-1,-1,-1
1588,8,398,668,37,52,-1,-1,-1,-1
1589,8,400,668,35,52,-1,-1,-1,-1
1590,8,400,669,35,51,-1,-1,-1,-1
1591,8,399,671,37,48,-1,-1,-1,-1
1592,8,401,674,36,44,-1,-1,-1,-1
1593,8,401,676,36,42,-1,-1,-1,-1
1594,8,402,677,36,41,-1,-1,-1,-1
1595,8,403,677,36,40,-1,-1,-1,-1
1596,8,404,677,37,40,-1,-1,-1,-1
1597,8,406,676,37,42,-1,-1,-1,-1
1598,8,406,677,37,41,-1,-1,-1,-1
1599,8,407,677,36,41,-1,-1,-1,-1
1600,8,407,678,36,40,-1,-1,-1,-1
1601,8,409,679,35,39,-1,-1,-1,-1
1602,8,409,680,36,38,-1,-1,-1,-1
1603,8,411,681,35,36,-1,-1,-1,-1
1604,8,411,681,35,36,-1,-1,-1,-1
1605,8,411,684,39,32,-1,-1,-1,-1
1606,8,415,686,33,31,-1,-1,-1,-1
1607,8,416,687,33,29,-1,-1,-1,-1
1608,8,418,689,31,28,-1,-1,-1,-1
1609,8,418,690,31,27,-1,-1,-1,-1
1610,8,418,690,32,27,-1,-1,-1,-1
1611,8,417,691,33,26,-1,-1,-1,-1
1612,8,418,691,32,25,-1,-1,-1,-1
1613,8,420,691,31,25,-1,-1,-1,-1
1614,8,421,691,30,26,-1,-1,-1,-1
1615,8,422,692,30,25,-1,-1,-1,-1
1616,8,422,692,31,25,-1,-1,-1,-1
1617,8,423,692,29,25,-1,-1,-1,-1
1618,8,423,693,30,24,-1,-1,-1,-1
1619,8,423,693,30,24,-1,-1,-1,-1
1620,8,424,693,30,24,-1,-1,-1,-1
1621,8,425,693,31,24,-1,-1,-1,-1
1622,8,427,695,30,22,-1,-1,-1,-1
1623,8,427,695,31,22,-1,-1,-1,-1
1624,8,428,695,31,22,-1,-1,-1,-1
1625,8,427,694,36,23,-1,-1,-1,-1
1626,8,427,694,36,23,-1,-1,-1,-1
1627,8,430,695,34,23,-1,-1,-1,-1
1628,8,430,695,34,23,-1,-1,-1,-1
1629,8,431,694,34,24,-1,-1,-1,-1
