498,0,171,337,25,44,-1,-1,-1,-1
499,0,170,336,26,46,-1,-1,-1,-1
500,0,169,337,27,47,-1,-1,-1,-1
501,0,169,338,27,45,-1,-1,-1,-1
502,0,170,337,26,45,-1,-1,-1,-1
503,0,169,338,26,45,-1,-1,-1,-1
504,0,166,337,28,46,-1,-1,-1,-1
505,0,166,336,28,46,-1,-1,-1,-1
506,0,167,336,25,44,-1,-1,-1,-1
507,0,166,336,25,42,-1,-1,-1,-1
508,0,166,337,25,42,-1,-1,-1,-1
509,0,165,337,25,42,-1,-1,-1,-1
510,0,166,337,23,41,-1,-1,-1,-1
511,0,165,336,24,41,-1,-1,-1,-1
512,0,165,336,23,41,-1,-1,-1,-1
513,0,164,338,23,42,-1,-1,-1,-1
514,0,161,337,22,41,-1,-1,-1,-1
515,0,163,337,21,41,-1,-1,-1,-1
516,0,163,337,20,41,-1,-1,-1,-1
517,0,162,336,20,42,-1,-1,-1,-1
518,0,162,337,20,42,-1,-1,-1,-1
519,0,159,338,21,41,-1,-1,-1,-1
520,0,159,339,22,42,-1,-1,-1,-1
521,0,159,339,21,41,-1,-1,-1,-1
522,0,158,338,21,41,-1,-1,-1,-1
523,0,154,335,23,40,-1,-1,-1,-1
524,0,153,331,24,41,-1,-1,-1,-1
525,0,154,333,23,42,-1,-1,-1,-1
526,0,156,337,20,40,-1,-1,-1,-1
527,0,156,337,20,40,-1,-1,-1,-1
528,0,152,333,22,43,-1,-1,-1,-1
529,0,151,333,22,42,-1,-1,-1,-1
530,0,151,337,22,41,-1,-1,-1,-1
531,0,148,337,24,41,-1,-1,-1,-1
532,0,147,336,24,41,-1,-1,-1,-1
533,0,147,336,24,41,-1,-1,-1,-1
534,0,147,336,23,42,-1,-1,-1,-1
535,0,146,338,22,40,-1,-1,-1,-1
536,0,145,337,22,41,-1,-1,-1,-1
537,0,145,337,23,41,-1,-1,-1,-1
538,0,144,338,21,39,-1,-1,-1,-1
539,0,146,339,21,40,-1,-1,-1,-1
540,0,143,338,22,41,-1,-1,-1,-1
541,0,141,334,24,42,-1,-1,-1,-1
542,0,140,333,24,42,-1,-1,-1,-1
543,0,140,334,23,42,-1,-1,-1,-1
544,0,139,335,23,40,-1,-1,-1,-1
545,0,139,336,22,39,-1,-1,-1,-1
546,0,142,338,18,38,-1,-1,-1,-1
547,0,138,338,21,39,-1,-1,-1,-1
548,0,138,336,21,39,-1,-1,-1,-1
549,0,142,337,20,38,-1,-1,-1,-1
550,0,138,338,21,38,-1,-1,-1,-1
736,1,109,354,21,40,-1,-1,-1,-1
737,1,109,352,22,41,-1,-1,-1,-1
738,1,108,350,22,42,-1,-1,-1,-1
739,1,110,351,22,41,-1,-1,-1,-1
740,1,108,347,24,44,-1,-1,-1,-1
741,1,108,347,23,45,-1,-1,-1,-1
742,1,109,348,23,44,-1,-1,-1,-1
743,1,109,348,22,45,-1,-1,-1,-1
744,1,109,348,24,45,-1,-1,-1,-1
747,1,107,348,25,45,-1,-1,-1,-1
748,1,103,344,28,46,-1,-1,-1,-1
749,1,103,344,28,47,-1,-1,-1,-1
751,3,107,350,23,43,-1,-1,-1,-1
752,3,107,350,24,43,-1,-1,-1,-1
753,3,104,348,26,45,-1,-1,-1,-1
762,1,101,346,29,45,-1,-1,-1,-1
763,1,105,352,24,43,-1,-1,-1,-1
764,1,104,351,25,44,-1,-1,-1,-1
765,1,102,347,28,48,-1,-1,-1,-1
766,1,101,345,29,47,-1,-1,-1,-1
767,1,101,346,29,47,-1,-1,-1,-1
768,1,101,347,28,46,-1,-1,-1,-1
769,1,106,352,23,42,-1,-1,-1,-1
770,1,107,352,22,42,-1,-1,-1,-1
771,1,108,353,22,41,-1,-1,-1,-1
772,1,109,355,21,38,-1,-1,-1,-1
777,3,101,348,28,45,-1,-1,-1,-1
778,3,101,350,27,43,-1,-1,-1,-1
779,3,101,348,27,45,-1,-1,-1,-1
780,3,101,349,28,43,-1,-1,-1,-1
781,3,100,348,26,44,-1,-1,-1,-1
782,3,100,348,28,44,-1,-1,-1,-1
783,3,100,349,25,43,-1,-1,-1,-1
784,3,100,350,25,43,-1,-1,-1,-1
801,6,99,358,22,38,-1,-1,-1,-1
802,6,98,358,23,39,-1,-1,-1,-1
803,6,98,358,24,39,-1,-1,-1,-1
804,6,98,358,24,39,-1,-1,-1,-1
1009,7,116,367,25,35,-1,-1,-1,-1
1010,7,116,366,25,36,-1,-1,-1,-1
1011,7,115,367,26,37,-1,-1,-1,-1
807,6,98,357,22,38,-1,-1,-1,-1
808,6,98,359,22,38,-1,-1,-1,-1
809,6,97,360,22,37,-1,-1,-1,-1
810,6,98,359,21,38,-1,-1,-1,-1
811,6,98,361,21,37,-1,-1,-1,-1
812,6,97,362,24,38,-1,-1,-1,-1
813,6,98,362,23,38,-1,-1,-1,-1
814,6,99,357,24,40,-1,-1,-1,-1
815,6,99,357,25,40,-1,-1,-1,-1
816,6,99,357,25,40,-1,-1,-1,-1
817,6,96,352,27,42,-1,-1,-1,-1
818,6,97,359,25,38,-1,-1,-1,-1
819,6,97,363,23,36,-1,-1,-1,-1
820,6,96,364,23,35,-1,-1,-1,-1
821,6,96,364,23,35,-1,-1,-1,-1
822,6,96,364,23,36,-1,-1,-1,-1
823,6,97,365,24,35,-1,-1,-1,-1
824,6,97,365,25,34,-1,-1,-1,-1
825,6,98,364,25,34,-1,-1,-1,-1
826,6,99,363,27,32,-1,-1,-1,-1
827,6,97,362,21,37,-1,-1,-1,-1
828,6,96,362,22,37,-1,-1,-1,-1
829,6,96,362,22,37,-1,-1,-1,-1
830,6,96,362,22,38,-1,-1,-1,-1
831,6,96,361,22,38,-1,-1,-1,-1
832,6,96,362,23,37,-1,-1,-1,-1
833,6,96,361,23,38,-1,-1,-1,-1
834,6,97,363,23,37,-1,-1,-1,-1
835,6,97,363,23,37,-1,-1,-1,-1
836,6,97,363,23,37,-1,-1,-1,-1
837,6,97,363,24,34,-1,-1,-1,-1
838,6,95,364,22,37,-1,-1,-1,-1
839,6,95,365,23,35,-1,-1,-1,-1
840,6,96,365,24,35,-1,-1,-1,-1
841,6,96,366,24,34,-1,-1,-1,-1
842,6,97,363,24,35,-1,-1,-1,-1
843,6,97,363,24,35,-1,-1,-1,-1
844,6,96,366,25,34,-1,-1,-1,-1
845,6,95,366,26,34,-1,-1,-1,-1
846,6,95,366,27,34,-1,-1,-1,-1
847,6,95,366,27,34,-1,-1,-1,-1
848,6,95,366,27,34,-1,-1,-1,-1
849,6,96,366,25,34,-1,-1,-1,-1
850,6,95,366,24,34,-1,-1,-1,-1
851,6,95,366,24,33,-1,-1,-1,-1
852,6,95,365,23,33,-1,-1,-1,-1
853,6,95,365,22,35,-1,-1,-1,-1
854,6,93,366,23,34,-1,-1,-1,-1
855,6,92,367,24,34,-1,-1,-1,-1
856,6,92,368,24,33,-1,-1,-1,-1
857,6,92,368,23,34,-1,-1,-1,-1
858,6,92,368,25,34,-1,-1,-1,-1
859,6,91,369,25,35,-1,-1,-1,-1
860,6,91,369,25,35,-1,-1,-1,-1
861,6,92,369,24,35,-1,-1,-1,-1
862,6,92,369,24,35,-1,-1,-1,-1
863,6,91,369,25,35,-1,-1,-1,-1
864,6,91,369,26,35,-1,-1,-1,-1
865,6,92,368,26,35,-1,-1,-1,-1
866,6,92,368,26,35,-1,-1,-1,-1
867,6,92,367,25,36,-1,-1,-1,-1
868,6,92,367,25,34,-1,-1,-1,-1
869,6,92,368,25,34,-1,-1,-1,-1
870,6,92,368,25,34,-1,-1,-1,-1
871,6,93,368,25,34,-1,-1,-1,-1
872,6,93,368,26,34,-1,-1,-1,-1
873,6,93,368,26,34,-1,-1,-1,-1
874,6,95,368,25,34,-1,-1,-1,-1
875,6,94,368,25,36,-1,-1,-1,-1
876,6,94,368,25,36,-1,-1,-1,-1
877,6,93,369,25,35,-1,-1,-1,-1
878,6,94,368,25,33,-1,-1,-1,-1
879,6,94,369,26,35,-1,-1,-1,-1
880,6,93,370,27,36,-1,-1,-1,-1
881,6,92,370,27,37,-1,-1,-1,-1
882,6,94,370,26,37,-1,-1,-1,-1
883,6,94,370,25,36,-1,-1,-1,-1
884,6,93,370,25,36,-1,-1,-1,-1
885,6,92,370,26,37,-1,-1,-1,-1
886,6,92,370,26,37,-1,-1,-1,-1
887,6,93,371,25,36,-1,-1,-1,-1
888,6,93,370,26,37,-1,-1,-1,-1
889,6,93,370,26,36,-1,-1,-1,-1
890,6,91,369,26,34,-1,-1,-1,-1
891,6,92,369,26,34,-1,-1,-1,-1
892,6,92,369,26,35,-1,-1,-1,-1
893,6,92,369,26,35,-1,-1,-1,-1
894,6,93,368,25,34,-1,-1,-1,-1
895,6,93,369,26,36,-1,-1,-1,-1
896,6,92,369,27,37,-1,-1,-1,-1
897,6,92,369,27,37,-1,-1,-1,-1
898,6,91,369,27,37,-1,-1,-1,-1
899,6,92,370,26,36,-1,-1,-1,-1
900,6,92,370,26,37,-1,-1,-1,-1
901,6,92,369,26,37,-1,-1,-1,-1
902,6,92,369,26,37,-1,-1,-1,-1
903,6,92,369,26,36,-1,-1,-1,-1
904,6,92,368,25,35,-1,-1,-1,-1
905,6,91,369,26,36,-1,-1,-1,-1
906,6,91,369,27,38,-1,-1,-1,-1
907,6,90,369,28,38,-1,-1,-1,-1
908,6,91,369,26,38,-1,-1,-1,-1
909,6,92,370,25,38,-1,-1,-1,-1
910,6,93,370,25,38,-1,-1,-1,-1
911,6,93,370,25,37,-1,-1,-1,-1
912,6,93,370,25,37,-1,-1,-1,-1
913,6,90,369,27,39,-1,-1,-1,-1
914,6,90,369,27,39,-1,-1,-1,-1
915,6,90,369,27,37,-1,-1,-1,-1
916,6,91,369,26,36,-1,-1,-1,-1
917,6,91,369,27,38,-1,-1,-1,-1
918,6,91,370,28,39,-1,-1,-1,-1
919,6,91,370,28,37,-1,-1,-1,-1
920,6,92,369,26,37,-1,-1,-1,-1
921,6,91,368,27,38,-1,-1,-1,-1
922,6,91,368,27,38,-1,-1,-1,-1
923,6,91,369,27,38,-1,-1,-1,-1
924,6,91,369,27,38,-1,-1,-1,-1
925,6,91,369,28,38,-1,-1,-1,-1
926,6,91,369,28,40,-1,-1,-1,-1
927,6,91,369,28,39,-1,-1,-1,-1
928,6,91,369,28,40,-1,-1,-1,-1
929,6,90,369,29,41,-1,-1,-1,-1
930,6,89,368,29,40,-1,-1,-1,-1
931,6,90,368,28,40,-1,-1,-1,-1
932,6,89,369,29,40,-1,-1,-1,-1
933,6,88,369,30,40,-1,-1,-1,-1
934,6,89,369,29,42,-1,-1,-1,-1
935,6,90,370,29,41,-1,-1,-1,-1
936,6,90,371,29,43,-1,-1,-1,-1
937,6,91,370,29,41,-1,-1,-1,-1
938,6,90,371,30,43,-1,-1,-1,-1
939,6,90,372,30,42,-1,-1,-1,-1
940,6,90,371,30,44,-1,-1,-1,-1
941,6,91,371,29,42,-1,-1,-1,-1
942,6,90,370,31,41,-1,-1,-1,-1
943,6,91,369,29,40,-1,-1,-1,-1
944,6,92,369,29,41,-1,-1,-1,-1
945,6,93,369,28,39,-1,-1,-1,-1
946,6,94,368,27,37,-1,-1,-1,-1
947,6,94,368,27,39,-1,-1,-1,-1
948,6,94,368,27,39,-1,-1,-1,-1
949,6,94,367,28,40,-1,-1,-1,-1
950,6,94,367,28,40,-1,-1,-1,-1
951,6,94,368,29,40,-1,-1,-1,-1
952,6,95,368,28,41,-1,-1,-1,-1
953,6,95,368,28,41,-1,-1,-1,-1
954,6,94,369,28,39,-1,-1,-1,-1
955,6,95,369,28,39,-1,-1,-1,-1
956,6,95,368,27,39,-1,-1,-1,-1
957,6,94,367,28,39,-1,-1,-1,-1
958,6,91,369,32,43,-1,-1,-1,-1
959,6,91,369,31,44,-1,-1,-1,-1
960,6,91,370,32,46,-1,-1,-1,-1
961,6,92,370,31,45,-1,-1,-1,-1
962,6,91,370,32,46,-1,-1,-1,-1
963,6,93,371,31,46,-1,-1,-1,-1
964,6,94,369,29,45,-1,-1,-1,-1
965,6,94,369,30,45,-1,-1,-1,-1
966,6,94,370,30,45,-1,-1,-1,-1
967,6,94,371,30,45,-1,-1,-1,-1
968,6,93,371,31,44,-1,-1,-1,-1
969,6,95,369,30,43,-1,-1,-1,-1
970,6,96,368,29,41,-1,-1,-1,-1
971,6,97,365,27,40,-1,-1,-1,-1
972,6,97,364,27,40,-1,-1,-1,-1
973,6,97,364,27,40,-1,-1,-1,-1
974,6,97,366,28,42,-1,-1,-1,-1
975,6,96,366,29,43,-1,-1,-1,-1
976,6,96,366,29,44,-1,-1,-1,-1
977,6,95,367,31,44,-1,-1,-1,-1
978,6,97,368,29,43,-1,-1,-1,-1
979,6,97,368,29,43,-1,-1,-1,-1
980,6,99,369,29,40,-1,-1,-1,-1
981,6,98,369,27,40,-1,-1,-1,-1
982,6,98,369,29,39,-1,-1,-1,-1
983,6,98,366,27,39,-1,-1,-1,-1
984,6,95,372,32,44,-1,-1,-1,-1
985,6,96,369,32,46,-1,-1,-1,-1
986,6,97,370,31,45,-1,-1,-1,-1
987,6,97,370,31,44,-1,-1,-1,-1
988,6,98,371,30,44,-1,-1,-1,-1
989,6,98,372,32,46,-1,-1,-1,-1
990,6,98,372,30,43,-1,-1,-1,-1
991,6,99,372,29,43,-1,-1,-1,-1
992,6,100,373,30,43,-1,-1,-1,-1
993,6,100,374,30,45,-1,-1,-1,-1
994,6,99,373,32,46,-1,-1,-1,-1
995,6,100,373,33,46,-1,-1,-1,-1
996,6,100,371,33,47,-1,-1,-1,-1
997,6,103,369,30,41,-1,-1,-1,-1
998,6,103,367,29,40,-1,-1,-1,-1
999,6,102,367,29,39,-1,-1,-1,-1
1000,6,101,371,31,42,-1,-1,-1,-1
1001,6,102,370,30,44,-1,-1,-1,-1
1002,6,104,370,31,44,-1,-1,-1,-1
1003,6,103,369,32,45,-1,-1,-1,-1
1004,6,103,369,33,50,-1,-1,-1,-1
1005,6,105,369,31,46,-1,-1,-1,-1
1006,6,105,370,29,44,-1,-1,-1,-1
1007,6,107,368,27,40,-1,-1,-1,-1
1008,6,106,367,27,40,-1,-1,-1,-1
1009,6,108,368,26,38,-1,-1,-1,-1
1010,6,107,368,28,39,-1,-1,-1,-1
1011,6,106,368,29,41,-1,-1,-1,-1
1012,6,107,369,28,41,-1,-1,-1,-1
1013,6,108,369,27,41,-1,-1,-1,-1
1014,6,107,368,28,43,-1,-1,-1,-1
1015,6,113,367,24,40,-1,-1,-1,-1
1016,6,108,373,29,42,-1,-1,-1,-1
1017,6,109,374,29,42,-1,-1,-1,-1
1018,6,108,379,29,41,-1,-1,-1,-1
1019,6,110,380,28,41,-1,-1,-1,-1
1020,6,110,381,28,40,-1,-1,-1,-1
1021,6,112,378,28,40,-1,-1,-1,-1
1022,6,116,377,27,40,-1,-1,-1,-1
1023,6,119,377,25,39,-1,-1,-1,-1
1024,6,119,376,26,40,-1,-1,-1,-1
1025,6,120,379,25,38,-1,-1,-1,-1
1026,6,119,380,27,37,-1,-1,-1,-1
1027,6,120,379,26,39,-1,-1,-1,-1
1028,6,121,379,26,39,-1,-1,-1,-1
1029,6,120,380,26,38,-1,-1,-1,-1
1030,6,120,379,27,39,-1,-1,-1,-1
1031,6,119,380,28,40,-1,-1,-1,-1
1032,6,119,380,28,42,-1,-1,-1,-1
1033,6,119,380,29,42,-1,-1,-1,-1
1034,6,119,381,28,40,-1,-1,-1,-1
1035,6,121,380,25,37,-1,-1,-1,-1
1036,6,121,379,25,37,-1,-1,-1,-1
1037,6,122,378,24,37,-1,-1,-1,-1
1038,6,122,378,24,38,-1,-1,-1,-1
1039,6,122,378,24,37,-1,-1,-1,-1
1040,6,121,376,25,38,-1,-1,-1,-1
1041,6,121,378,26,38,-1,-1,-1,-1
1042,6,121,378,26,38,-1,-1,-1,-1
1043,6,121,378,27,40,-1,-1,-1,-1
1047,6,122,380,25,40,-1,-1,-1,-1
1048,6,123,378,25,39,-1,-1,-1,-1
1049,6,122,375,26,39,-1,-1,-1,-1
1050,6,123,377,25,38,-1,-1,-1,-1
1051,6,123,380,26,40,-1,-1,-1,-1
1052,6,123,382,27,40,-1,-1,-1,-1
1053,6,124,381,28,41,-1,-1,-1,-1
1054,6,127,381,24,38,-1,-1,-1,-1
1055,6,128,382,24,39,-1,-1,-1,-1
1056,6,129,380,24,38,-1,-1,-1,-1
1057,6,127,382,26,38,-1,-1,-1,-1
1058,6,128,381,25,39,-1,-1,-1,-1
1059,6,128,380,26,41,-1,-1,-1,-1
1060,6,127,380,26,42,-1,-1,-1,-1
1061,6,125,380,27,40,-1,-1,-1,-1
1062,6,125,380,27,40,-1,-1,-1,-1
1063,6,126,380,27,40,-1,-1,-1,-1
1064,6,125,378,28,42,-1,-1,-1,-1
1065,6,126,379,27,40,-1,-1,-1,-1
1228,10,469,361,30,52,-1,-1,-1,-1
1229,10,468,361,31,51,-1,-1,-1,-1
1230,10,469,361,30,52,-1,-1,-1,-1
1069,6,125,379,29,43,-1,-1,-1,-1
1070,6,125,379,30,43,-1,-1,-1,-1
1071,6,127,379,28,43,-1,-1,-1,-1
1072,6,125,379,29,42,-1,-1,-1,-1
1073,6,127,375,28,44,-1,-1,-1,-1
1074,6,127,374,28,43,-1,-1,-1,-1
1075,6,126,376,28,43,-1,-1,-1,-1
1076,6,126,375,28,43,-1,-1,-1,-1
1077,6,127,375,27,43,-1,-1,-1,-1
1078,6,126,377,28,42,-1,-1,-1,-1
1079,6,127,379,28,41,-1,-1,-1,-1
1080,6,128,379,27,42,-1,-1,-1,-1
1081,6,127,378,28,42,-1,-1,-1,-1
1082,6,127,378,27,42,-1,-1,-1,-1
1083,6,127,378,27,43,-1,-1,-1,-1
1084,6,127,378,28,43,-1,-1,-1,-1
1085,6,126,377,29,44,-1,-1,-1,-1
1086,6,125,375,30,45,-1,-1,-1,-1
1087,6,125,377,30,45,-1,-1,-1,-1
1088,6,125,379,31,46,-1,-1,-1,-1
1089,6,125,380,30,46,-1,-1,-1,-1
1090,6,124,381,31,48,-1,-1,-1,-1
1091,6,124,381,32,48,-1,-1,-1,-1
1092,6,125,380,31,47,-1,-1,-1,-1
1093,6,125,380,32,46,-1,-1,-1,-1
1094,6,125,380,31,47,-1,-1,-1,-1
1095,6,125,380,31,47,-1,-1,-1,-1
1096,6,125,380,32,47,-1,-1,-1,-1
1097,6,125,380,32,48,-1,-1,-1,-1
1098,6,125,380,32,47,-1,-1,-1,-1
1099,6,126,380,30,45,-1,-1,-1,-1
1100,6,125,378,32,47,-1,-1,-1,-1
1101,6,125,379,31,45,-1,-1,-1,-1
1102,6,125,379,32,46,-1,-1,-1,-1
1103,6,126,378,32,46,-1,-1,-1,-1
1104,6,126,378,32,46,-1,-1,-1,-1
1105,6,125,379,32,47,-1,-1,-1,-1
1106,6,125,379,32,48,-1,-1,-1,-1
1107,6,125,379,33,49,-1,-1,-1,-1
1108,6,124,379,35,49,-1,-1,-1,-1
1109,6,125,379,33,49,-1,-1,-1,-1
1110,6,126,378,32,49,-1,-1,-1,-1
1111,6,125,379,33,49,-1,-1,-1,-1
1112,6,125,380,33,47,-1,-1,-1,-1
1113,6,125,381,34,47,-1,-1,-1,-1
1114,6,125,380,34,47,-1,-1,-1,-1
1115,6,125,380,34,47,-1,-1,-1,-1
1116,6,125,380,34,47,-1,-1,-1,-1
1117,6,125,380,34,47,-1,-1,-1,-1
1118,6,125,380,34,47,-1,-1,-1,-1
1119,6,125,380,35,47,-1,-1,-1,-1
1120,6,125,380,35,48,-1,-1,-1,-1
1121,6,125,380,35,48,-1,-1,-1,-1
1122,6,125,380,35,48,-1,-1,-1,-1
1123,6,125,380,35,48,-1,-1,-1,-1
1124,6,125,380,35,48,-1,-1,-1,-1
1125,6,125,380,35,48,-1,-1,-1,-1
1126,6,125,381,33,47,-1,-1,-1,-1
1127,6,126,381,33,46,-1,-1,-1,-1
1128,6,126,380,34,47,-1,-1,-1,-1
1129,6,127,380,33,46,-1,-1,-1,-1
1130,6,127,380,34,46,-1,-1,-1,-1
1131,6,128,380,33,46,-1,-1,-1,-1
1132,6,128,380,33,46,-1,-1,-1,-1
1133,6,128,380,33,46,-1,-1,-1,-1
1134,6,129,381,32,45,-1,-1,-1,-1
1135,6,129,381,32,46,-1,-1,-1,-1
1136,6,129,381,33,46,-1,-1,-1,-1
1137,6,129,381,33,46,-1,-1,-1,-1
1138,6,129,381,33,46,-1,-1,-1,-1
1139,6,127,381,35,47,-1,-1,-1,-1
1140,6,127,381,34,47,-1,-1,-1,-1
1141,6,126,380,36,49,-1,-1,-1,-1
1142,6,126,381,36,51,-1,-1,-1,-1
1143,6,127,380,35,49,-1,-1,-1,-1
1144,6,127,381,36,49,-1,-1,-1,-1
1145,6,127,381,36,50,-1,-1,-1,-1
1146,6,127,381,36,49,-1,-1,-1,-1
1147,6,127,382,36,48,-1,-1,-1,-1
1148,6,129,384,33,47,-1,-1,-1,-1
1149,6,129,384,34,47,-1,-1,-1,-1
1150,6,129,384,35,47,-1,-1,-1,-1
1151,6,130,385,35,47,-1,-1,-1,-1
1152,6,131,385,33,46,-1,-1,-1,-1
1153,6,131,384,33,44,-1,-1,-1,-1
1154,6,132,384,32,43,-1,-1,-1,-1
1155,6,131,383,33,44,-1,-1,-1,-1
1156,6,130,384,35,45,-1,-1,-1,-1
1157,6,130,384,36,47,-1,-1,-1,-1
1158,6,130,384,36,47,-1,-1,-1,-1
1159,6,131,384,35,47,-1,-1,-1,-1
1160,6,131,384,35,46,-1,-1,-1,-1
1161,6,132,384,34,47,-1,-1,-1,-1
1162,6,132,384,34,45,-1,-1,-1,-1
1163,6,133,385,33,44,-1,-1,-1,-1
1164,6,133,385,32,44,-1,-1,-1,-1
1165,6,134,385,31,43,-1,-1,-1,-1
1166,6,134,384,31,44,-1,-1,-1,-1
1167,6,134,384,32,44,-1,-1,-1,-1
1168,6,136,385,30,44,-1,-1,-1,-1
1169,6,135,385,31,44,-1,-1,-1,-1
1170,6,136,385,30,45,-1,-1,-1,-1
1171,6,135,386,31,45,-1,-1,-1,-1
1172,6,134,387,33,45,-1,-1,-1,-1
1173,6,136,387,31,45,-1,-1,-1,-1
1174,6,136,387,33,47,-1,-1,-1,-1
1175,6,137,387,32,45,-1,-1,-1,-1
1176,6,138,386,31,45,-1,-1,-1,-1
1177,6,139,388,31,44,-1,-1,-1,-1
1178,6,139,387,30,43,-1,-1,-1,-1
1179,6,140,386,30,43,-1,-1,-1,-1
1180,6,140,385,30,43,-1,-1,-1,-1
1181,6,140,385,29,43,-1,-1,-1,-1
1182,6,141,387,29,43,-1,-1,-1,-1
1183,6,141,387,30,45,-1,-1,-1,-1
1184,6,140,387,31,45,-1,-1,-1,-1
1185,6,141,387,30,45,-1,-1,-1,-1
1186,6,141,387,31,45,-1,-1,-1,-1
1187,6,141,387,31,46,-1,-1,-1,-1
1188,6,140,387,33,47,-1,-1,-1,-1
1189,6,141,386,31,45,-1,-1,-1,-1
1190,6,140,386,31,45,-1,-1,-1,-1
1191,6,140,385,32,45,-1,-1,-1,-1
1192,6,140,385,33,46,-1,-1,-1,-1
1193,6,140,386,33,45,-1,-1,-1,-1
1194,6,140,386,34,47,-1,-1,-1,-1
1195,6,140,387,34,48,-1,-1,-1,-1
1196,6,141,389,33,48,-1,-1,-1,-1
1197,6,141,389,33,48,-1,-1,-1,-1
1198,6,140,389,34,49,-1,-1,-1,-1
1199,6,142,391,34,48,-1,-1,-1,-1
1200,6,141,391,34,48,-1,-1,-1,-1
1201,6,142,391,34,50,-1,-1,-1,-1
1202,6,144,391,34,48,-1,-1,-1,-1
1203,6,145,390,32,48,-1,-1,-1,-1
1204,6,146,389,31,45,-1,-1,-1,-1
1205,6,144,389,34,48,-1,-1,-1,-1
1206,6,144,389,34,46,-1,-1,-1,-1
1207,6,145,388,31,46,-1,-1,-1,-1
1208,6,145,389,31,49,-1,-1,-1,-1
1209,6,144,390,33,49,-1,-1,-1,-1
1210,6,145,390,32,47,-1,-1,-1,-1
1211,6,145,390,33,48,-1,-1,-1,-1
1212,6,145,391,32,46,-1,-1,-1,-1
1213,6,146,392,32,47,-1,-1,-1,-1
1214,6,146,392,31,46,-1,-1,-1,-1
1215,6,146,392,32,46,-1,-1,-1,-1
1216,6,146,392,32,46,-1,-1,-1,-1
1217,6,144,391,34,49,-1,-1,-1,-1
1218,6,145,391,33,49,-1,-1,-1,-1
1219,6,145,391,33,49,-1,-1,-1,-1
1220,6,145,391,33,48,-1,-1,-1,-1
1221,6,146,391,32,48,-1,-1,-1,-1
1222,6,146,391,31,47,-1,-1,-1,-1
1223,6,146,391,32,48,-1,-1,-1,-1
1224,6,146,391,32,48,-1,-1,-1,-1
1225,6,146,391,32,49,-1,-1,-1,-1
1226,6,146,391,33,50,-1,-1,-1,-1
1227,6,146,391,34,50,-1,-1,-1,-1
1228,6,145,391,34,49,-1,-1,-1,-1
1229,6,146,391,34,49,-1,-1,-1,-1
1230,6,146,391,34,49,-1,-1,-1,-1
1231,6,148,392,32,48,-1,-1,-1,-1
1232,6,148,391,33,50,-1,-1,-1,-1
1233,6,148,392,34,50,-1,-1,-1,-1
1234,6,148,391,34,51,-1,-1,-1,-1
1235,6,148,391,34,51,-1,-1,-1,-1
1236,6,147,390,35,52,-1,-1,-1,-1
1237,6,148,393,34,51,-1,-1,-1,-1
1238,6,149,394,34,50,-1,-1,-1,-1
1239,6,149,394,34,50,-1,-1,-1,-1
1240,6,149,394,35,50,-1,-1,-1,-1
1241,6,147,394,37,50,-1,-1,-1,-1
1242,6,149,395,35,47,-1,-1,-1,-1
1243,6,149,394,36,50,-1,-1,-1,-1
1244,6,150,394,34,49,-1,-1,-1,-1
1245,6,150,394,34,49,-1,-1,-1,-1
1246,6,150,393,34,50,-1,-1,-1,-1
1247,6,150,393,34,49,-1,-1,-1,-1
1248,6,150,393,35,51,-1,-1,-1,-1
1249,6,150,394,35,50,-1,-1,-1,-1
1250,6,150,394,35,51,-1,-1,-1,-1
1251,6,151,394,33,50,-1,-1,-1,-1
1252,6,150,395,34,50,-1,-1,-1,-1
1253,6,150,394,36,50,-1,-1,-1,-1
1254,6,150,394,36,50,-1,-1,-1,-1
1255,6,151,394,34,48,-1,-1,-1,-1
1256,6,151,394,34,48,-1,-1,-1,-1
1257,6,152,394,33,48,-1,-1,-1,-1
1258,6,149,393,35,49,-1,-1,-1,-1
1259,6,149,394,35,48,-1,-1,-1,-1
1260,6,150,394,34,48,-1,-1,-1,-1
1261,6,152,395,34,48,-1,-1,-1,-1
1262,6,152,395,33,48,-1,-1,-1,-1
1263,6,153,395,32,49,-1,-1,-1,-1
1264,6,152,394,33,49,-1,-1,-1,-1
1265,6,153,393,34,50,-1,-1,-1,-1
1266,6,151,393,37,48,-1,-1,-1,-1
1267,6,152,394,37,48,-1,-1,-1,-1
1268,6,153,395,36,46,-1,-1,-1,-1
1269,6,154,395,35,47,-1,-1,-1,-1
1270,6,152,393,36,47,-1,-1,-1,-1
1271,6,154,393,33,48,-1,-1,-1,-1
1272,6,156,395,34,47,-1,-1,-1,-1
1273,6,156,396,33,47,-1,-1,-1,-1
1274,6,156,396,34,47,-1,-1,-1,-1
1275,6,156,396,34,47,-1,-1,-1,-1
1276,6,157,396,33,47,-1,-1,-1,-1
1277,6,158,396,33,47,-1,-1,-1,-1
1278,6,157,396,34,46,-1,-1,-1,-1
1279,6,157,395,32,46,-1,-1,-1,-1
1280,6,158,395,31,44,-1,-1,-1,-1
1281,6,159,396,31,42,-1,-1,-1,-1
1282,6,160,396,31,43,-1,-1,-1,-1
1283,6,162,397,31,44,-1,-1,-1,-1
1284,6,162,397,32,46,-1,-1,-1,-1
1285,6,162,396,32,48,-1,-1,-1,-1
1286,6,161,395,34,49,-1,-1,-1,-1
1287,6,160,395,36,50,-1,-1,-1,-1
1288,6,162,396,34,50,-1,-1,-1,-1
1289,6,162,395,34,51,-1,-1,-1,-1
1290,6,160,396,37,51,-1,-1,-1,-1
1291,6,161,396,36,51,-1,-1,-1,-1
1292,6,162,395,36,50,-1,-1,-1,-1
1293,6,161,395,36,50,-1,-1,-1,-1
1294,6,162,395,35,50,-1,-1,-1,-1
1295,6,161,395,36,51,-1,-1,-1,-1
1296,6,162,396,35,50,-1,-1,-1,-1
1297,6,161,395,38,52,-1,-1,-1,-1
1298,6,162,395,38,52,-1,-1,-1,-1
1299,6,164,395,36,50,-1,-1,-1,-1
1300,6,164,394,36,51,-1,-1,-1,-1
1301,6,164,394,36,52,-1,-1,-1,-1
1302,6,163,395,38,52,-1,-1,-1,-1
1303,6,163,394,37,52,-1,-1,-1,-1
1304,6,162,394,38,53,-1,-1,-1,-1
1305,6,163,393,38,54,-1,-1,-1,-1
1306,6,164,395,37,50,-1,-1,-1,-1
1307,6,165,393,37,51,-1,-1,-1,-1
1308,6,168,394,35,47,-1,-1,-1,-1
1309,6,169,395,34,47,-1,-1,-1,-1
1310,6,169,394,35,48,-1,-1,-1,-1
1311,6,169,394,36,48,-1,-1,-1,-1
1312,6,169,394,37,49,-1,-1,-1,-1
1313,6,170,394,35,48,-1,-1,-1,-1
1314,6,170,395,35,49,-1,-1,-1,-1
1315,6,170,395,35,49,-1,-1,-1,-1
1316,6,170,394,36,50,-1,-1,-1,-1
1317,6,169,394,37,50,-1,-1,-1,-1
1318,6,169,394,37,51,-1,-1,-1,-1
1319,6,168,393,36,52,-1,-1,-1,-1
1320,6,170,394,36,49,-1,-1,-1,-1
1321,6,169,395,38,53,-1,-1,-1,-1
1322,6,170,395,37,53,-1,-1,-1,-1
1323,6,170,395,39,52,-1,-1,-1,-1
1324,6,172,394,37,51,-1,-1,-1,-1
1325,6,175,396,35,49,-1,-1,-1,-1
1326,6,173,394,37,52,-1,-1,-1,-1
1327,6,173,394,37,52,-1,-1,-1,-1
1328,6,174,393,38,52,-1,-1,-1,-1
1329,6,176,393,36,50,-1,-1,-1,-1
1330,6,177,395,34,49,-1,-1,-1,-1
1331,6,175,395,36,51,-1,-1,-1,-1
1332,6,176,395,34,49,-1,-1,-1,-1
1333,6,178,396,32,46,-1,-1,-1,-1
1334,6,181,397,30,45,-1,-1,-1,-1
1335,6,182,396,30,46,-1,-1,-1,-1
1336,6,181,398,31,46,-1,-1,-1,-1
1337,6,182,398,30,46,-1,-1,-1,-1
1338,6,182,398,31,46,-1,-1,-1,-1
1339,6,182,399,30,45,-1,-1,-1,-1
1340,6,183,399,30,45,-1,-1,-1,-1
1341,6,184,401,30,45,-1,-1,-1,-1
1342,6,184,401,30,45,-1,-1,-1,-1
1343,6,185,401,29,44,-1,-1,-1,-1
1344,6,185,401,29,44,-1,-1,-1,-1
1345,6,184,400,28,43,-1,-1,-1,-1
1346,6,185,402,25,42,-1,-1,-1,-1
1347,6,187,400,27,44,-1,-1,-1,-1
1348,6,187,399,28,45,-1,-1,-1,-1
1349,6,188,399,28,45,-1,-1,-1,-1
1350,6,189,400,31,45,-1,-1,-1,-1
1351,6,188,400,32,47,-1,-1,-1,-1
1352,6,189,399,32,48,-1,-1,-1,-1
1353,6,190,399,32,47,-1,-1,-1,-1
1354,6,191,400,31,46,-1,-1,-1,-1
1355,6,192,401,29,44,-1,-1,-1,-1
1356,6,191,401,31,46,-1,-1,-1,-1
1357,6,192,401,30,45,-1,-1,-1,-1
1358,6,193,401,29,45,-1,-1,-1,-1
1359,6,195,401,28,42,-1,-1,-1,-1
1360,6,198,401,25,39,-1,-1,-1,-1
1361,6,198,401,24,37,-1,-1,-1,-1
1362,6,197,400,26,41,-1,-1,-1,-1
1363,6,196,399,29,44,-1,-1,-1,-1
1364,6,196,399,29,45,-1,-1,-1,-1
1365,6,197,399,30,45,-1,-1,-1,-1
1366,6,196,399,31,45,-1,-1,-1,-1
1367,6,197,399,30,44,-1,-1,-1,-1
1368,6,198,400,29,43,-1,-1,-1,-1
1369,6,198,401,32,41,-1,-1,-1,-1
1370,6,197,401,34,42,-1,-1,-1,-1
1371,6,196,401,37,43,-1,-1,-1,-1
1372,6,197,398,33,43,-1,-1,-1,-1
1373,6,199,400,37,44,-1,-1,-1,-1
1374,6,198,399,39,46,-1,-1,-1,-1
1375,6,199,400,37,45,-1,-1,-1,-1
1376,6,200,400,37,45,-1,-1,-1,-1
1377,6,200,401,37,44,-1,-1,-1,-1
1378,6,205,401,33,44,-1,-1,-1,-1
1379,6,207,402,31,43,-1,-1,-1,-1
1380,6,207,402,31,43,-1,-1,-1,-1
1381,6,208,402,30,43,-1,-1,-1,-1
1382,6,209,403,30,43,-1,-1,-1,-1
1383,6,208,402,32,44,-1,-1,-1,-1
1384,6,208,402,32,43,-1,-1,-1,-1
1385,6,211,402,31,42,-1,-1,-1,-1
1386,6,212,402,29,41,-1,-1,-1,-1
1387,6,212,401,29,42,-1,-1,-1,-1
1388,6,214,401,29,44,-1,-1,-1,-1
1389,6,214,401,30,45,-1,-1,-1,-1
1390,6,214,401,29,44,-1,-1,-1,-1
1391,6,216,401,28,45,-1,-1,-1,-1
1392,6,215,401,29,46,-1,-1,-1,-1
1393,6,216,401,28,45,-1,-1,-1,-1
1394,6,217,401,28,45,-1,-1,-1,-1
1395,6,217,401,30,46,-1,-1,-1,-1
1396,6,218,402,29,46,-1,-1,-1,-1
1397,6,218,402,30,47,-1,-1,-1,-1
1398,6,219,402,29,45,-1,-1,-1,-1
1399,6,219,402,30,45,-1,-1,-1,-1
1400,6,220,403,31,48,-1,-1,-1,-1
1401,6,220,403,32,48,-1,-1,-1,-1
1402,6,220,403,33,50,-1,-1,-1,-1
1403,6,220,403,34,49,-1,-1,-1,-1
1404,6,221,404,33,48,-1,-1,-1,-1
1405,6,221,403,34,50,-1,-1,-1,-1
1406,6,222,404,33,48,-1,-1,-1,-1
1407,6,222,404,34,48,-1,-1,-1,-1
1408,6,225,405,32,47,-1,-1,-1,-1
1409,6,226,404,30,46,-1,-1,-1,-1
1410,6,226,404,30,44,-1,-1,-1,-1
1411,6,229,404,28,45,-1,-1,-1,-1
1412,6,230,404,28,45,-1,-1,-1,-1
1413,6,230,404,29,44,-1,-1,-1,-1
1414,6,230,404,28,46,-1,-1,-1,-1
1415,6,229,404,32,47,-1,-1,-1,-1
1416,6,230,405,31,47,-1,-1,-1,-1
1417,6,232,404,31,47,-1,-1,-1,-1
1418,6,233,403,32,49,-1,-1,-1,-1
1419,6,233,402,32,50,-1,-1,-1,-1
1420,6,234,402,32,50,-1,-1,-1,-1
1421,6,234,402,32,49,-1,-1,-1,-1
1422,6,234,403,31,47,-1,-1,-1,-1
1423,6,235,403,31,48,-1,-1,-1,-1
1424,6,236,405,31,46,-1,-1,-1,-1
1425,6,237,404,31,45,-1,-1,-1,-1
1426,6,238,404,33,46,-1,-1,-1,-1
1427,6,240,403,32,47,-1,-1,-1,-1
1428,6,241,405,30,47,-1,-1,-1,-1
1429,6,242,407,29,46,-1,-1,-1,-1
1430,6,243,405,28,47,-1,-1,-1,-1
1431,6,244,406,29,47,-1,-1,-1,-1
1432,6,244,405,29,48,-1,-1,-1,-1
1433,6,243,405,30,49,-1,-1,-1,-1
1434,6,242,405,31,49,-1,-1,-1,-1
1435,6,244,406,31,48,-1,-1,-1,-1
1436,6,245,406,30,50,-1,-1,-1,-1
1437,6,247,405,31,52,-1,-1,-1,-1
1438,6,248,409,29,49,-1,-1,-1,-1
1439,6,250,410,28,46,-1,-1,-1,-1
1440,6,251,410,28,47,-1,-1,-1,-1
1441,6,253,412,29,45,-1,-1,-1,-1
1442,6,252,405,28,49,-1,-1,-1,-1
1443,6,250,399,32,56,-1,-1,-1,-1
1444,6,255,404,27,50,-1,-1,-1,-1
1445,6,256,406,26,47,-1,-1,-1,-1
1446,6,255,408,28,48,-1,-1,-1,-1
1447,6,254,407,31,50,-1,-1,-1,-1
1448,6,254,407,30,49,-1,-1,-1,-1
1449,6,256,407,28,47,-1,-1,-1,-1
1450,6,257,406,28,48,-1,-1,-1,-1
1451,6,258,407,28,50,-1,-1,-1,-1
1452,6,257,406,30,50,-1,-1,-1,-1
1453,6,257,407,32,52,-1,-1,-1,-1
1454,6,258,407,32,52,-1,-1,-1,-1
1455,6,259,408,31,49,-1,-1,-1,-1
1456,6,260,408,30,49,-1,-1,-1,-1
1457,6,261,408,30,48,-1,-1,-1,-1
1458,6,261,408,31,47,-1,-1,-1,-1
1459,6,262,408,31,46,-1,-1,-1,-1
1460,6,262,408,31,47,-1,-1,-1,-1
1461,6,262,408,33,47,-1,-1,-1,-1
1462,6,263,408,33,48,-1,-1,-1,-1
1463,6,264,409,32,46,-1,-1,-1,-1
1464,6,266,408,32,47,-1,-1,-1,-1
1465,6,267,407,30,46,-1,-1,-1,-1
1466,6,268,408,30,45,-1,-1,-1,-1
1467,6,269,408,29,46,-1,-1,-1,-1
1468,6,269,408,29,47,-1,-1,-1,-1
1469,6,269,407,30,49,-1,-1,-1,-1
1470,6,269,407,29,50,-1,-1,-1,-1
1471,6,269,404,30,53,-1,-1,-1,-1
1472,6,269,403,31,54,-1,-1,-1,-1
1473,6,269,404,32,53,-1,-1,-1,-1
1474,6,271,407,29,50,-1,-1,-1,-1
1475,6,272,406,29,50,-1,-1,-1,-1
1476,6,272,406,29,48,-1,-1,-1,-1
1477,6,273,407,28,49,-1,-1,-1,-1
1478,6,273,407,30,50,-1,-1,-1,-1
1479,6,273,407,30,49,-1,-1,-1,-1
1480,6,273,408,31,50,-1,-1,-1,-1
1481,6,275,408,31,50,-1,-1,-1,-1
1482,6,276,408,31,50,-1,-1,-1,-1
1483,6,277,408,30,51,-1,-1,-1,-1
1484,6,276,408,32,51,-1,-1,-1,-1
1485,6,277,408,32,51,-1,-1,-1,-1
1486,6,277,409,32,51,-1,-1,-1,-1
1487,6,276,408,34,52,-1,-1,-1,-1
1488,6,276,407,34,52,-1,-1,-1,-1
1489,6,277,408,33,50,-1,-1,-1,-1
1490,6,278,406,32,50,-1,-1,-1,-1
1491,6,279,406,31,49,-1,-1,-1,-1
1492,6,280,407,32,51,-1,-1,-1,-1
1493,6,280,406,32,52,-1,-1,-1,-1
1494,6,279,406,33,52,-1,-1,-1,-1
1495,6,280,407,33,51,-1,-1,-1,-1
1496,6,280,406,33,52,-1,-1,-1,-1
1497,6,279,406,35,53,-1,-1,-1,-1
1498,6,279,406,35,54,-1,-1,-1,-1
1499,6,280,406,34,53,-1,-1,-1,-1
1500,6,282,408,32,51,-1,-1,-1,-1
1501,6,282,408,32,50,-1,-1,-1,-1
1502,6,282,408,33,50,-1,-1,-1,-1
1503,6,283,410,32,48,-1,-1,-1,-1
1504,6,284,411,31,46,-1,-1,-1,-1
1505,6,284,410,32,49,-1,-1,-1,-1
1506,6,285,411,31,47,-1,-1,-1,-1
1507,6,285,411,31,48,-1,-1,-1,-1
1508,6,286,411,30,48,-1,-1,-1,-1
1509,6,287,411,31,49,-1,-1,-1,-1
1510,6,286,411,31,49,-1,-1,-1,-1
1511,6,288,411,30,49,-1,-1,-1,-1
1512,6,288,411,30,48,-1,-1,-1,-1
1513,6,288,411,30,49,-1,-1,-1,-1
1514,6,288,411,31,49,-1,-1,-1,-1
1515,6,289,410,31,51,-1,-1,-1,-1
1516,6,289,410,31,49,-1,-1,-1,-1
1517,6,290,411,30,49,-1,-1,-1,-1
1518,6,291,411,29,48,-1,-1,-1,-1
1519,6,292,410,29,49,-1,-1,-1,-1
1520,6,294,411,28,48,-1,-1,-1,-1
1521,6,293,411,29,48,-1,-1,-1,-1
1522,6,294,411,29,49,-1,-1,-1,-1
1523,6,294,410,30,51,-1,-1,-1,-1
1524,6,295,412,31,49,-1,-1,-1,-1
1525,6,295,411,32,51,-1,-1,-1,-1
1526,6,295,412,32,49,-1,-1,-1,-1
1527,6,296,412,32,49,-1,-1,-1,-1
1528,6,297,412,30,49,-1,-1,-1,-1
1529,6,298,412,30,52,-1,-1,-1,-1
1530,6,297,413,31,51,-1,-1,-1,-1
1531,6,297,412,32,53,-1,-1,-1,-1
1532,6,297,413,33,54,-1,-1,-1,-1
1533,6,298,413,33,54,-1,-1,-1,-1
1534,6,299,413,33,54,-1,-1,-1,-1
1535,6,299,413,34,54,-1,-1,-1,-1
1536,6,299,413,32,53,-1,-1,-1,-1
1537,6,301,414,34,54,-1,-1,-1,-1
1538,6,302,413,34,55,-1,-1,-1,-1
1539,6,303,413,34,55,-1,-1,-1,-1
1540,6,304,413,33,55,-1,-1,-1,-1
1541,6,306,414,32,54,-1,-1,-1,-1
1542,6,306,413,31,54,-1,-1,-1,-1
1543,6,306,412,32,55,-1,-1,-1,-1
1544,6,307,412,33,54,-1,-1,-1,-1
1545,6,307,412,31,55,-1,-1,-1,-1
1546,6,306,412,32,55,-1,-1,-1,-1
1547,6,307,411,32,55,-1,-1,-1,-1
1548,6,308,412,32,55,-1,-1,-1,-1
1549,6,310,414,30,53,-1,-1,-1,-1
1550,6,311,414,30,54,-1,-1,-1,-1
1551,6,311,414,31,55,-1,-1,-1,-1
1552,6,311,414,32,55,-1,-1,-1,-1
1553,6,311,414,32,55,-1,-1,-1,-1
1554,6,311,414,33,56,-1,-1,-1,-1
1555,6,312,413,33,56,-1,-1,-1,-1
1556,6,313,414,33,56,-1,-1,-1,-1
1557,6,313,414,33,55,-1,-1,-1,-1
1558,6,313,414,32,55,-1,-1,-1,-1
1559,6,314,414,33,54,-1,-1,-1,-1
1560,6,315,414,34,54,-1,-1,-1,-1
1561,6,315,415,34,53,-1,-1,-1,-1
1562,6,315,415,35,53,-1,-1,-1,-1
1563,6,316,414,34,53,-1,-1,-1,-1
1564,6,318,415,32,51,-1,-1,-1,-1
1565,6,319,415,32,52,-1,-1,-1,-1
1566,6,320,415,31,52,-1,-1,-1,-1
1567,6,319,415,33,51,-1,-1,-1,-1
1568,6,320,415,32,51,-1,-1,-1,-1
1569,6,320,415,32,51,-1,-1,-1,-1
1570,6,321,414,32,52,-1,-1,-1,-1
1571,6,321,414,33,53,-1,-1,-1,-1
1572,6,322,414,33,53,-1,-1,-1,-1
1573,6,321,414,34,54,-1,-1,-1,-1
1574,6,321,413,35,55,-1,-1,-1,-1
1575,6,323,415,33,53,-1,-1,-1,-1
1576,6,323,416,33,52,-1,-1,-1,-1
1577,6,326,416,31,51,-1,-1,-1,-1
1578,6,327,416,31,51,-1,-1,-1,-1
1579,6,328,415,31,52,-1,-1,-1,-1
1580,6,328,415,33,52,-1,-1,-1,-1
1581,6,330,415,32,52,-1,-1,-1,-1
1582,6,330,415,32,52,-1,-1,-1,-1
1583,6,330,414,33,53,-1,-1,-1,-1
1584,6,331,415,33,53,-1,-1,-1,-1
1585,6,332,416,32,52,-1,-1,-1,-1
1586,6,332,415,32,54,-1,-1,-1,-1
1587,6,332,415,33,54,-1,-1,-1,-1
1588,6,333,415,34,54,-1,-1,-1,-1
1589,6,333,414,36,56,-1,-1,-1,-1
1590,6,333,415,37,55,-1,-1,-1,-1
1591,6,334,414,36,55,-1,-1,-1,-1
1592,6,334,414,36,55,-1,-1,-1,-1
1593,6,335,414,35,54,-1,-1,-1,-1
1594,6,336,415,34,54,-1,-1,-1,-1
1595,6,339,415,32,53,-1,-1,-1,-1
1596,6,341,415,31,52,-1,-1,-1,-1
1597,6,341,415,33,51,-1,-1,-1,-1
1598,6,341,416,33,50,-1,-1,-1,-1
1599,6,342,416,34,50,-1,-1,-1,-1
1600,6,343,416,33,51,-1,-1,-1,-1
1601,6,344,417,33,51,-1,-1,-1,-1
1602,6,343,418,35,50,-1,-1,-1,-1
1603,6,343,417,36,51,-1,-1,-1,-1
1604,6,343,416,36,52,-1,-1,-1,-1
1605,6,345,417,33,51,-1,-1,-1,-1
1606,6,345,418,34,50,-1,-1,-1,-1
1607,6,346,417,34,51,-1,-1,-1,-1
1608,6,347,416,35,53,-1,-1,-1,-1
1609,6,348,415,34,54,-1,-1,-1,-1
1610,6,351,416,33,53,-1,-1,-1,-1
1611,6,353,417,31,52,-1,-1,-1,-1
1612,6,353,418,31,51,-1,-1,-1,-1
1613,6,354,419,30,50,-1,-1,-1,-1
1614,6,356,419,29,51,-1,-1,-1,-1
1615,6,355,420,30,50,-1,-1,-1,-1
1616,6,355,421,30,49,-1,-1,-1,-1
1617,6,356,422,29,48,-1,-1,-1,-1
1618,6,357,423,29,48,-1,-1,-1,-1
1619,6,357,422,29,49,-1,-1,-1,-1
1620,6,357,422,31,50,-1,-1,-1,-1
1621,6,360,421,29,49,-1,-1,-1,-1
1622,6,362,422,29,47,-1,-1,-1,-1
1623,6,364,423,28,47,-1,-1,-1,-1
1624,6,365,423,29,47,-1,-1,-1,-1
1625,6,364,423,29,46,-1,-1,-1,-1
1626,6,366,424,27,46,-1,-1,-1,-1
1627,6,366,423,28,47,-1,-1,-1,-1
1628,6,368,424,29,47,-1,-1,-1,-1
1629,6,367,423,31,48,-1,-1,-1,-1
1630,6,367,422,31,50,-1,-1,-1,-1
1631,6,369,423,30,48,-1,-1,-1,-1
1632,6,369,422,31,49,-1,-1,-1,-1
1633,6,370,422,30,49,-1,-1,-1,-1
1634,6,371,422,30,49,-1,-1,-1,-1
1635,6,370,422,33,50,-1,-1,-1,-1
1636,6,370,421,34,52,-1,-1,-1,-1
1637,6,372,421,33,52,-1,-1,-1,-1
1638,6,372,422,33,51,-1,-1,-1,-1
1639,6,373,423,32,51,-1,-1,-1,-1
1640,6,374,424,31,50,-1,-1,-1,-1
1641,6,374,423,32,51,-1,-1,-1,-1
1642,6,375,425,31,50,-1,-1,-1,-1
1643,6,375,424,32,50,-1,-1,-1,-1
1644,6,376,425,30,50,-1,-1,-1,-1
1645,6,377,425,30,51,-1,-1,-1,-1
1646,6,379,426,29,50,-1,-1,-1,-1
1647,6,380,426,28,50,-1,-1,-1,-1
1648,6,382,426,28,49,-1,-1,-1,-1
1649,6,382,424,31,51,-1,-1,-1,-1
1650,6,383,425,30,50,-1,-1,-1,-1
1651,6,385,426,28,50,-1,-1,-1,-1
1652,6,385,425,28,51,-1,-1,-1,-1
1653,6,386,428,28,48,-1,-1,-1,-1
1654,6,387,429,27,46,-1,-1,-1,-1
1655,6,388,428,27,47,-1,-1,-1,-1
1656,6,389,428,27,47,-1,-1,-1,-1
1657,6,388,427,29,48,-1,-1,-1,-1
1658,6,389,426,30,50,-1,-1,-1,-1
1659,6,391,426,30,50,-1,-1,-1,-1
1660,6,392,427,30,51,-1,-1,-1,-1
1661,6,393,428,30,50,-1,-1,-1,-1
1662,6,394,426,30,52,-1,-1,-1,-1
1663,6,394,426,30,52,-1,-1,-1,-1
1664,6,394,425,30,53,-1,-1,-1,-1
1665,6,394,425,30,53,-1,-1,-1,-1
1666,6,394,426,31,52,-1,-1,-1,-1
1667,6,395,426,30,52,-1,-1,-1,-1
1668,6,396,429,30,51,-1,-1,-1,-1
1669,6,397,428,29,52,-1,-1,-1,-1
1670,6,398,428,30,52,-1,-1,-1,-1
1671,6,399,429,29,50,-1,-1,-1,-1
1672,6,401,428,27,49,-1,-1,-1,-1
1673,6,403,424,27,52,-1,-1,-1,-1
1674,6,402,425,29,53,-1,-1,-1,-1
1675,6,404,426,29,54,-1,-1,-1,-1
1676,6,403,425,30,55,-1,-1,-1,-1
1677,6,402,426,32,55,-1,-1,-1,-1
1678,6,403,426,31,57,-1,-1,-1,-1
1679,6,403,425,32,57,-1,-1,-1,-1
1680,6,402,423,32,57,-1,-1,-1,-1
1681,6,403,423,31,56,-1,-1,-1,-1
1682,6,404,424,31,55,-1,-1,-1,-1
1683,6,405,425,30,54,-1,-1,-1,-1
1684,6,406,426,30,53,-1,-1,-1,-1
1685,6,409,428,28,51,-1,-1,-1,-1
1686,6,408,428,28,52,-1,-1,-1,-1
1687,6,407,429,32,53,-1,-1,-1,-1
1688,6,407,428,31,54,-1,-1,-1,-1
1689,6,409,431,34,54,-1,-1,-1,-1
1690,6,411,432,34,53,-1,-1,-1,-1
1691,6,412,435,35,52,-1,-1,-1,-1
1692,6,413,435,34,52,-1,-1,-1,-1
1693,6,414,437,34,51,-1,-1,-1,-1
1694,6,415,437,34,51,-1,-1,-1,-1
1695,6,416,436,32,51,-1,-1,-1,-1
1696,6,417,436,32,51,-1,-1,-1,-1
1697,6,418,436,32,50,-1,-1,-1,-1
1698,6,420,434,30,51,-1,-1,-1,-1
1699,6,421,433,28,50,-1,-1,-1,-1
1700,6,421,433,29,52,-1,-1,-1,-1
1701,6,423,434,28,50,-1,-1,-1,-1
1702,6,423,434,29,51,-1,-1,-1,-1
1703,6,425,434,29,53,-1,-1,-1,-1
1704,6,426,434,29,52,-1,-1,-1,-1
1705,6,426,434,29,53,-1,-1,-1,-1
1706,6,426,434,30,54,-1,-1,-1,-1
1707,6,426,434,32,53,-1,-1,-1,-1
1708,6,426,433,33,56,-1,-1,-1,-1
1709,6,426,433,35,55,-1,-1,-1,-1
1710,6,425,433,36,56,-1,-1,-1,-1
1711,6,425,433,37,58,-1,-1,-1,-1
1712,6,424,433,39,60,-1,-1,-1,-1
1713,6,424,435,40,58,-1,-1,-1,-1
1714,6,426,436,38,55,-1,-1,-1,-1
1715,6,428,437,37,54,-1,-1,-1,-1
1716,6,429,439,36,52,-1,-1,-1,-1
1717,6,431,440,35,51,-1,-1,-1,-1
1718,6,431,438,38,55,-1,-1,-1,-1
1719,6,432,438,38,55,-1,-1,-1,-1
1720,6,433,439,36,53,-1,-1,-1,-1
1721,6,435,439,35,53,-1,-1,-1,-1
1722,6,435,438,36,54,-1,-1,-1,-1
1723,6,434,437,37,55,-1,-1,-1,-1
1724,6,436,437,34,52,-1,-1,-1,-1
1725,6,436,437,35,52,-1,-1,-1,-1
1726,6,436,436,35,53,-1,-1,-1,-1
1727,6,438,439,34,50,-1,-1,-1,-1
1728,6,440,439,34,51,-1,-1,-1,-1
1729,6,442,440,32,51,-1,-1,-1,-1
1730,6,444,441,32,50,-1,-1,-1,-1
1731,6,445,441,31,49,-1,-1,-1,-1
1732,6,446,442,30,49,-1,-1,-1,-1
1733,6,446,442,32,49,-1,-1,-1,-1
1734,6,446,441,32,50,-1,-1,-1,-1
1735,6,446,441,33,51,-1,-1,-1,-1
1736,6,446,441,34,53,-1,-1,-1,-1
1737,6,446,441,35,53,-1,-1,-1,-1
1738,6,446,441,36,54,-1,-1,-1,-1
1739,6,447,441,35,54,-1,-1,-1,-1
1740,6,449,441,34,53,-1,-1,-1,-1
1741,6,450,442,33,51,-1,-1,-1,-1
1742,6,452,443,31,50,-1,-1,-1,-1
1743,6,452,444,31,48,-1,-1,-1,-1
1744,6,452,443,32,49,-1,-1,-1,-1
1745,6,453,443,32,48,-1,-1,-1,-1
1746,6,455,445,31,46,-1,-1,-1,-1
1747,6,456,445,29,47,-1,-1,-1,-1
1748,6,457,444,30,48,-1,-1,-1,-1
1749,6,458,445,29,47,-1,-1,-1,-1
1750,6,458,446,30,47,-1,-1,-1,-1
1751,6,457,446,31,47,-1,-1,-1,-1
1752,6,456,445,32,49,-1,-1,-1,-1
1753,6,459,443,31,49,-1,-1,-1,-1
1754,6,461,444,31,50,-1,-1,-1,-1
1755,6,462,444,31,51,-1,-1,-1,-1
1756,6,462,445,31,50,-1,-1,-1,-1
1757,6,463,445,31,50,-1,-1,-1,-1
1758,6,463,444,31,51,-1,-1,-1,-1
1759,6,463,445,31,51,-1,-1,-1,-1
1760,6,464,444,31,51,-1,-1,-1,-1
1761,6,464,444,31,51,-1,-1,-1,-1
1762,6,463,444,32,51,-1,-1,-1,-1
1763,6,464,444,32,52,-1,-1,-1,-1
1764,6,463,444,33,53,-1,-1,-1,-1
1765,6,464,444,33,53,-1,-1,-1,-1
1766,6,465,444,33,53,-1,-1,-1,-1
1767,6,465,443,33,55,-1,-1,-1,-1
1768,6,465,444,34,56,-1,-1,-1,-1
1769,6,465,444,35,57,-1,-1,-1,-1
1770,6,467,444,34,57,-1,-1,-1,-1
1771,6,468,446,31,55,-1,-1,-1,-1
1772,6,468,448,31,52,-1,-1,-1,-1
1773,6,469,448,31,52,-1,-1,-1,-1
1774,6,469,449,33,52,-1,-1,-1,-1
1775,6,471,448,31,52,-1,-1,-1,-1
1776,6,470,447,32,54,-1,-1,-1,-1
1777,6,470,446,31,56,-1,-1,-1,-1
1778,6,470,445,32,57,-1,-1,-1,-1
1779,6,470,445,32,57,-1,-1,-1,-1
1780,6,469,445,34,58,-1,-1,-1,-1
1781,6,469,445,34,58,-1,-1,-1,-1
1782,6,470,445,33,59,-1,-1,-1,-1
1783,6,470,446,33,59,-1,-1,-1,-1
1784,6,470,446,33,58,-1,-1,-1,-1
1785,6,470,446,33,59,-1,-1,-1,-1
1786,6,470,446,33,58,-1,-1,-1,-1
1787,6,470,445,32,58,-1,-1,-1,-1
1788,6,470,444,33,59,-1,-1,-1,-1
1789,6,470,445,32,60,-1,-1,-1,-1
1790,6,469,445,33,61,-1,-1,-1,-1
1791,6,470,445,32,61,-1,-1,-1,-1
1792,6,470,446,31,60,-1,-1,-1,-1
1793,6,470,448,31,58,-1,-1,-1,-1
1794,6,470,449,32,58,-1,-1,-1,-1
1795,6,470,449,32,58,-1,-1,-1,-1
1796,6,470,450,31,58,-1,-1,-1,-1
1797,6,471,449,30,58,-1,-1,-1,-1
1798,6,471,446,31,61,-1,-1,-1,-1
1799,6,471,446,31,60,-1,-1,-1,-1
1800,6,470,448,32,59,-1,-1,-1,-1
1801,6,470,447,32,61,-1,-1,-1,-1
1802,6,471,448,31,60,-1,-1,-1,-1
1803,6,471,451,31,58,-1,-1,-1,-1
1804,6,471,452,31,58,-1,-1,-1,-1
1805,6,470,453,33,58,-1,-1,-1,-1
1806,6,471,452,32,59,-1,-1,-1,-1
1807,6,471,453,33,60,-1,-1,-1,-1
1808,6,471,453,33,60,-1,-1,-1,-1
1809,6,471,454,32,59,-1,-1,-1,-1
1810,6,470,455,33,58,-1,-1,-1,-1
1811,6,470,455,33,62,-1,-1,-1,-1
1812,6,469,455,35,63,-1,-1,-1,-1
1813,6,469,455,35,62,-1,-1,-1,-1
1814,6,469,455,36,64,-1,-1,-1,-1
1815,6,470,455,35,63,-1,-1,-1,-1
1816,6,470,456,35,63,-1,-1,-1,-1
1817,6,471,456,33,63,-1,-1,-1,-1
1818,6,471,456,33,63,-1,-1,-1,-1
1819,6,471,456,33,63,-1,-1,-1,-1
1820,6,470,456,34,65,-1,-1,-1,-1
1821,6,470,457,33,62,-1,-1,-1,-1
1822,6,470,457,33,62,-1,-1,-1,-1
1823,6,469,458,34,61,-1,-1,-1,-1
1824,6,468,458,34,62,-1,-1,-1,-1
1825,6,468,458,34,62,-1,-1,-1,-1
1826,6,468,459,33,63,-1,-1,-1,-1
1827,6,466,459,35,63,-1,-1,-1,-1
1828,6,465,459,35,62,-1,-1,-1,-1
1829,6,465,459,34,62,-1,-1,-1,-1
1830,6,465,460,33,59,-1,-1,-1,-1
1831,6,465,461,34,59,-1,-1,-1,-1
1832,6,464,460,35,60,-1,-1,-1,-1
1833,6,464,460,36,61,-1,-1,-1,-1
1834,6,463,460,36,60,-1,-1,-1,-1
1835,6,463,461,35,60,-1,-1,-1,-1
1836,6,462,462,36,59,-1,-1,-1,-1
1837,6,462,462,36,60,-1,-1,-1,-1
1838,6,461,463,36,58,-1,-1,-1,-1
1839,6,462,464,34,57,-1,-1,-1,-1
1840,6,462,464,33,55,-1,-1,-1,-1
1841,6,462,464,33,56,-1,-1,-1,-1
1842,6,463,464,32,55,-1,-1,-1,-1
1843,6,463,466,32,53,-1,-1,-1,-1
1844,6,462,466,32,54,-1,-1,-1,-1
1845,6,461,467,32,55,-1,-1,-1,-1
1846,6,459,469,34,55,-1,-1,-1,-1
1847,6,459,470,33,54,-1,-1,-1,-1
1848,6,459,470,33,53,-1,-1,-1,-1
1849,6,459,471,31,52,-1,-1,-1,-1
1850,6,457,471,30,52,-1,-1,-1,-1
1851,6,455,471,31,53,-1,-1,-1,-1
1852,6,455,472,30,53,-1,-1,-1,-1
1853,6,453,471,33,56,-1,-1,-1,-1
1854,6,452,471,33,58,-1,-1,-1,-1
1855,6,452,471,33,57,-1,-1,-1,-1
1856,6,452,473,32,54,-1,-1,-1,-1
1857,6,452,473,32,54,-1,-1,-1,-1
1858,6,452,473,33,55,-1,-1,-1,-1
1859,6,452,474,32,55,-1,-1,-1,-1
1860,6,450,472,33,57,-1,-1,-1,-1
1861,6,450,471,33,58,-1,-1,-1,-1
1862,6,450,472,32,57,-1,-1,-1,-1
1863,6,449,471,32,58,-1,-1,-1,-1
1864,6,448,471,31,56,-1,-1,-1,-1
1865,6,447,470,33,59,-1,-1,-1,-1
1866,6,447,471,33,58,-1,-1,-1,-1
1867,6,447,471,32,58,-1,-1,-1,-1
1868,6,447,474,33,57,-1,-1,-1,-1
1869,6,445,470,35,62,-1,-1,-1,-1
1870,6,444,471,36,63,-1,-1,-1,-1
1871,6,445,474,34,59,-1,-1,-1,-1
1872,6,443,476,36,57,-1,-1,-1,-1
1873,6,443,477,35,56,-1,-1,-1,-1
1874,6,442,477,34,56,-1,-1,-1,-1
1875,6,441,474,35,60,-1,-1,-1,-1
1876,6,440,472,36,63,-1,-1,-1,-1
1877,6,440,472,34,61,-1,-1,-1,-1
1878,6,439,473,34,60,-1,-1,-1,-1
1879,6,437,471,36,63,-1,-1,-1,-1
1880,6,437,472,36,63,-1,-1,-1,-1
1881,6,436,474,36,63,-1,-1,-1,-1
1882,6,435,472,37,66,-1,-1,-1,-1
1883,6,434,472,38,67,-1,-1,-1,-1
1884,6,434,472,38,68,-1,-1,-1,-1
1885,6,433,475,38,67,-1,-1,-1,-1
1886,6,432,475,39,68,-1,-1,-1,-1
1887,6,433,477,38,65,-1,-1,-1,-1
1888,6,434,478,36,64,-1,-1,-1,-1
1889,6,433,478,37,65,-1,-1,-1,-1
1890,6,432,478,38,65,-1,-1,-1,-1
1891,6,431,480,38,62,-1,-1,-1,-1
1892,6,428,479,41,63,-1,-1,-1,-1
1893,6,429,481,39,62,-1,-1,-1,-1
1894,6,429,481,38,62,-1,-1,-1,-1
1895,6,428,480,38,64,-1,-1,-1,-1
1896,6,426,481,38,65,-1,-1,-1,-1
1897,6,425,477,39,68,-1,-1,-1,-1
1898,6,424,478,40,67,-1,-1,-1,-1
1899,6,422,480,43,67,-1,-1,-1,-1
1900,6,423,482,41,65,-1,-1,-1,-1
1901,6,422,481,41,67,-1,-1,-1,-1
1902,6,422,481,41,67,-1,-1,-1,-1
1903,6,422,484,40,64,-1,-1,-1,-1
1904,6,421,486,39,63,-1,-1,-1,-1
1905,6,421,488,39,61,-1,-1,-1,-1
1906,6,421,489,38,60,-1,-1,-1,-1
1907,6,421,488,37,61,-1,-1,-1,-1
1908,6,420,488,36,60,-1,-1,-1,-1
1909,6,419,488,37,60,-1,-1,-1,-1
1910,6,418,488,36,60,-1,-1,-1,-1
1911,6,418,488,36,60,-1,-1,-1,-1
1912,6,417,486,37,63,-1,-1,-1,-1
1913,6,416,489,36,60,-1,-1,-1,-1
1914,6,416,489,36,60,-1,-1,-1,-1
1915,6,416,489,35,60,-1,-1,-1,-1
1916,6,416,489,34,58,-1,-1,-1,-1
1917,6,416,491,33,56,-1,-1,-1,-1
1918,6,415,490,33,56,-1,-1,-1,-1
1919,6,414,491,33,56,-1,-1,-1,-1
1920,6,413,491,34,59,-1,-1,-1,-1
1921,6,414,493,32,55,-1,-1,-1,-1
1922,6,412,494,33,57,-1,-1,-1,-1
1923,6,410,494,34,59,-1,-1,-1,-1
1924,6,407,496,37,59,-1,-1,-1,-1
1925,6,407,496,37,60,-1,-1,-1,-1
1926,6,406,496,37,60,-1,-1,-1,-1
1927,6,405,496,37,60,-1,-1,-1,-1
1928,6,405,497,37,60,-1,-1,-1,-1
1929,6,403,497,37,59,-1,-1,-1,-1
1930,6,401,496,38,59,-1,-1,-1,-1
1931,6,400,496,37,58,-1,-1,-1,-1
1932,6,398,495,39,59,-1,-1,-1,-1
1933,6,400,495,36,58,-1,-1,-1,-1
1934,6,398,496,38,57,-1,-1,-1,-1
1935,6,398,496,37,57,-1,-1,-1,-1
1936,6,398,497,37,59,-1,-1,-1,-1
1937,6,398,499,37,57,-1,-1,-1,-1
1938,6,397,500,37,58,-1,-1,-1,-1
1939,6,396,500,39,60,-1,-1,-1,-1
1940,6,397,501,37,57,-1,-1,-1,-1
1941,6,395,501,38,58,-1,-1,-1,-1
1942,6,392,501,39,60,-1,-1,-1,-1
1943,6,392,501,37,60,-1,-1,-1,-1
1944,6,392,500,36,60,-1,-1,-1,-1
1945,6,392,500,36,61,-1,-1,-1,-1
1946,6,391,501,37,62,-1,-1,-1,-1
1947,6,390,501,37,63,-1,-1,-1,-1
1948,6,389,500,38,62,-1,-1,-1,-1
1949,6,385,499,41,66,-1,-1,-1,-1
1950,6,384,502,42,67,-1,-1,-1,-1
1951,6,382,502,44,68,-1,-1,-1,-1
1952,6,381,504,45,66,-1,-1,-1,-1
1953,6,380,502,44,69,-1,-1,-1,-1
1954,6,380,501,44,69,-1,-1,-1,-1
1955,6,378,501,44,69,-1,-1,-1,-1
1956,6,378,501,43,70,-1,-1,-1,-1
1957,6,377,500,43,72,-1,-1,-1,-1
1958,6,377,501,42,71,-1,-1,-1,-1
1959,6,377,501,42,69,-1,-1,-1,-1
1960,6,377,502,40,69,-1,-1,-1,-1
1961,6,376,502,41,69,-1,-1,-1,-1
1962,6,375,502,42,69,-1,-1,-1,-1
1963,6,375,503,41,68,-1,-1,-1,-1
1964,6,374,504,41,68,-1,-1,-1,-1
1965,6,374,505,39,68,-1,-1,-1,-1
1966,6,372,505,39,69,-1,-1,-1,-1
1967,6,370,506,40,67,-1,-1,-1,-1
1968,6,370,506,39,66,-1,-1,-1,-1
1969,6,369,506,39,66,-1,-1,-1,-1
1970,6,369,507,38,65,-1,-1,-1,-1
1971,6,368,508,39,64,-1,-1,-1,-1
1972,6,369,510,38,62,-1,-1,-1,-1
1973,6,369,513,36,58,-1,-1,-1,-1
1974,6,368,512,37,58,-1,-1,-1,-1
1975,6,367,511,36,61,-1,-1,-1,-1
1976,6,366,512,37,63,-1,-1,-1,-1
1977,6,363,511,39,66,-1,-1,-1,-1
1978,6,362,511,39,68,-1,-1,-1,-1
1979,6,361,511,40,69,-1,-1,-1,-1
1980,6,360,512,40,69,-1,-1,-1,-1
1981,6,360,512,40,67,-1,-1,-1,-1
1982,6,357,512,40,65,-1,-1,-1,-1
1983,6,354,514,41,63,-1,-1,-1,-1
1984,6,355,516,37,61,-1,-1,-1,-1
1985,6,354,515,37,61,-1,-1,-1,-1
1986,6,353,513,38,65,-1,-1,-1,-1
1987,6,352,516,39,61,-1,-1,-1,-1
1988,6,353,516,37,60,-1,-1,-1,-1
1989,6,353,518,36,58,-1,-1,-1,-1
1990,6,353,518,37,60,-1,-1,-1,-1
1991,6,350,518,41,62,-1,-1,-1,-1
1992,6,349,519,40,61,-1,-1,-1,-1
1993,6,347,519,41,59,-1,-1,-1,-1
1994,6,345,517,40,61,-1,-1,-1,-1
1995,6,346,517,38,60,-1,-1,-1,-1
1996,6,342,517,42,62,-1,-1,-1,-1
1997,6,341,519,41,62,-1,-1,-1,-1
1998,6,340,518,41,61,-1,-1,-1,-1
1999,6,340,519,41,62,-1,-1,-1,-1
2000,6,339,520,42,63,-1,-1,-1,-1
2001,6,336,521,44,65,-1,-1,-1,-1
2002,6,336,523,43,67,-1,-1,-1,-1
2003,6,333,524,45,68,-1,-1,-1,-1
2004,6,334,525,44,66,-1,-1,-1,-1
2005,6,331,523,45,66,-1,-1,-1,-1
2006,6,332,523,43,66,-1,-1,-1,-1
2007,6,331,523,43,66,-1,-1,-1,-1
2008,6,332,523,41,65,-1,-1,-1,-1
2009,6,331,523,41,65,-1,-1,-1,-1
2010,6,329,523,43,69,-1,-1,-1,-1
2011,6,328,522,43,70,-1,-1,-1,-1
2012,6,324,522,48,84,-1,-1,-1,-1
2013,6,327,524,42,73,-1,-1,-1,-1
2014,6,325,523,44,85,-1,-1,-1,-1
2015,6,322,525,46,86,-1,-1,-1,-1
2016,6,322,524,46,79,-1,-1,-1,-1
2017,6,322,526,43,76,-1,-1,-1,-1
2018,6,321,526,44,77,-1,-1,-1,-1
2019,6,320,527,44,75,-1,-1,-1,-1
2020,6,320,528,44,76,-1,-1,-1,-1
2021,6,320,529,44,75,-1,-1,-1,-1
2022,6,320,530,43,70,-1,-1,-1,-1
2023,6,320,529,41,67,-1,-1,-1,-1
2024,6,320,529,41,66,-1,-1,-1,-1
2025,6,320,531,40,69,-1,-1,-1,-1
2026,6,317,531,42,80,-1,-1,-1,-1
2027,6,313,529,44,87,-1,-1,-1,-1
2028,6,312,531,45,85,-1,-1,-1,-1
2029,6,307,531,48,89,-1,-1,-1,-1
2030,6,307,532,47,86,-1,-1,-1,-1
2031,6,308,534,47,86,-1,-1,-1,-1
2032,6,309,538,45,81,-1,-1,-1,-1
2033,6,308,535,44,85,-1,-1,-1,-1
2034,6,308,536,44,81,-1,-1,-1,-1
2035,6,308,535,44,81,-1,-1,-1,-1
2036,6,307,536,44,81,-1,-1,-1,-1
2037,6,307,537,43,81,-1,-1,-1,-1
2038,6,307,535,44,83,-1,-1,-1,-1
2039,6,307,535,43,82,-1,-1,-1,-1
2040,6,307,536,42,81,-1,-1,-1,-1
2041,6,305,537,43,80,-1,-1,-1,-1
2042,6,305,539,43,77,-1,-1,-1,-1
2043,6,305,540,43,77,-1,-1,-1,-1
2044,6,302,539,46,79,-1,-1,-1,-1
2045,6,300,539,44,79,-1,-1,-1,-1
2046,6,301,543,40,74,-1,-1,-1,-1
2047,6,299,541,41,69,-1,-1,-1,-1
2048,6,299,541,43,75,-1,-1,-1,-1
2049,6,295,541,44,72,-1,-1,-1,-1
2050,6,294,540,45,74,-1,-1,-1,-1
2051,6,295,541,45,75,-1,-1,-1,-1
2052,6,295,543,45,73,-1,-1,-1,-1
2053,6,294,543,45,74,-1,-1,-1,-1
2054,6,292,542,47,77,-1,-1,-1,-1
2055,6,291,544,48,74,-1,-1,-1,-1
2056,6,291,545,47,74,-1,-1,-1,-1
2057,6,292,547,45,71,-1,-1,-1,-1
2058,6,290,547,46,71,-1,-1,-1,-1
2059,6,289,546,46,72,-1,-1,-1,-1
2060,6,287,545,45,73,-1,-1,-1,-1
2061,6,287,545,42,71,-1,-1,-1,-1
2062,6,280,544,51,75,-1,-1,-1,-1
2063,6,281,544,47,74,-1,-1,-1,-1
2064,6,280,544,49,77,-1,-1,-1,-1
2065,6,282,546,43,72,-1,-1,-1,-1
2066,6,282,546,42,73,-1,-1,-1,-1
2067,6,281,547,43,71,-1,-1,-1,-1
2068,6,282,547,41,73,-1,-1,-1,-1
2069,6,280,551,41,70,-1,-1,-1,-1
2070,6,277,550,41,71,-1,-1,-1,-1
2071,6,274,549,46,71,-1,-1,-1,-1
2072,6,275,552,42,68,-1,-1,-1,-1
2073,6,274,552,44,69,-1,-1,-1,-1
2074,6,275,553,41,68,-1,-1,-1,-1
2075,6,274,552,42,68,-1,-1,-1,-1
2076,6,273,553,40,67,-1,-1,-1,-1
2077,6,273,553,40,67,-1,-1,-1,-1
2078,6,272,555,39,66,-1,-1,-1,-1
2079,6,270,553,41,74,-1,-1,-1,-1
2080,6,268,554,43,74,-1,-1,-1,-1
2081,6,267,557,43,73,-1,-1,-1,-1
2082,6,266,555,43,75,-1,-1,-1,-1
2083,6,262,558,44,71,-1,-1,-1,-1
2084,6,263,557,45,73,-1,-1,-1,-1
2085,6,262,557,45,73,-1,-1,-1,-1
2086,6,261,558,44,72,-1,-1,-1,-1
2087,6,261,559,41,67,-1,-1,-1,-1
2088,6,262,560,39,65,-1,-1,-1,-1
2089,6,262,560,39,64,-1,-1,-1,-1
2090,6,261,560,39,66,-1,-1,-1,-1
2091,6,260,561,41,66,-1,-1,-1,-1
2092,6,258,560,42,69,-1,-1,-1,-1
2093,6,255,561,47,73,-1,-1,-1,-1
2094,6,253,561,49,76,-1,-1,-1,-1
2095,6,251,562,46,73,-1,-1,-1,-1
2096,6,251,564,44,73,-1,-1,-1,-1
2097,6,252,565,44,72,-1,-1,-1,-1
2098,6,249,564,48,75,-1,-1,-1,-1
2099,6,249,566,47,74,-1,-1,-1,-1
2100,6,248,565,47,74,-1,-1,-1,-1
2101,6,247,566,47,74,-1,-1,-1,-1
2102,6,246,566,47,74,-1,-1,-1,-1
2103,6,245,566,46,73,-1,-1,-1,-1
2104,6,243,568,46,72,-1,-1,-1,-1
2105,6,243,567,44,74,-1,-1,-1,-1
2106,6,243,567,44,72,-1,-1,-1,-1
2107,6,242,569,45,73,-1,-1,-1,-1
2108,6,241,568,45,74,-1,-1,-1,-1
2109,6,241,568,45,73,-1,-1,-1,-1
2110,6,238,569,45,72,-1,-1,-1,-1
2111,6,238,569,43,73,-1,-1,-1,-1
2112,6,237,570,43,74,-1,-1,-1,-1
2113,6,236,573,42,70,-1,-1,-1,-1
2114,6,234,573,45,73,-1,-1,-1,-1
2115,6,234,572,44,73,-1,-1,-1,-1
2116,6,234,572,43,73,-1,-1,-1,-1
2117,6,232,572,43,72,-1,-1,-1,-1
2118,6,232,573,42,72,-1,-1,-1,-1
2119,6,231,574,41,71,-1,-1,-1,-1
2120,6,231,576,40,68,-1,-1,-1,-1
2121,6,229,576,40,69,-1,-1,-1,-1
2122,6,230,580,38,66,-1,-1,-1,-1
2123,6,229,580,39,67,-1,-1,-1,-1
2124,6,228,580,38,66,-1,-1,-1,-1
2125,6,227,580,39,66,-1,-1,-1,-1
2126,6,226,579,40,67,-1,-1,-1,-1
2127,6,225,579,40,68,-1,-1,-1,-1
2128,6,223,578,41,68,-1,-1,-1,-1
2129,6,219,578,45,68,-1,-1,-1,-1
2130,6,218,579,45,67,-1,-1,-1,-1
2131,6,218,580,44,67,-1,-1,-1,-1
2132,6,215,579,45,71,-1,-1,-1,-1
2133,6,215,580,45,71,-1,-1,-1,-1
2134,6,213,583,46,69,-1,-1,-1,-1
2135,6,214,584,44,68,-1,-1,-1,-1
2136,6,214,584,44,70,-1,-1,-1,-1
2137,6,211,584,46,71,-1,-1,-1,-1
2138,6,210,585,47,70,-1,-1,-1,-1
2139,6,209,585,48,71,-1,-1,-1,-1
2140,6,207,586,50,69,-1,-1,-1,-1
2141,6,208,587,45,68,-1,-1,-1,-1
2142,6,206,585,46,70,-1,-1,-1,-1
2143,6,204,586,48,73,-1,-1,-1,-1
2144,6,203,587,48,73,-1,-1,-1,-1
2145,6,201,587,52,76,-1,-1,-1,-1
2146,6,201,587,49,75,-1,-1,-1,-1
2147,6,201,588,49,76,-1,-1,-1,-1
2148,6,201,589,49,75,-1,-1,-1,-1
2149,6,199,588,50,74,-1,-1,-1,-1
2150,6,197,588,51,74,-1,-1,-1,-1
2151,6,197,589,48,73,-1,-1,-1,-1
2152,6,197,590,46,73,-1,-1,-1,-1
2153,6,197,591,47,71,-1,-1,-1,-1
2154,6,196,590,45,71,-1,-1,-1,-1
2155,6,196,590,44,71,-1,-1,-1,-1
2156,6,196,591,44,70,-1,-1,-1,-1
2157,6,194,591,44,71,-1,-1,-1,-1
2158,6,194,591,44,73,-1,-1,-1,-1
2159,6,193,592,42,73,-1,-1,-1,-1
2160,6,191,593,43,76,-1,-1,-1,-1
2161,6,191,593,42,77,-1,-1,-1,-1
2162,6,191,594,41,77,-1,-1,-1,-1
2163,6,191,596,40,76,-1,-1,-1,-1
2164,6,191,597,40,75,-1,-1,-1,-1
2165,6,188,597,41,74,-1,-1,-1,-1
2166,6,186,597,42,74,-1,-1,-1,-1
2167,6,183,595,43,73,-1,-1,-1,-1
2168,6,184,595,40,72,-1,-1,-1,-1
2169,6,183,596,42,73,-1,-1,-1,-1
2170,6,183,597,42,73,-1,-1,-1,-1
2171,6,185,598,41,73,-1,-1,-1,-1
2172,6,182,601,41,73,-1,-1,-1,-1
2173,6,180,602,41,71,-1,-1,-1,-1
2174,6,180,603,41,71,-1,-1,-1,-1
2175,6,179,603,40,71,-1,-1,-1,-1
2176,6,179,604,40,72,-1,-1,-1,-1
2177,6,180,605,38,71,-1,-1,-1,-1
2178,6,179,604,37,70,-1,-1,-1,-1
2179,6,176,605,40,71,-1,-1,-1,-1
2180,6,173,605,40,72,-1,-1,-1,-1
2181,6,172,608,41,70,-1,-1,-1,-1
2182,6,171,609,40,69,-1,-1,-1,-1
2183,6,171,610,42,69,-1,-1,-1,-1
2184,6,169,610,44,70,-1,-1,-1,-1
2185,6,171,611,42,70,-1,-1,-1,-1
2186,6,170,611,42,70,-1,-1,-1,-1
2187,6,166,610,47,72,-1,-1,-1,-1
2188,6,165,609,48,73,-1,-1,-1,-1
2189,6,164,610,46,73,-1,-1,-1,-1
2190,6,161,610,48,72,-1,-1,-1,-1
2191,6,161,609,46,76,-1,-1,-1,-1
2192,6,159,608,48,76,-1,-1,-1,-1
2193,6,160,610,45,74,-1,-1,-1,-1
2194,6,159,606,42,77,-1,-1,-1,-1
2195,6,158,604,43,81,-1,-1,-1,-1
2196,6,158,605,41,81,-1,-1,-1,-1
2197,6,158,605,41,81,-1,-1,-1,-1
2198,6,156,609,43,78,-1,-1,-1,-1
2199,6,155,611,45,77,-1,-1,-1,-1
2200,6,155,613,45,77,-1,-1,-1,-1
2201,6,155,613,45,77,-1,-1,-1,-1
2202,6,156,614,42,75,-1,-1,-1,-1
2203,6,153,615,43,76,-1,-1,-1,-1
2204,6,150,613,45,78,-1,-1,-1,-1
2205,6,147,611,48,81,-1,-1,-1,-1
2206,6,144,611,50,82,-1,-1,-1,-1
2207,6,144,611,50,81,-1,-1,-1,-1
2208,6,143,611,49,82,-1,-1,-1,-1
2209,6,142,612,48,81,-1,-1,-1,-1
2210,6,142,612,47,82,-1,-1,-1,-1
2211,6,140,614,49,81,-1,-1,-1,-1
2212,6,141,616,47,79,-1,-1,-1,-1
2213,6,141,614,45,83,-1,-1,-1,-1
2214,6,140,615,45,81,-1,-1,-1,-1
2215,6,137,619,46,76,-1,-1,-1,-1
2216,6,136,620,46,76,-1,-1,-1,-1
2217,6,136,619,46,79,-1,-1,-1,-1
2218,6,135,620,47,80,-1,-1,-1,-1
2219,6,135,619,47,82,-1,-1,-1,-1
2220,6,136,621,44,78,-1,-1,-1,-1
2221,6,135,621,43,77,-1,-1,-1,-1
2222,6,134,622,43,78,-1,-1,-1,-1
2223,6,134,623,44,78,-1,-1,-1,-1
2224,6,133,624,44,79,-1,-1,-1,-1
2225,6,132,623,43,80,-1,-1,-1,-1
2226,6,133,624,41,80,-1,-1,-1,-1
2227,6,131,623,42,81,-1,-1,-1,-1
2228,6,129,624,43,80,-1,-1,-1,-1
2229,6,127,624,44,80,-1,-1,-1,-1
2230,6,127,626,43,78,-1,-1,-1,-1
2231,6,126,627,43,77,-1,-1,-1,-1
2232,6,125,628,41,76,-1,-1,-1,-1
2233,6,124,629,43,75,-1,-1,-1,-1
2234,6,121,629,47,76,-1,-1,-1,-1
2235,6,115,629,51,78,-1,-1,-1,-1
2236,6,115,628,51,78,-1,-1,-1,-1
2237,6,114,628,52,79,-1,-1,-1,-1
2238,6,113,630,50,79,-1,-1,-1,-1
2239,6,115,630,48,81,-1,-1,-1,-1
2240,6,114,632,48,79,-1,-1,-1,-1
2241,6,110,632,51,80,-1,-1,-1,-1
2242,6,111,633,50,78,-1,-1,-1,-1
2243,6,112,633,49,82,-1,-1,-1,-1
2244,6,109,634,52,81,-1,-1,-1,-1
2245,6,110,631,49,84,-1,-1,-1,-1
2246,6,111,633,46,83,-1,-1,-1,-1
2247,6,110,631,48,83,-1,-1,-1,-1
2248,6,109,637,49,78,-1,-1,-1,-1
2249,6,109,637,49,79,-1,-1,-1,-1
2250,6,109,639,45,77,-1,-1,-1,-1
2251,6,108,636,46,81,-1,-1,-1,-1
2252,6,108,638,44,80,-1,-1,-1,-1
2253,6,107,638,43,79,-1,-1,-1,-1
2254,6,105,636,41,82,-1,-1,-1,-1
2255,6,102,637,45,82,-1,-1,-1,-1
2256,6,102,638,44,82,-1,-1,-1,-1
2257,6,100,637,45,84,-1,-1,-1,-1
2258,6,97,638,48,82,-1,-1,-1,-1
2259,6,95,638,48,84,-1,-1,-1,-1
2260,6,93,640,50,82,-1,-1,-1,-1
2261,6,92,640,50,84,-1,-1,-1,-1
2262,6,93,642,49,81,-1,-1,-1,-1
2263,6,92,643,50,82,-1,-1,-1,-1
2264,6,92,642,49,82,-1,-1,-1,-1
2265,6,92,644,49,81,-1,-1,-1,-1
2266,6,91,644,48,82,-1,-1,-1,-1
2267,6,90,646,47,82,-1,-1,-1,-1
2268,6,88,648,49,81,-1,-1,-1,-1
2269,6,88,647,45,82,-1,-1,-1,-1
2270,6,86,646,44,83,-1,-1,-1,-1
2271,6,86,646,43,83,-1,-1,-1,-1
2272,6,85,644,41,83,-1,-1,-1,-1
2273,6,84,645,42,83,-1,-1,-1,-1
2274,6,82,648,44,80,-1,-1,-1,-1
2275,6,80,648,45,80,-1,-1,-1,-1
2276,6,78,651,47,77,-1,-1,-1,-1
2277,6,77,652,47,79,-1,-1,-1,-1
2278,6,76,652,46,79,-1,-1,-1,-1
2279,6,73,652,48,80,-1,-1,-1,-1
2280,6,71,650,49,81,-1,-1,-1,-1
2281,6,66,648,53,82,-1,-1,-1,-1
2282,6,66,651,53,78,-1,-1,-1,-1
2283,6,66,649,53,81,-1,-1,-1,-1
2284,6,65,652,50,80,-1,-1,-1,-1
2285,6,65,650,46,80,-1,-1,-1,-1
2286,6,64,650,46,81,-1,-1,-1,-1
2287,6,63,653,45,78,-1,-1,-1,-1
2288,6,62,652,46,80,-1,-1,-1,-1
2289,6,57,654,50,82,-1,-1,-1,-1
2290,6,57,652,48,80,-1,-1,-1,-1
2291,6,57,652,46,82,-1,-1,-1,-1
2292,6,53,652,50,84,-1,-1,-1,-1
2293,6,51,652,53,87,-1,-1,-1,-1
2294,6,50,653,52,84,-1,-1,-1,-1
2295,6,50,656,53,84,-1,-1,-1,-1
2296,6,50,657,49,80,-1,-1,-1,-1
2297,6,49,659,47,80,-1,-1,-1,-1
2298,6,48,660,47,78,-1,-1,-1,-1
2299,6,46,659,48,80,-1,-1,-1,-1
2300,6,43,662,48,78,-1,-1,-1,-1
2301,6,42,660,46,78,-1,-1,-1,-1
2302,6,41,662,45,75,-1,-1,-1,-1
2303,6,41,664,45,74,-1,-1,-1,-1
2304,6,40,662,44,80,-1,-1,-1,-1
2305,6,35,662,47,83,-1,-1,-1,-1
2306,6,33,663,48,85,-1,-1,-1,-1
2307,6,30,664,48,85,-1,-1,-1,-1
2308,6,28,665,48,85,-1,-1,-1,-1
2309,6,29,667,46,82,-1,-1,-1,-1
2310,6,27,668,46,82,-1,-1,-1,-1
2311,6,25,669,46,74,-1,-1,-1,-1
2312,6,23,668,45,73,-1,-1,-1,-1
2313,6,20,670,47,77,-1,-1,-1,-1
2314,6,20,670,44,78,-1,-1,-1,-1
2315,6,18,671,45,76,-1,-1,-1,-1
2316,6,18,671,46,83,-1,-1,-1,-1
2317,6,12,673,50,83,-1,-1,-1,-1
2318,6,12,674,47,82,-1,-1,-1,-1
2319,6,9,673,49,86,-1,-1,-1,-1
2320,6,5,675,50,87,-1,-1,-1,-1
2321,6,5,673,46,89,-1,-1,-1,-1
2322,6,6,678,47,83,-1,-1,-1,-1
2323,6,4,674,46,87,-1,-1,-1,-1
2324,6,3,681,48,84,-1,-1,-1,-1
2325,6,2,680,46,84,-1,-1,-1,-1
2326,6,2,681,41,82,-1,-1,-1,-1
2327,6,0,682,41,82,-1,-1,-1,-1
2328,6,1,682,38,84,-1,-1,-1,-1
2329,6,1,683,35,82,-1,-1,-1,-1
2330,6,0,686,35,78,-1,-1,-1,-1
2331,6,0,685,33,73,-1,-1,-1,-1
2332,6,0,684,34,81,-1,-1,-1,-1
2333,6,0,685,32,79,-1,-1,-1,-1
2334,6,0,690,30,74,-1,-1,-1,-1
2335,6,0,692,31,72,-1,-1,-1,-1
2336,6,0,696,29,69,-1,-1,-1,-1
2337,6,0,698,27,67,-1,-1,-1,-1
2338,6,0,698,26,66,-1,-1,-1,-1
2339,6,0,705,23,61,-1,-1,-1,-1
2340,6,0,711,19,68,-1,-1,-1,-1
2581,12,472,357,32,58,-1,-1,-1,-1
2582,12,472,357,32,58,-1,-1,-1,-1
2583,12,472,358,32,57,-1,-1,-1,-1
2653,13,59,331,22,39,-1,-1,-1,-1
2654,13,59,331,22,39,-1,-1,-1,-1
2655,13,59,330,24,39,-1,-1,-1,-1
2656,13,59,330,23,39,-1,-1,-1,-1
2657,13,59,330,22,38,-1,-1,-1,-1
2660,13,62,331,20,38,-1,-1,-1,-1
2661,13,60,328,25,40,-1,-1,-1,-1
2662,13,61,326,25,41,-1,-1,-1,-1
2663,13,61,327,25,41,-1,-1,-1,-1
2664,13,61,328,24,41,-1,-1,-1,-1
