157,0,862,1038,51,41,-1,-1,-1,-1
158,0,869,1035,53,44,-1,-1,-1,-1
159,0,871,1034,59,43,-1,-1,-1,-1
376,1,1431,746,99,167,-1,-1,-1,-1
377,1,1454,805,72,121,-1,-1,-1,-1
378,1,1450,800,79,127,-1,-1,-1,-1
379,1,1453,799,81,129,-1,-1,-1,-1
380,1,1450,799,79,128,-1,-1,-1,-1
381,1,1443,763,90,161,-1,-1,-1,-1
382,1,1441,794,88,131,-1,-1,-1,-1
383,1,1436,760,97,164,-1,-1,-1,-1
384,1,1441,781,86,145,-1,-1,-1,-1
144,2,945,1036,45,39,-1,-1,-1,-1
145,2,943,1031,52,43,-1,-1,-1,-1
146,2,949,1022,49,55,-1,-1,-1,-1
147,2,950,1020,51,57,-1,-1,-1,-1
148,2,952,1022,50,55,-1,-1,-1,-1
149,2,955,1021,50,54,-1,-1,-1,-1
150,2,957,1019,53,54,-1,-1,-1,-1
151,2,959,1020,53,53,-1,-1,-1,-1
152,2,960,1020,54,55,-1,-1,-1,-1
153,2,957,1018,59,56,-1,-1,-1,-1
154,2,968,1010,54,66,-1,-1,-1,-1
155,2,968,1012,58,64,-1,-1,-1,-1
156,2,968,1015,60,60,-1,-1,-1,-1
157,2,968,1008,65,70,-1,-1,-1,-1
158,2,977,1005,65,74,-1,-1,-1,-1
159,2,982,1003,59,75,-1,-1,-1,-1
160,2,987,998,58,72,-1,-1,-1,-1
161,2,983,994,65,84,-1,-1,-1,-1
162,2,988,992,68,86,-1,-1,-1,-1
163,2,988,992,68,85,-1,-1,-1,-1
164,2,988,989,72,91,-1,-1,-1,-1
165,2,989,989,77,91,-1,-1,-1,-1
166,2,989,986,77,94,-1,-1,-1,-1
167,2,990,986,78,94,-1,-1,-1,-1
168,2,995,979,78,101,-1,-1,-1,-1
169,2,993,976,83,104,-1,-1,-1,-1
170,2,974,971,107,109,-1,-1,-1,-1
171,2,996,967,85,113,-1,-1,-1,-1
172,2,997,963,86,117,-1,-1,-1,-1
173,2,1002,963,85,117,-1,-1,-1,-1
174,2,1000,959,88,121,-1,-1,-1,-1
175,2,1008,958,83,122,-1,-1,-1,-1
176,2,1015,952,82,128,-1,-1,-1,-1
177,2,1018,949,84,131,-1,-1,-1,-1
178,2,1016,945,90,134,-1,-1,-1,-1
179,2,1024,940,83,138,-1,-1,-1,-1
180,2,1030,938,77,141,-1,-1,-1,-1
181,2,1036,935,84,143,-1,-1,-1,-1
182,2,1035,934,89,144,-1,-1,-1,-1
183,2,1036,937,85,142,-1,-1,-1,-1
184,2,1025,935,98,144,-1,-1,-1,-1
185,2,1038,932,88,144,-1,-1,-1,-1
186,2,1036,933,99,147,-1,-1,-1,-1
187,2,1039,930,98,147,-1,-1,-1,-1
188,2,1044,925,96,153,-1,-1,-1,-1
189,2,1040,922,103,157,-1,-1,-1,-1
190,2,1042,921,104,155,-1,-1,-1,-1
191,2,1047,924,102,154,-1,-1,-1,-1
192,2,1038,919,121,157,-1,-1,-1,-1
193,2,1030,913,130,163,-1,-1,-1,-1
194,2,1040,911,126,161,-1,-1,-1,-1
195,2,1046,909,119,167,-1,-1,-1,-1
196,2,1065,907,100,166,-1,-1,-1,-1
197,2,1087,907,76,156,-1,-1,-1,-1
198,2,1080,903,88,170,-1,-1,-1,-1
199,2,1085,904,90,161,-1,-1,-1,-1
200,2,1083,901,94,170,-1,-1,-1,-1
201,2,1089,901,90,169,-1,-1,-1,-1
202,2,1085,899,97,167,-1,-1,-1,-1
203,2,1081,901,107,167,-1,-1,-1,-1
204,2,1076,894,118,175,-1,-1,-1,-1
205,2,1091,889,105,169,-1,-1,-1,-1
206,2,1092,882,111,183,-1,-1,-1,-1
207,2,1109,883,92,164,-1,-1,-1,-1
208,2,1116,879,91,163,-1,-1,-1,-1
209,2,1121,878,91,180,-1,-1,-1,-1
210,2,1120,875,91,172,-1,-1,-1,-1
211,2,1119,876,95,186,-1,-1,-1,-1
212,2,1125,874,90,171,-1,-1,-1,-1
213,2,1124,870,102,194,-1,-1,-1,-1
214,2,1125,871,100,187,-1,-1,-1,-1
215,2,1133,868,96,189,-1,-1,-1,-1
216,2,1133,873,98,164,-1,-1,-1,-1
217,2,1135,867,105,174,-1,-1,-1,-1
218,2,1133,862,114,179,-1,-1,-1,-1
219,2,1144,863,100,171,-1,-1,-1,-1
220,2,1141,865,113,179,-1,-1,-1,-1
221,2,1156,863,99,172,-1,-1,-1,-1
222,2,1158,858,98,177,-1,-1,-1,-1
223,2,1164,858,95,181,-1,-1,-1,-1
224,2,1169,858,89,180,-1,-1,-1,-1
225,2,1177,858,84,181,-1,-1,-1,-1
226,2,1182,853,87,182,-1,-1,-1,-1
227,2,1189,851,79,196,-1,-1,-1,-1
228,2,1195,852,78,180,-1,-1,-1,-1
229,2,1197,849,76,197,-1,-1,-1,-1
230,2,1199,849,76,181,-1,-1,-1,-1
231,2,1198,846,82,183,-1,-1,-1,-1
232,2,1198,843,87,189,-1,-1,-1,-1
233,2,1201,845,89,179,-1,-1,-1,-1
234,2,1202,844,92,174,-1,-1,-1,-1
235,2,1208,842,87,152,-1,-1,-1,-1
236,2,1213,840,83,147,-1,-1,-1,-1
237,2,1218,836,81,155,-1,-1,-1,-1
238,2,1222,834,76,161,-1,-1,-1,-1
239,2,1228,835,70,147,-1,-1,-1,-1
240,2,1230,829,73,159,-1,-1,-1,-1
241,2,1231,826,75,176,-1,-1,-1,-1
242,2,1239,823,70,186,-1,-1,-1,-1
243,2,1243,823,69,183,-1,-1,-1,-1
244,2,1244,821,73,175,-1,-1,-1,-1
245,2,1243,819,80,187,-1,-1,-1,-1
246,2,1248,821,77,168,-1,-1,-1,-1
247,2,1248,822,78,162,-1,-1,-1,-1
248,2,1248,818,87,168,-1,-1,-1,-1
249,2,1250,817,87,158,-1,-1,-1,-1
250,2,1250,816,94,161,-1,-1,-1,-1
251,2,1256,816,89,153,-1,-1,-1,-1
252,2,1263,812,91,164,-1,-1,-1,-1
253,2,1270,813,85,158,-1,-1,-1,-1
254,2,1274,811,81,161,-1,-1,-1,-1
255,2,1270,811,86,160,-1,-1,-1,-1
256,2,1276,809,80,165,-1,-1,-1,-1
257,2,1282,808,78,169,-1,-1,-1,-1
258,2,1287,809,77,165,-1,-1,-1,-1
259,2,1293,809,72,156,-1,-1,-1,-1
260,2,1295,807,72,167,-1,-1,-1,-1
261,2,1297,809,69,157,-1,-1,-1,-1
262,2,1299,806,70,165,-1,-1,-1,-1
263,2,1295,802,75,176,-1,-1,-1,-1
264,2,1297,802,80,168,-1,-1,-1,-1
265,2,1301,802,79,162,-1,-1,-1,-1
266,2,1308,801,75,151,-1,-1,-1,-1
267,2,1316,801,69,141,-1,-1,-1,-1
268,2,1316,797,71,149,-1,-1,-1,-1
269,2,1318,796,71,144,-1,-1,-1,-1
270,2,1320,795,71,144,-1,-1,-1,-1
271,2,1324,789,73,150,-1,-1,-1,-1
272,2,1323,788,77,165,-1,-1,-1,-1
273,2,1331,785,70,157,-1,-1,-1,-1
274,2,1333,783,71,170,-1,-1,-1,-1
275,2,1336,782,73,173,-1,-1,-1,-1
276,2,1340,783,74,166,-1,-1,-1,-1
277,2,1341,781,73,167,-1,-1,-1,-1
278,2,1339,776,76,184,-1,-1,-1,-1
279,2,1341,776,76,169,-1,-1,-1,-1
280,2,1337,776,85,157,-1,-1,-1,-1
281,2,1347,776,84,157,-1,-1,-1,-1
282,2,1348,776,87,153,-1,-1,-1,-1
283,2,1351,776,89,150,-1,-1,-1,-1
284,2,1356,777,81,147,-1,-1,-1,-1
285,2,1360,775,80,155,-1,-1,-1,-1
286,2,1363,773,79,157,-1,-1,-1,-1
287,2,1365,773,75,161,-1,-1,-1,-1
288,2,1367,773,76,161,-1,-1,-1,-1
289,2,1368,771,78,162,-1,-1,-1,-1
290,2,1374,768,73,164,-1,-1,-1,-1
291,2,1380,768,68,159,-1,-1,-1,-1
292,2,1377,767,76,173,-1,-1,-1,-1
293,2,1383,766,72,172,-1,-1,-1,-1
294,2,1387,765,69,163,-1,-1,-1,-1
295,2,1388,766,69,145,-1,-1,-1,-1
296,2,1385,763,74,154,-1,-1,-1,-1
297,2,1389,759,75,156,-1,-1,-1,-1
298,2,1389,760,72,156,-1,-1,-1,-1
299,2,1391,758,75,157,-1,-1,-1,-1
300,2,1397,758,70,150,-1,-1,-1,-1
301,2,1399,753,75,157,-1,-1,-1,-1
302,2,1402,754,75,158,-1,-1,-1,-1
303,2,1404,756,75,152,-1,-1,-1,-1
304,2,1406,755,73,149,-1,-1,-1,-1
305,2,1408,755,75,147,-1,-1,-1,-1
306,2,1410,752,73,154,-1,-1,-1,-1
307,2,1412,751,70,139,-1,-1,-1,-1
308,2,1414,751,69,140,-1,-1,-1,-1
309,2,1414,752,69,143,-1,-1,-1,-1
310,2,1415,750,73,151,-1,-1,-1,-1
311,2,1414,745,81,159,-1,-1,-1,-1
312,2,1417,746,81,154,-1,-1,-1,-1
313,2,1415,744,88,157,-1,-1,-1,-1
314,2,1418,744,86,155,-1,-1,-1,-1
315,2,1424,748,84,151,-1,-1,-1,-1
316,2,1427,748,83,152,-1,-1,-1,-1
317,2,1430,749,81,152,-1,-1,-1,-1
318,2,1429,749,86,154,-1,-1,-1,-1
319,2,1435,744,80,147,-1,-1,-1,-1
320,2,1435,746,80,146,-1,-1,-1,-1
321,2,1438,749,78,133,-1,-1,-1,-1
322,2,1434,746,82,143,-1,-1,-1,-1
323,2,1434,747,80,142,-1,-1,-1,-1
324,2,1435,748,80,137,-1,-1,-1,-1
325,2,1436,746,80,137,-1,-1,-1,-1
326,2,1438,746,81,134,-1,-1,-1,-1
327,2,1436,746,76,131,-1,-1,-1,-1
328,2,1436,745,76,136,-1,-1,-1,-1
329,2,1435,745,73,133,-1,-1,-1,-1
330,2,1436,741,76,135,-1,-1,-1,-1
331,2,1435,739,78,139,-1,-1,-1,-1
332,2,1430,737,87,146,-1,-1,-1,-1
333,2,1432,737,84,144,-1,-1,-1,-1
334,2,1429,736,86,142,-1,-1,-1,-1
335,2,1429,738,82,145,-1,-1,-1,-1
336,2,1425,734,89,148,-1,-1,-1,-1
337,2,1429,734,81,144,-1,-1,-1,-1
338,2,1429,733,83,141,-1,-1,-1,-1
339,2,1428,732,87,143,-1,-1,-1,-1
340,2,1433,733,80,136,-1,-1,-1,-1
341,2,1432,732,80,139,-1,-1,-1,-1
342,2,1430,731,81,140,-1,-1,-1,-1
343,2,1426,728,88,150,-1,-1,-1,-1
344,2,1428,729,87,144,-1,-1,-1,-1
345,2,1427,728,89,147,-1,-1,-1,-1
346,2,1427,728,87,144,-1,-1,-1,-1
347,2,1424,727,90,150,-1,-1,-1,-1
348,2,1422,724,91,158,-1,-1,-1,-1
349,2,1423,724,90,161,-1,-1,-1,-1
350,2,1417,723,90,166,-1,-1,-1,-1
351,2,1419,722,92,174,-1,-1,-1,-1
352,2,1413,726,86,159,-1,-1,-1,-1
353,2,1414,726,90,154,-1,-1,-1,-1
354,2,1414,725,88,156,-1,-1,-1,-1
355,2,1416,725,88,155,-1,-1,-1,-1
356,2,1414,724,84,152,-1,-1,-1,-1
357,2,1414,721,91,153,-1,-1,-1,-1
358,2,1412,721,91,154,-1,-1,-1,-1
359,2,1417,721,87,160,-1,-1,-1,-1
360,2,1412,719,94,162,-1,-1,-1,-1
361,2,1412,720,95,163,-1,-1,-1,-1
362,2,1411,720,94,170,-1,-1,-1,-1
363,2,1411,719,94,165,-1,-1,-1,-1
364,2,1410,718,99,166,-1,-1,-1,-1
365,2,1411,714,99,173,-1,-1,-1,-1
366,2,1412,713,97,177,-1,-1,-1,-1
367,2,1408,715,106,172,-1,-1,-1,-1
368,2,1412,714,99,172,-1,-1,-1,-1
369,2,1413,717,96,160,-1,-1,-1,-1
370,2,1415,715,96,167,-1,-1,-1,-1
371,2,1416,717,90,156,-1,-1,-1,-1
372,2,1415,714,94,166,-1,-1,-1,-1
373,2,1415,713,96,168,-1,-1,-1,-1
374,2,1417,712,94,169,-1,-1,-1,-1
375,2,1421,712,91,159,-1,-1,-1,-1
376,2,1421,710,89,158,-1,-1,-1,-1
377,2,1424,709,91,160,-1,-1,-1,-1
378,2,1420,710,92,169,-1,-1,-1,-1
379,2,1424,711,88,154,-1,-1,-1,-1
380,2,1422,712,89,154,-1,-1,-1,-1
381,2,1425,710,86,152,-1,-1,-1,-1
382,2,1425,710,89,155,-1,-1,-1,-1
383,2,1424,711,87,151,-1,-1,-1,-1
384,2,1425,710,87,154,-1,-1,-1,-1
385,2,1422,707,92,172,-1,-1,-1,-1
386,2,1423,707,91,167,-1,-1,-1,-1
387,2,1419,707,93,167,-1,-1,-1,-1
388,2,1418,708,94,164,-1,-1,-1,-1
389,2,1420,707,92,166,-1,-1,-1,-1
390,2,1420,709,89,159,-1,-1,-1,-1
391,2,1418,709,88,164,-1,-1,-1,-1
392,2,1419,708,84,164,-1,-1,-1,-1
393,2,1420,709,82,155,-1,-1,-1,-1
394,2,1418,709,85,152,-1,-1,-1,-1
395,2,1421,709,83,148,-1,-1,-1,-1
396,2,1419,708,87,154,-1,-1,-1,-1
397,2,1422,708,84,157,-1,-1,-1,-1
398,2,1421,705,89,166,-1,-1,-1,-1
399,2,1424,707,80,160,-1,-1,-1,-1
400,2,1423,707,82,168,-1,-1,-1,-1
401,2,1425,707,80,164,-1,-1,-1,-1
402,2,1424,708,82,163,-1,-1,-1,-1
403,2,1419,707,87,180,-1,-1,-1,-1
404,2,1418,708,87,183,-1,-1,-1,-1
405,2,1412,711,97,165,-1,-1,-1,-1
406,2,1414,706,98,196,-1,-1,-1,-1
407,2,1415,713,98,193,-1,-1,-1,-1
408,2,1411,715,100,187,-1,-1,-1,-1
409,2,1409,717,108,181,-1,-1,-1,-1
410,2,1414,716,104,188,-1,-1,-1,-1
411,2,1417,714,105,187,-1,-1,-1,-1
412,2,1419,715,103,188,-1,-1,-1,-1
413,2,1422,720,96,177,-1,-1,-1,-1
414,2,1430,721,93,171,-1,-1,-1,-1
415,2,1428,724,95,174,-1,-1,-1,-1
416,2,1425,722,108,177,-1,-1,-1,-1
417,2,1426,727,95,176,-1,-1,-1,-1
418,2,1424,726,93,170,-1,-1,-1,-1
419,2,1427,727,91,171,-1,-1,-1,-1
420,2,1430,732,93,169,-1,-1,-1,-1
421,2,1425,732,108,176,-1,-1,-1,-1
422,2,1429,738,95,168,-1,-1,-1,-1
423,2,1432,737,98,166,-1,-1,-1,-1
424,2,1437,740,88,159,-1,-1,-1,-1
425,2,1431,745,96,153,-1,-1,-1,-1
426,2,1435,746,86,145,-1,-1,-1,-1
427,2,1433,746,95,150,-1,-1,-1,-1
428,2,1432,750,97,155,-1,-1,-1,-1
429,2,1434,750,95,155,-1,-1,-1,-1
430,2,1439,751,91,141,-1,-1,-1,-1
431,2,1439,751,91,144,-1,-1,-1,-1
432,2,1438,752,90,128,-1,-1,-1,-1
433,2,1437,749,87,130,-1,-1,-1,-1
434,2,1437,752,75,124,-1,-1,-1,-1
435,2,1435,752,79,125,-1,-1,-1,-1
436,2,1432,753,85,125,-1,-1,-1,-1
437,2,1438,743,88,142,-1,-1,-1,-1
438,2,1434,751,94,135,-1,-1,-1,-1
439,2,1438,751,92,130,-1,-1,-1,-1
440,2,1436,753,94,126,-1,-1,-1,-1
441,2,1442,754,89,127,-1,-1,-1,-1
442,2,1438,752,94,146,-1,-1,-1,-1
443,2,1439,752,90,132,-1,-1,-1,-1
444,2,1443,755,90,133,-1,-1,-1,-1
445,2,1437,754,91,129,-1,-1,-1,-1
446,2,1433,757,100,137,-1,-1,-1,-1
447,2,1436,759,87,126,-1,-1,-1,-1
448,2,1438,756,94,130,-1,-1,-1,-1
449,2,1439,755,91,128,-1,-1,-1,-1
450,2,1434,751,100,143,-1,-1,-1,-1
451,2,1434,755,103,137,-1,-1,-1,-1
464,3,1473,756,102,171,-1,-1,-1,-1
465,3,1476,761,97,161,-1,-1,-1,-1
466,3,1468,761,104,159,-1,-1,-1,-1
453,2,1442,754,109,152,-1,-1,-1,-1
454,2,1449,759,98,153,-1,-1,-1,-1
455,2,1448,753,96,147,-1,-1,-1,-1
456,2,1434,751,114,143,-1,-1,-1,-1
457,2,1430,749,104,148,-1,-1,-1,-1
458,2,1426,759,93,139,-1,-1,-1,-1
459,2,1426,758,83,138,-1,-1,-1,-1
460,2,1423,758,105,140,-1,-1,-1,-1
461,2,1434,756,120,149,-1,-1,-1,-1
462,2,1442,751,99,141,-1,-1,-1,-1
463,2,1445,751,87,133,-1,-1,-1,-1
464,2,1447,749,97,141,-1,-1,-1,-1
465,2,1448,748,94,142,-1,-1,-1,-1
466,2,1446,749,97,145,-1,-1,-1,-1
467,2,1449,748,95,147,-1,-1,-1,-1
468,2,1451,747,125,179,-1,-1,-1,-1
469,2,1461,756,111,157,-1,-1,-1,-1
478,5,1441,797,50,101,-1,-1,-1,-1
479,5,1430,793,58,119,-1,-1,-1,-1
480,5,1434,797,55,99,-1,-1,-1,-1
481,5,1436,792,52,100,-1,-1,-1,-1
482,5,1438,793,52,101,-1,-1,-1,-1
476,6,1428,734,130,176,-1,-1,-1,-1
477,6,1438,732,115,170,-1,-1,-1,-1
478,6,1423,737,140,173,-1,-1,-1,-1
479,6,1455,744,99,140,-1,-1,-1,-1
480,6,1448,741,100,122,-1,-1,-1,-1
481,6,1458,735,87,129,-1,-1,-1,-1
482,6,1449,734,106,150,-1,-1,-1,-1
483,6,1451,744,112,163,-1,-1,-1,-1
484,6,1461,729,96,144,-1,-1,-1,-1
485,6,1447,735,97,141,-1,-1,-1,-1
486,6,1445,736,112,169,-1,-1,-1,-1
487,6,1439,726,107,159,-1,-1,-1,-1
488,6,1430,725,127,165,-1,-1,-1,-1
489,6,1430,738,99,144,-1,-1,-1,-1
490,6,1437,749,56,120,-1,-1,-1,-1
491,6,1440,750,58,115,-1,-1,-1,-1
492,7,1436,724,108,161,-1,-1,-1,-1
493,7,1444,727,93,157,-1,-1,-1,-1
494,7,1442,728,94,144,-1,-1,-1,-1
495,7,1440,731,92,140,-1,-1,-1,-1
496,7,1441,728,87,145,-1,-1,-1,-1
497,7,1446,736,74,132,-1,-1,-1,-1
498,7,1448,737,100,164,-1,-1,-1,-1
499,7,1449,727,88,151,-1,-1,-1,-1
505,8,1474,791,92,149,-1,-1,-1,-1
506,8,1470,770,93,163,-1,-1,-1,-1
507,8,1472,783,96,159,-1,-1,-1,-1
508,8,1473,786,92,155,-1,-1,-1,-1
509,8,1476,784,97,160,-1,-1,-1,-1
510,8,1479,793,90,149,-1,-1,-1,-1
511,8,1479,786,91,155,-1,-1,-1,-1
513,9,1463,703,95,161,-1,-1,-1,-1
514,9,1463,700,99,174,-1,-1,-1,-1
515,9,1465,703,97,159,-1,-1,-1,-1
516,9,1465,720,107,189,-1,-1,-1,-1
517,9,1465,704,100,170,-1,-1,-1,-1
518,9,1464,710,99,180,-1,-1,-1,-1
519,9,1464,703,100,171,-1,-1,-1,-1
520,9,1468,701,94,173,-1,-1,-1,-1
521,9,1464,702,102,168,-1,-1,-1,-1
522,9,1466,700,105,171,-1,-1,-1,-1
523,9,1464,702,106,169,-1,-1,-1,-1
524,9,1468,698,99,169,-1,-1,-1,-1
525,9,1466,698,106,168,-1,-1,-1,-1
526,9,1474,699,95,164,-1,-1,-1,-1
527,9,1468,700,102,168,-1,-1,-1,-1
528,9,1468,699,99,163,-1,-1,-1,-1
529,9,1468,699,100,155,-1,-1,-1,-1
530,9,1472,698,96,161,-1,-1,-1,-1
531,9,1474,697,97,170,-1,-1,-1,-1
532,9,1477,699,96,169,-1,-1,-1,-1
533,9,1472,700,93,157,-1,-1,-1,-1
534,9,1473,701,93,158,-1,-1,-1,-1
535,9,1473,699,91,158,-1,-1,-1,-1
536,9,1476,701,90,159,-1,-1,-1,-1
537,9,1470,699,95,156,-1,-1,-1,-1
538,9,1471,700,91,158,-1,-1,-1,-1
539,9,1473,700,91,162,-1,-1,-1,-1
540,9,1475,703,85,151,-1,-1,-1,-1
541,9,1468,704,95,158,-1,-1,-1,-1
542,9,1472,702,90,158,-1,-1,-1,-1
543,9,1471,701,93,159,-1,-1,-1,-1
544,9,1468,702,93,156,-1,-1,-1,-1
545,9,1466,704,91,153,-1,-1,-1,-1
546,9,1462,703,93,155,-1,-1,-1,-1
547,9,1458,704,95,152,-1,-1,-1,-1
548,9,1456,704,93,145,-1,-1,-1,-1
549,9,1457,703,91,149,-1,-1,-1,-1
550,9,1451,704,94,151,-1,-1,-1,-1
551,9,1452,707,89,146,-1,-1,-1,-1
552,9,1448,706,92,147,-1,-1,-1,-1
553,9,1449,709,91,148,-1,-1,-1,-1
554,9,1451,709,89,148,-1,-1,-1,-1
555,9,1444,706,98,148,-1,-1,-1,-1
556,9,1441,711,99,145,-1,-1,-1,-1
557,9,1439,720,98,141,-1,-1,-1,-1
558,9,1442,716,96,149,-1,-1,-1,-1
559,9,1443,718,96,145,-1,-1,-1,-1
560,9,1449,720,92,137,-1,-1,-1,-1
562,9,1450,725,87,138,-1,-1,-1,-1
563,9,1450,725,85,146,-1,-1,-1,-1
564,9,1446,725,89,146,-1,-1,-1,-1
565,9,1441,723,92,137,-1,-1,-1,-1
566,9,1445,729,92,134,-1,-1,-1,-1
567,9,1447,724,93,133,-1,-1,-1,-1
568,9,1446,724,93,140,-1,-1,-1,-1
569,9,1443,725,90,139,-1,-1,-1,-1
570,11,1447,799,87,151,-1,-1,-1,-1
571,11,1441,792,96,157,-1,-1,-1,-1
572,11,1439,792,92,157,-1,-1,-1,-1
573,11,1432,789,96,164,-1,-1,-1,-1
574,11,1434,798,89,151,-1,-1,-1,-1
575,11,1433,802,93,145,-1,-1,-1,-1
576,11,1431,797,96,154,-1,-1,-1,-1
577,11,1425,800,105,150,-1,-1,-1,-1
578,11,1432,798,93,153,-1,-1,-1,-1
196,12,1176,1044,43,31,-1,-1,-1,-1
197,12,1179,1042,45,34,-1,-1,-1,-1
198,12,1186,1038,47,38,-1,-1,-1,-1
199,12,1187,1034,47,44,-1,-1,-1,-1
200,12,1187,1027,47,50,-1,-1,-1,-1
201,12,1190,1024,50,54,-1,-1,-1,-1
202,12,1191,1017,50,61,-1,-1,-1,-1
203,12,1192,1015,52,62,-1,-1,-1,-1
204,12,1190,1017,58,55,-1,-1,-1,-1
205,12,1199,1018,55,58,-1,-1,-1,-1
206,12,1193,1014,65,60,-1,-1,-1,-1
207,12,1210,1010,58,67,-1,-1,-1,-1
208,12,1213,1008,55,70,-1,-1,-1,-1
209,12,1201,1010,67,64,-1,-1,-1,-1
210,12,1204,1000,74,77,-1,-1,-1,-1
211,12,1206,1000,76,76,-1,-1,-1,-1
212,12,1214,996,74,81,-1,-1,-1,-1
213,12,1213,996,81,81,-1,-1,-1,-1
214,12,1215,1002,82,76,-1,-1,-1,-1
215,12,1220,988,84,87,-1,-1,-1,-1
216,12,1230,989,77,90,-1,-1,-1,-1
217,12,1231,984,84,93,-1,-1,-1,-1
218,12,1238,976,82,103,-1,-1,-1,-1
219,12,1239,979,83,98,-1,-1,-1,-1
220,12,1241,975,83,105,-1,-1,-1,-1
221,12,1242,979,85,101,-1,-1,-1,-1
222,12,1244,974,91,103,-1,-1,-1,-1
223,12,1249,965,93,115,-1,-1,-1,-1
224,12,1251,963,98,113,-1,-1,-1,-1
225,12,1250,955,102,125,-1,-1,-1,-1
226,12,1255,954,95,126,-1,-1,-1,-1
227,12,1261,953,92,122,-1,-1,-1,-1
228,12,1262,949,98,131,-1,-1,-1,-1
229,12,1261,951,106,129,-1,-1,-1,-1
230,12,1264,948,104,132,-1,-1,-1,-1
231,12,1263,947,108,131,-1,-1,-1,-1
232,12,1267,946,101,134,-1,-1,-1,-1
233,12,1272,939,104,141,-1,-1,-1,-1
234,12,1287,935,85,137,-1,-1,-1,-1
235,12,1283,935,101,140,-1,-1,-1,-1
236,12,1283,935,98,141,-1,-1,-1,-1
237,12,1285,932,104,145,-1,-1,-1,-1
238,12,1287,934,102,143,-1,-1,-1,-1
239,12,1292,928,98,150,-1,-1,-1,-1
240,12,1289,929,106,147,-1,-1,-1,-1
241,12,1295,919,102,154,-1,-1,-1,-1
242,12,1298,915,100,161,-1,-1,-1,-1
243,12,1301,915,104,161,-1,-1,-1,-1
244,12,1302,914,104,163,-1,-1,-1,-1
245,12,1303,917,111,163,-1,-1,-1,-1
246,12,1313,919,101,159,-1,-1,-1,-1
247,12,1315,906,106,166,-1,-1,-1,-1
248,12,1320,910,102,162,-1,-1,-1,-1
249,12,1325,908,99,163,-1,-1,-1,-1
250,12,1332,907,96,165,-1,-1,-1,-1
251,12,1332,910,98,164,-1,-1,-1,-1
252,12,1331,909,107,167,-1,-1,-1,-1
253,12,1323,908,118,166,-1,-1,-1,-1
254,12,1334,893,113,183,-1,-1,-1,-1
255,12,1344,887,106,183,-1,-1,-1,-1
256,12,1343,888,106,189,-1,-1,-1,-1
257,12,1352,889,98,184,-1,-1,-1,-1
258,12,1353,885,104,193,-1,-1,-1,-1
259,12,1354,886,106,184,-1,-1,-1,-1
260,12,1353,886,104,187,-1,-1,-1,-1
261,12,1360,886,98,190,-1,-1,-1,-1
262,12,1361,885,100,188,-1,-1,-1,-1
263,12,1362,888,103,188,-1,-1,-1,-1
264,12,1361,888,109,183,-1,-1,-1,-1
265,12,1368,875,108,201,-1,-1,-1,-1
266,12,1369,870,111,198,-1,-1,-1,-1
267,12,1370,865,116,201,-1,-1,-1,-1
268,12,1381,865,99,199,-1,-1,-1,-1
269,12,1379,866,98,198,-1,-1,-1,-1
270,12,1380,862,102,205,-1,-1,-1,-1
271,12,1383,865,105,193,-1,-1,-1,-1
272,12,1386,862,98,191,-1,-1,-1,-1
273,12,1394,861,93,187,-1,-1,-1,-1
274,12,1396,851,94,193,-1,-1,-1,-1
275,12,1405,852,90,187,-1,-1,-1,-1
276,12,1406,851,92,186,-1,-1,-1,-1
277,12,1402,853,98,183,-1,-1,-1,-1
278,12,1407,855,98,175,-1,-1,-1,-1
279,12,1408,854,99,176,-1,-1,-1,-1
280,12,1407,850,104,178,-1,-1,-1,-1
281,12,1411,848,99,177,-1,-1,-1,-1
282,12,1420,846,102,177,-1,-1,-1,-1
283,12,1423,846,103,176,-1,-1,-1,-1
284,12,1430,848,94,169,-1,-1,-1,-1
285,12,1433,845,95,168,-1,-1,-1,-1
286,12,1438,847,93,166,-1,-1,-1,-1
287,12,1440,840,94,167,-1,-1,-1,-1
288,12,1445,839,93,166,-1,-1,-1,-1
289,12,1450,839,91,171,-1,-1,-1,-1
290,12,1452,837,89,173,-1,-1,-1,-1
291,12,1456,827,93,181,-1,-1,-1,-1
292,12,1456,826,97,181,-1,-1,-1,-1
293,12,1455,825,103,186,-1,-1,-1,-1
294,12,1461,823,98,187,-1,-1,-1,-1
295,12,1463,830,97,179,-1,-1,-1,-1
296,12,1465,826,99,183,-1,-1,-1,-1
297,12,1468,821,102,190,-1,-1,-1,-1
298,12,1474,819,90,190,-1,-1,-1,-1
299,12,1474,819,93,188,-1,-1,-1,-1
300,12,1474,819,94,186,-1,-1,-1,-1
301,12,1478,818,93,187,-1,-1,-1,-1
302,12,1477,822,99,179,-1,-1,-1,-1
303,12,1478,819,106,185,-1,-1,-1,-1
304,12,1478,818,105,181,-1,-1,-1,-1
305,12,1482,817,105,179,-1,-1,-1,-1
306,12,1491,814,95,176,-1,-1,-1,-1
307,12,1494,814,96,174,-1,-1,-1,-1
308,12,1499,812,91,173,-1,-1,-1,-1
309,12,1502,805,91,177,-1,-1,-1,-1
310,12,1499,800,97,179,-1,-1,-1,-1
311,12,1498,801,101,177,-1,-1,-1,-1
312,12,1502,798,97,174,-1,-1,-1,-1
313,12,1511,805,99,165,-1,-1,-1,-1
314,12,1510,801,98,165,-1,-1,-1,-1
315,12,1510,795,97,171,-1,-1,-1,-1
316,12,1510,796,94,168,-1,-1,-1,-1
317,12,1508,799,98,170,-1,-1,-1,-1
318,12,1515,796,96,167,-1,-1,-1,-1
319,12,1514,794,102,170,-1,-1,-1,-1
320,12,1514,796,106,166,-1,-1,-1,-1
321,12,1517,794,107,163,-1,-1,-1,-1
322,12,1522,796,105,160,-1,-1,-1,-1
323,12,1523,793,104,163,-1,-1,-1,-1
324,12,1534,790,97,162,-1,-1,-1,-1
325,12,1537,790,93,162,-1,-1,-1,-1
326,12,1537,789,95,163,-1,-1,-1,-1
327,12,1537,786,96,167,-1,-1,-1,-1
328,12,1544,773,90,174,-1,-1,-1,-1
329,12,1542,771,88,170,-1,-1,-1,-1
330,12,1547,774,85,170,-1,-1,-1,-1
331,12,1544,773,90,171,-1,-1,-1,-1
332,12,1544,772,91,170,-1,-1,-1,-1
333,12,1550,771,86,172,-1,-1,-1,-1
334,12,1546,769,97,177,-1,-1,-1,-1
335,12,1552,771,90,175,-1,-1,-1,-1
336,12,1553,770,89,174,-1,-1,-1,-1
337,12,1547,770,96,175,-1,-1,-1,-1
338,12,1544,769,96,176,-1,-1,-1,-1
339,12,1548,770,91,175,-1,-1,-1,-1
340,12,1552,766,94,176,-1,-1,-1,-1
341,12,1555,763,93,177,-1,-1,-1,-1
342,12,1550,762,96,177,-1,-1,-1,-1
343,12,1550,757,91,179,-1,-1,-1,-1
344,12,1550,755,93,175,-1,-1,-1,-1
345,12,1546,754,89,172,-1,-1,-1,-1
346,12,1548,746,100,176,-1,-1,-1,-1
347,12,1552,749,102,167,-1,-1,-1,-1
348,12,1557,734,98,175,-1,-1,-1,-1
349,12,1556,748,93,165,-1,-1,-1,-1
350,12,1557,743,95,164,-1,-1,-1,-1
351,12,1565,749,88,157,-1,-1,-1,-1
352,12,1564,745,90,164,-1,-1,-1,-1
353,12,1565,742,88,170,-1,-1,-1,-1
354,12,1562,743,92,167,-1,-1,-1,-1
355,12,1563,743,95,170,-1,-1,-1,-1
356,12,1560,746,91,164,-1,-1,-1,-1
357,12,1564,747,87,164,-1,-1,-1,-1
358,12,1562,737,90,173,-1,-1,-1,-1
359,12,1560,743,96,168,-1,-1,-1,-1
360,12,1561,740,103,170,-1,-1,-1,-1
361,12,1558,745,96,164,-1,-1,-1,-1
362,12,1564,744,105,162,-1,-1,-1,-1
363,12,1564,738,105,168,-1,-1,-1,-1
364,12,1560,737,105,173,-1,-1,-1,-1
365,12,1559,741,107,167,-1,-1,-1,-1
366,12,1557,738,105,170,-1,-1,-1,-1
367,12,1557,737,103,170,-1,-1,-1,-1
368,12,1555,738,104,173,-1,-1,-1,-1
369,12,1557,739,102,170,-1,-1,-1,-1
370,12,1563,738,99,167,-1,-1,-1,-1
371,12,1559,737,100,169,-1,-1,-1,-1
372,12,1562,737,96,170,-1,-1,-1,-1
373,12,1563,739,94,175,-1,-1,-1,-1
374,12,1563,738,94,176,-1,-1,-1,-1
375,12,1560,739,96,170,-1,-1,-1,-1
376,12,1558,734,102,174,-1,-1,-1,-1
377,12,1559,735,103,174,-1,-1,-1,-1
378,12,1558,740,107,173,-1,-1,-1,-1
379,12,1558,741,107,173,-1,-1,-1,-1
380,12,1561,735,101,176,-1,-1,-1,-1
381,12,1562,741,100,170,-1,-1,-1,-1
382,12,1562,736,100,172,-1,-1,-1,-1
383,12,1562,739,101,166,-1,-1,-1,-1
384,12,1564,742,101,159,-1,-1,-1,-1
385,12,1559,744,103,165,-1,-1,-1,-1
386,12,1562,741,95,167,-1,-1,-1,-1
387,12,1560,739,96,168,-1,-1,-1,-1
388,12,1558,744,100,163,-1,-1,-1,-1
389,12,1558,743,99,162,-1,-1,-1,-1
390,12,1555,746,100,160,-1,-1,-1,-1
391,12,1556,745,98,166,-1,-1,-1,-1
392,12,1554,746,96,166,-1,-1,-1,-1
393,12,1553,745,96,166,-1,-1,-1,-1
394,12,1554,748,95,169,-1,-1,-1,-1
395,12,1555,746,93,169,-1,-1,-1,-1
396,12,1556,745,92,170,-1,-1,-1,-1
397,12,1554,748,93,163,-1,-1,-1,-1
398,12,1555,743,93,169,-1,-1,-1,-1
399,12,1555,745,93,172,-1,-1,-1,-1
400,12,1555,744,95,171,-1,-1,-1,-1
401,12,1556,744,94,171,-1,-1,-1,-1
402,12,1558,745,91,169,-1,-1,-1,-1
403,12,1552,739,96,178,-1,-1,-1,-1
404,12,1553,745,94,170,-1,-1,-1,-1
405,12,1552,746,92,171,-1,-1,-1,-1
406,12,1550,744,92,173,-1,-1,-1,-1
407,12,1550,751,94,165,-1,-1,-1,-1
408,12,1555,752,95,165,-1,-1,-1,-1
409,12,1554,752,93,169,-1,-1,-1,-1
410,12,1550,754,92,163,-1,-1,-1,-1
411,12,1553,756,92,162,-1,-1,-1,-1
412,12,1556,754,94,167,-1,-1,-1,-1
413,12,1557,754,92,166,-1,-1,-1,-1
414,12,1556,752,92,168,-1,-1,-1,-1
415,12,1558,750,93,168,-1,-1,-1,-1
416,12,1560,751,87,169,-1,-1,-1,-1
417,12,1557,750,92,167,-1,-1,-1,-1
418,12,1557,749,94,168,-1,-1,-1,-1
419,12,1557,752,92,169,-1,-1,-1,-1
420,12,1555,749,94,168,-1,-1,-1,-1
421,12,1555,751,94,163,-1,-1,-1,-1
422,12,1556,749,94,167,-1,-1,-1,-1
423,12,1557,748,91,169,-1,-1,-1,-1
424,12,1554,750,97,168,-1,-1,-1,-1
425,12,1556,752,94,167,-1,-1,-1,-1
426,12,1554,750,95,170,-1,-1,-1,-1
427,12,1553,749,98,172,-1,-1,-1,-1
428,12,1555,750,96,173,-1,-1,-1,-1
429,12,1556,752,93,175,-1,-1,-1,-1
430,12,1552,750,93,176,-1,-1,-1,-1
431,12,1549,750,93,178,-1,-1,-1,-1
432,12,1547,750,92,179,-1,-1,-1,-1
433,12,1546,754,91,174,-1,-1,-1,-1
434,12,1548,752,90,175,-1,-1,-1,-1
435,12,1544,752,95,177,-1,-1,-1,-1
436,12,1541,750,94,179,-1,-1,-1,-1
437,12,1539,754,95,178,-1,-1,-1,-1
438,12,1540,754,95,179,-1,-1,-1,-1
439,12,1537,755,96,178,-1,-1,-1,-1
440,12,1534,759,100,174,-1,-1,-1,-1
441,12,1533,760,99,174,-1,-1,-1,-1
442,12,1531,760,93,180,-1,-1,-1,-1
443,12,1533,768,92,173,-1,-1,-1,-1
444,12,1535,770,90,169,-1,-1,-1,-1
445,12,1535,768,92,174,-1,-1,-1,-1
446,12,1530,768,92,170,-1,-1,-1,-1
447,12,1528,771,93,171,-1,-1,-1,-1
448,12,1530,771,89,169,-1,-1,-1,-1
449,12,1530,773,86,167,-1,-1,-1,-1
450,12,1528,774,88,169,-1,-1,-1,-1
451,12,1526,771,87,168,-1,-1,-1,-1
452,12,1524,774,87,167,-1,-1,-1,-1
453,12,1525,775,86,164,-1,-1,-1,-1
454,12,1525,776,84,161,-1,-1,-1,-1
455,12,1523,772,80,170,-1,-1,-1,-1
456,12,1520,773,84,166,-1,-1,-1,-1
457,12,1522,775,83,166,-1,-1,-1,-1
458,12,1516,774,88,164,-1,-1,-1,-1
459,12,1513,775,88,164,-1,-1,-1,-1
460,12,1512,774,91,166,-1,-1,-1,-1
461,12,1499,773,102,165,-1,-1,-1,-1
462,12,1503,775,93,160,-1,-1,-1,-1
463,12,1503,776,90,162,-1,-1,-1,-1
464,12,1505,774,93,166,-1,-1,-1,-1
465,12,1511,773,88,167,-1,-1,-1,-1
466,12,1502,774,97,164,-1,-1,-1,-1
467,12,1505,772,92,163,-1,-1,-1,-1
468,12,1494,765,104,170,-1,-1,-1,-1
469,12,1500,770,92,164,-1,-1,-1,-1
470,12,1478,759,111,172,-1,-1,-1,-1
471,12,1492,767,97,160,-1,-1,-1,-1
472,12,1472,757,113,168,-1,-1,-1,-1
473,12,1495,766,89,163,-1,-1,-1,-1
474,12,1467,754,106,161,-1,-1,-1,-1
475,12,1448,753,122,163,-1,-1,-1,-1
476,12,1460,760,121,176,-1,-1,-1,-1
477,12,1464,756,111,174,-1,-1,-1,-1
478,12,1473,771,101,173,-1,-1,-1,-1
479,12,1476,777,103,164,-1,-1,-1,-1
480,12,1472,776,107,165,-1,-1,-1,-1
481,12,1478,776,101,165,-1,-1,-1,-1
482,12,1479,776,97,165,-1,-1,-1,-1
483,12,1471,775,107,172,-1,-1,-1,-1
484,12,1473,771,99,172,-1,-1,-1,-1
485,12,1472,770,100,169,-1,-1,-1,-1
486,12,1473,773,101,166,-1,-1,-1,-1
487,12,1467,763,106,170,-1,-1,-1,-1
488,12,1479,774,93,164,-1,-1,-1,-1
489,12,1478,778,95,161,-1,-1,-1,-1
490,12,1475,775,100,165,-1,-1,-1,-1
491,12,1471,774,100,169,-1,-1,-1,-1
492,12,1466,768,108,167,-1,-1,-1,-1
493,12,1464,766,101,165,-1,-1,-1,-1
494,12,1470,776,98,168,-1,-1,-1,-1
495,12,1474,783,93,158,-1,-1,-1,-1
496,12,1471,779,91,163,-1,-1,-1,-1
497,12,1472,782,92,161,-1,-1,-1,-1
498,12,1471,778,100,165,-1,-1,-1,-1
499,12,1466,781,102,157,-1,-1,-1,-1
500,12,1453,746,103,168,-1,-1,-1,-1
501,12,1462,762,98,174,-1,-1,-1,-1
502,12,1470,797,90,146,-1,-1,-1,-1
503,12,1452,743,101,178,-1,-1,-1,-1
504,12,1454,747,108,182,-1,-1,-1,-1
505,12,1454,722,88,170,-1,-1,-1,-1
506,12,1456,717,86,168,-1,-1,-1,-1
507,12,1456,708,85,177,-1,-1,-1,-1
508,12,1456,710,86,175,-1,-1,-1,-1
509,12,1459,702,86,178,-1,-1,-1,-1
510,12,1460,719,100,176,-1,-1,-1,-1
511,12,1465,704,95,172,-1,-1,-1,-1
512,12,1466,738,104,173,-1,-1,-1,-1
513,12,1467,742,104,181,-1,-1,-1,-1
514,12,1479,780,90,162,-1,-1,-1,-1
515,12,1472,778,101,164,-1,-1,-1,-1
516,12,1475,782,105,161,-1,-1,-1,-1
517,12,1480,776,95,166,-1,-1,-1,-1
518,12,1481,779,95,165,-1,-1,-1,-1
519,12,1482,781,94,162,-1,-1,-1,-1
520,12,1481,780,97,162,-1,-1,-1,-1
521,12,1477,778,101,164,-1,-1,-1,-1
522,12,1478,775,100,165,-1,-1,-1,-1
523,12,1481,774,102,169,-1,-1,-1,-1
524,12,1484,779,102,163,-1,-1,-1,-1
525,12,1486,777,98,165,-1,-1,-1,-1
526,12,1486,780,105,161,-1,-1,-1,-1
527,12,1488,776,97,166,-1,-1,-1,-1
528,12,1484,772,100,169,-1,-1,-1,-1
529,12,1491,773,101,170,-1,-1,-1,-1
530,12,1491,772,98,172,-1,-1,-1,-1
531,12,1494,771,92,168,-1,-1,-1,-1
532,12,1493,762,91,181,-1,-1,-1,-1
533,12,1488,768,101,172,-1,-1,-1,-1
534,12,1475,733,105,189,-1,-1,-1,-1
535,12,1475,766,111,171,-1,-1,-1,-1
536,12,1472,728,110,198,-1,-1,-1,-1
537,12,1491,758,98,180,-1,-1,-1,-1
538,12,1493,763,91,175,-1,-1,-1,-1
539,12,1488,765,94,175,-1,-1,-1,-1
540,12,1489,773,96,167,-1,-1,-1,-1
541,12,1497,766,87,175,-1,-1,-1,-1
542,12,1497,773,87,167,-1,-1,-1,-1
543,12,1489,768,93,172,-1,-1,-1,-1
544,12,1492,769,90,170,-1,-1,-1,-1
545,12,1489,770,95,166,-1,-1,-1,-1
546,12,1493,772,88,163,-1,-1,-1,-1
547,12,1489,771,94,163,-1,-1,-1,-1
548,12,1482,770,95,165,-1,-1,-1,-1
549,12,1468,770,108,170,-1,-1,-1,-1
550,12,1470,771,96,172,-1,-1,-1,-1
551,12,1470,774,96,170,-1,-1,-1,-1
552,12,1469,777,96,168,-1,-1,-1,-1
553,12,1468,774,97,176,-1,-1,-1,-1
554,12,1464,778,98,169,-1,-1,-1,-1
555,12,1468,779,96,165,-1,-1,-1,-1
556,12,1459,775,99,168,-1,-1,-1,-1
557,12,1456,774,97,168,-1,-1,-1,-1
558,12,1457,775,95,168,-1,-1,-1,-1
559,12,1451,773,95,176,-1,-1,-1,-1
560,12,1455,774,96,173,-1,-1,-1,-1
561,12,1445,745,96,168,-1,-1,-1,-1
562,12,1451,771,90,180,-1,-1,-1,-1
563,12,1446,775,90,175,-1,-1,-1,-1
564,12,1447,778,88,175,-1,-1,-1,-1
565,12,1446,781,89,172,-1,-1,-1,-1
566,12,1446,789,88,167,-1,-1,-1,-1
567,12,1449,792,86,160,-1,-1,-1,-1
568,12,1445,795,86,155,-1,-1,-1,-1
569,12,1443,765,93,164,-1,-1,-1,-1
570,12,1434,749,96,164,-1,-1,-1,-1
571,12,1434,735,103,169,-1,-1,-1,-1
572,12,1441,727,95,143,-1,-1,-1,-1
573,12,1438,732,93,138,-1,-1,-1,-1
574,12,1439,729,96,142,-1,-1,-1,-1
575,12,1434,726,112,158,-1,-1,-1,-1
576,12,1435,736,103,158,-1,-1,-1,-1
577,12,1433,742,97,166,-1,-1,-1,-1
578,12,1433,744,97,156,-1,-1,-1,-1
579,12,1431,774,100,158,-1,-1,-1,-1
580,12,1430,765,107,172,-1,-1,-1,-1
581,12,1431,752,108,184,-1,-1,-1,-1
582,12,1431,784,100,160,-1,-1,-1,-1
583,12,1426,762,105,179,-1,-1,-1,-1
584,12,1425,771,110,173,-1,-1,-1,-1
585,12,1426,785,100,165,-1,-1,-1,-1
586,12,1420,758,108,172,-1,-1,-1,-1
587,12,1424,747,96,152,-1,-1,-1,-1
588,12,1421,744,100,164,-1,-1,-1,-1
589,12,1426,775,101,165,-1,-1,-1,-1
590,12,1433,767,89,162,-1,-1,-1,-1
591,12,1433,787,93,157,-1,-1,-1,-1
592,12,1432,788,94,153,-1,-1,-1,-1
593,12,1426,777,99,163,-1,-1,-1,-1
594,12,1426,778,105,156,-1,-1,-1,-1
595,12,1426,781,105,157,-1,-1,-1,-1
596,12,1426,757,105,192,-1,-1,-1,-1
597,12,1432,781,97,165,-1,-1,-1,-1
598,12,1431,767,89,155,-1,-1,-1,-1
599,12,1432,778,97,146,-1,-1,-1,-1
600,12,1433,749,92,152,-1,-1,-1,-1
601,12,1436,734,78,136,-1,-1,-1,-1
602,12,1435,737,79,125,-1,-1,-1,-1
603,12,1437,730,94,137,-1,-1,-1,-1
604,12,1456,730,82,125,-1,-1,-1,-1
629,13,298,61,21,47,-1,-1,-1,-1
630,13,299,61,21,47,-1,-1,-1,-1
631,13,299,61,21,47,-1,-1,-1,-1
632,13,299,59,21,48,-1,-1,-1,-1
633,13,299,59,20,48,-1,-1,-1,-1
634,13,299,60,20,46,-1,-1,-1,-1
635,13,301,60,20,47,-1,-1,-1,-1
636,13,301,60,20,46,-1,-1,-1,-1
637,14,219,79,25,41,-1,-1,-1,-1
638,14,219,79,25,41,-1,-1,-1,-1
639,14,219,79,25,41,-1,-1,-1,-1
640,14,216,80,24,41,-1,-1,-1,-1
642,15,219,79,25,41,-1,-1,-1,-1
643,15,218,79,25,41,-1,-1,-1,-1
644,15,219,79,24,41,-1,-1,-1,-1
645,15,218,79,27,41,-1,-1,-1,-1
646,15,219,79,26,41,-1,-1,-1,-1
756,16,1620,724,71,117,-1,-1,-1,-1
757,16,1619,723,71,119,-1,-1,-1,-1
758,16,1618,726,73,116,-1,-1,-1,-1
759,16,1620,723,71,114,-1,-1,-1,-1
760,16,1619,723,70,122,-1,-1,-1,-1
977,17,1809,679,67,121,-1,-1,-1,-1
978,17,1810,681,66,120,-1,-1,-1,-1
979,17,1806,681,71,121,-1,-1,-1,-1
980,17,1805,681,72,120,-1,-1,-1,-1
988,17,1808,677,68,120,-1,-1,-1,-1
989,17,1808,677,68,122,-1,-1,-1,-1
990,17,1784,671,89,140,-1,-1,-1,-1
991,17,1807,667,72,132,-1,-1,-1,-1
992,17,1782,668,86,143,-1,-1,-1,-1
993,17,1788,668,83,140,-1,-1,-1,-1
994,17,1798,667,81,131,-1,-1,-1,-1
995,17,1797,666,84,132,-1,-1,-1,-1
996,17,1805,670,71,124,-1,-1,-1,-1
997,17,1798,672,81,119,-1,-1,-1,-1
998,17,1806,675,72,116,-1,-1,-1,-1
999,17,1810,672,64,122,-1,-1,-1,-1
1000,17,1804,673,71,120,-1,-1,-1,-1
1032,19,1767,662,67,108,-1,-1,-1,-1
1033,19,1782,651,70,119,-1,-1,-1,-1
1034,19,1767,665,68,100,-1,-1,-1,-1
600,11,1445,802,89,147,-1,-1,-1,-1
601,11,1444,799,84,151,-1,-1,-1,-1
602,11,1449,803,82,143,-1,-1,-1,-1
603,11,1450,803,81,140,-1,-1,-1,-1
604,11,1448,800,82,146,-1,-1,-1,-1
605,11,1444,799,86,147,-1,-1,-1,-1
606,11,1440,798,91,147,-1,-1,-1,-1
607,11,1450,800,81,147,-1,-1,-1,-1
608,11,1445,795,87,152,-1,-1,-1,-1
609,11,1448,798,85,153,-1,-1,-1,-1
610,11,1444,796,86,154,-1,-1,-1,-1
611,11,1447,795,83,156,-1,-1,-1,-1
612,11,1446,794,87,155,-1,-1,-1,-1
613,11,1444,791,91,157,-1,-1,-1,-1
614,11,1447,788,90,160,-1,-1,-1,-1
615,11,1451,789,90,162,-1,-1,-1,-1
616,11,1455,787,87,157,-1,-1,-1,-1
617,11,1452,779,92,168,-1,-1,-1,-1
618,11,1453,779,88,169,-1,-1,-1,-1
619,11,1459,779,87,175,-1,-1,-1,-1
620,11,1454,778,92,178,-1,-1,-1,-1
621,11,1454,781,94,175,-1,-1,-1,-1
622,11,1459,790,93,165,-1,-1,-1,-1
623,11,1453,783,103,166,-1,-1,-1,-1
624,11,1456,776,108,175,-1,-1,-1,-1
625,11,1456,772,106,174,-1,-1,-1,-1
626,11,1463,780,103,169,-1,-1,-1,-1
627,11,1460,770,107,180,-1,-1,-1,-1
628,11,1465,781,105,170,-1,-1,-1,-1
629,11,1471,784,105,172,-1,-1,-1,-1
630,11,1465,789,111,164,-1,-1,-1,-1
631,11,1475,788,101,168,-1,-1,-1,-1
632,11,1465,785,110,167,-1,-1,-1,-1
633,11,1474,781,107,174,-1,-1,-1,-1
634,11,1480,780,102,177,-1,-1,-1,-1
635,11,1482,783,98,172,-1,-1,-1,-1
636,11,1495,779,86,176,-1,-1,-1,-1
637,11,1497,780,90,175,-1,-1,-1,-1
638,11,1493,781,94,174,-1,-1,-1,-1
639,11,1497,779,91,175,-1,-1,-1,-1
640,11,1499,780,91,177,-1,-1,-1,-1
641,11,1505,778,87,174,-1,-1,-1,-1
642,11,1507,774,92,176,-1,-1,-1,-1
643,11,1505,775,91,178,-1,-1,-1,-1
644,11,1503,776,95,174,-1,-1,-1,-1
645,11,1503,773,100,180,-1,-1,-1,-1
646,11,1505,774,94,180,-1,-1,-1,-1
647,11,1505,774,94,181,-1,-1,-1,-1
648,11,1503,772,97,184,-1,-1,-1,-1
649,11,1507,781,93,175,-1,-1,-1,-1
650,11,1507,778,93,176,-1,-1,-1,-1
651,11,1510,779,93,175,-1,-1,-1,-1
652,11,1513,777,92,177,-1,-1,-1,-1
653,11,1514,779,91,176,-1,-1,-1,-1
654,11,1513,777,93,175,-1,-1,-1,-1
655,11,1512,773,96,175,-1,-1,-1,-1
656,11,1513,774,99,172,-1,-1,-1,-1
657,11,1519,774,93,170,-1,-1,-1,-1
658,11,1517,776,95,164,-1,-1,-1,-1
659,11,1518,773,95,164,-1,-1,-1,-1
660,11,1516,772,99,164,-1,-1,-1,-1
661,11,1524,773,93,163,-1,-1,-1,-1
662,11,1527,775,88,157,-1,-1,-1,-1
663,11,1526,774,89,157,-1,-1,-1,-1
664,11,1528,773,88,159,-1,-1,-1,-1
665,11,1526,771,92,160,-1,-1,-1,-1
666,11,1526,771,92,158,-1,-1,-1,-1
667,11,1529,771,93,158,-1,-1,-1,-1
668,11,1530,771,94,161,-1,-1,-1,-1
669,11,1530,765,95,169,-1,-1,-1,-1
670,11,1529,773,99,156,-1,-1,-1,-1
671,11,1530,764,99,167,-1,-1,-1,-1
672,11,1530,765,99,165,-1,-1,-1,-1
673,11,1528,760,99,169,-1,-1,-1,-1
674,11,1532,760,94,166,-1,-1,-1,-1
675,11,1528,770,93,161,-1,-1,-1,-1
676,11,1532,763,97,166,-1,-1,-1,-1
677,11,1532,760,102,163,-1,-1,-1,-1
678,11,1541,757,95,163,-1,-1,-1,-1
679,11,1548,756,88,173,-1,-1,-1,-1
680,11,1547,758,87,172,-1,-1,-1,-1
681,11,1543,756,94,169,-1,-1,-1,-1
682,11,1547,753,94,176,-1,-1,-1,-1
683,11,1547,764,85,169,-1,-1,-1,-1
684,11,1549,750,97,185,-1,-1,-1,-1
685,11,1545,756,96,174,-1,-1,-1,-1
686,11,1549,753,95,178,-1,-1,-1,-1
687,11,1548,750,98,178,-1,-1,-1,-1
688,11,1547,764,90,164,-1,-1,-1,-1
689,11,1546,751,98,174,-1,-1,-1,-1
690,11,1545,751,99,176,-1,-1,-1,-1
691,11,1560,744,89,177,-1,-1,-1,-1
692,11,1548,753,98,171,-1,-1,-1,-1
693,11,1546,749,101,178,-1,-1,-1,-1
694,11,1548,755,93,172,-1,-1,-1,-1
695,11,1546,782,79,142,-1,-1,-1,-1
696,11,1546,770,84,157,-1,-1,-1,-1
697,11,1549,759,91,167,-1,-1,-1,-1
698,11,1544,752,98,165,-1,-1,-1,-1
699,11,1547,753,99,173,-1,-1,-1,-1
700,11,1551,751,97,173,-1,-1,-1,-1
701,11,1542,760,90,165,-1,-1,-1,-1
702,11,1542,755,90,170,-1,-1,-1,-1
703,11,1539,743,94,171,-1,-1,-1,-1
704,11,1538,749,96,170,-1,-1,-1,-1
705,11,1535,735,95,176,-1,-1,-1,-1
706,11,1545,757,95,171,-1,-1,-1,-1
707,11,1549,772,79,152,-1,-1,-1,-1
708,11,1530,742,100,175,-1,-1,-1,-1
709,11,1524,726,103,177,-1,-1,-1,-1
710,11,1561,761,88,162,-1,-1,-1,-1
711,11,1569,755,88,170,-1,-1,-1,-1
712,11,1570,754,86,173,-1,-1,-1,-1
713,11,1571,750,87,174,-1,-1,-1,-1
714,11,1570,758,86,169,-1,-1,-1,-1
715,11,1572,754,87,169,-1,-1,-1,-1
716,11,1569,755,83,173,-1,-1,-1,-1
717,11,1572,754,90,176,-1,-1,-1,-1
718,11,1571,760,87,168,-1,-1,-1,-1
719,11,1578,761,89,165,-1,-1,-1,-1
720,11,1574,764,97,161,-1,-1,-1,-1
721,11,1586,766,89,160,-1,-1,-1,-1
722,11,1590,760,86,168,-1,-1,-1,-1
723,11,1582,759,92,163,-1,-1,-1,-1
724,11,1589,757,94,163,-1,-1,-1,-1
725,11,1588,755,93,163,-1,-1,-1,-1
726,11,1587,754,93,170,-1,-1,-1,-1
727,11,1588,751,90,172,-1,-1,-1,-1
728,11,1584,747,97,179,-1,-1,-1,-1
729,11,1586,746,96,179,-1,-1,-1,-1
730,11,1589,758,94,165,-1,-1,-1,-1
731,11,1593,766,87,156,-1,-1,-1,-1
732,11,1597,768,83,156,-1,-1,-1,-1
733,11,1599,745,99,176,-1,-1,-1,-1
734,11,1605,744,94,176,-1,-1,-1,-1
735,11,1605,746,91,172,-1,-1,-1,-1
736,11,1599,746,94,171,-1,-1,-1,-1
737,11,1598,776,80,140,-1,-1,-1,-1
738,11,1596,746,90,175,-1,-1,-1,-1
739,11,1598,745,94,179,-1,-1,-1,-1
740,11,1602,740,95,182,-1,-1,-1,-1
741,11,1604,736,98,185,-1,-1,-1,-1
742,11,1591,735,117,188,-1,-1,-1,-1
743,11,1592,737,116,188,-1,-1,-1,-1
744,11,1595,738,115,187,-1,-1,-1,-1
745,11,1602,739,105,185,-1,-1,-1,-1
746,11,1606,738,105,182,-1,-1,-1,-1
747,11,1603,739,107,185,-1,-1,-1,-1
748,11,1602,741,108,181,-1,-1,-1,-1
749,11,1606,747,105,170,-1,-1,-1,-1
750,11,1603,744,107,174,-1,-1,-1,-1
751,11,1604,742,100,181,-1,-1,-1,-1
752,11,1604,741,101,186,-1,-1,-1,-1
753,11,1603,734,101,193,-1,-1,-1,-1
754,11,1607,730,94,196,-1,-1,-1,-1
755,11,1608,749,86,177,-1,-1,-1,-1
756,11,1604,722,91,203,-1,-1,-1,-1
757,11,1608,725,94,199,-1,-1,-1,-1
758,11,1607,725,94,205,-1,-1,-1,-1
759,11,1609,719,94,212,-1,-1,-1,-1
760,11,1612,721,87,202,-1,-1,-1,-1
761,11,1609,725,92,208,-1,-1,-1,-1
762,11,1611,724,87,201,-1,-1,-1,-1
763,11,1607,745,94,185,-1,-1,-1,-1
764,11,1611,749,96,181,-1,-1,-1,-1
765,11,1610,746,95,183,-1,-1,-1,-1
766,11,1610,746,91,182,-1,-1,-1,-1
767,11,1607,737,99,190,-1,-1,-1,-1
768,11,1606,738,96,188,-1,-1,-1,-1
769,11,1606,742,100,186,-1,-1,-1,-1
770,11,1606,748,96,180,-1,-1,-1,-1
771,11,1602,747,100,182,-1,-1,-1,-1
772,11,1600,742,102,187,-1,-1,-1,-1
773,11,1599,740,99,189,-1,-1,-1,-1
774,11,1602,744,103,182,-1,-1,-1,-1
775,11,1605,743,100,182,-1,-1,-1,-1
776,11,1603,743,102,182,-1,-1,-1,-1
777,11,1604,744,100,182,-1,-1,-1,-1
778,11,1605,739,99,186,-1,-1,-1,-1
779,11,1605,735,97,191,-1,-1,-1,-1
780,11,1606,730,99,197,-1,-1,-1,-1
781,11,1613,737,93,186,-1,-1,-1,-1
782,11,1610,729,94,200,-1,-1,-1,-1
783,11,1602,730,101,200,-1,-1,-1,-1
784,11,1610,731,91,195,-1,-1,-1,-1
785,11,1609,733,93,193,-1,-1,-1,-1
786,11,1606,728,97,202,-1,-1,-1,-1
787,11,1605,739,98,188,-1,-1,-1,-1
788,11,1604,741,96,186,-1,-1,-1,-1
789,11,1602,742,100,183,-1,-1,-1,-1
790,11,1600,742,100,182,-1,-1,-1,-1
791,11,1597,741,104,183,-1,-1,-1,-1
792,11,1600,743,103,182,-1,-1,-1,-1
793,11,1595,746,105,177,-1,-1,-1,-1
794,11,1601,746,104,177,-1,-1,-1,-1
795,11,1602,746,101,178,-1,-1,-1,-1
796,11,1602,746,99,179,-1,-1,-1,-1
797,11,1597,745,102,178,-1,-1,-1,-1
798,11,1606,743,97,182,-1,-1,-1,-1
799,11,1597,742,104,181,-1,-1,-1,-1
800,11,1598,741,109,182,-1,-1,-1,-1
801,11,1595,739,109,188,-1,-1,-1,-1
802,11,1602,741,104,180,-1,-1,-1,-1
803,11,1605,743,102,176,-1,-1,-1,-1
804,11,1605,740,102,182,-1,-1,-1,-1
805,11,1599,735,106,190,-1,-1,-1,-1
806,11,1598,735,103,190,-1,-1,-1,-1
807,11,1605,740,99,187,-1,-1,-1,-1
808,11,1601,744,104,181,-1,-1,-1,-1
809,11,1599,743,105,182,-1,-1,-1,-1
810,11,1600,745,101,181,-1,-1,-1,-1
811,11,1603,738,100,187,-1,-1,-1,-1
812,11,1597,743,109,182,-1,-1,-1,-1
813,11,1589,740,117,184,-1,-1,-1,-1
814,11,1593,738,110,187,-1,-1,-1,-1
815,11,1603,738,105,178,-1,-1,-1,-1
816,11,1593,734,110,189,-1,-1,-1,-1
817,11,1594,742,111,178,-1,-1,-1,-1
818,11,1596,741,111,181,-1,-1,-1,-1
819,11,1599,743,107,178,-1,-1,-1,-1
820,11,1591,743,120,178,-1,-1,-1,-1
821,11,1591,744,119,178,-1,-1,-1,-1
822,11,1592,744,116,179,-1,-1,-1,-1
823,11,1590,741,118,183,-1,-1,-1,-1
824,11,1597,741,112,179,-1,-1,-1,-1
825,11,1597,738,110,185,-1,-1,-1,-1
826,11,1601,738,106,183,-1,-1,-1,-1
827,11,1609,742,95,183,-1,-1,-1,-1
828,11,1609,741,97,183,-1,-1,-1,-1
829,11,1604,741,107,182,-1,-1,-1,-1
830,11,1610,741,101,183,-1,-1,-1,-1
831,11,1600,736,107,190,-1,-1,-1,-1
832,11,1607,744,105,180,-1,-1,-1,-1
833,11,1612,748,97,176,-1,-1,-1,-1
834,11,1611,745,97,182,-1,-1,-1,-1
835,11,1608,748,99,175,-1,-1,-1,-1
836,11,1612,748,94,179,-1,-1,-1,-1
837,11,1609,749,101,173,-1,-1,-1,-1
838,11,1609,748,109,172,-1,-1,-1,-1
839,11,1619,747,105,172,-1,-1,-1,-1
840,11,1610,752,108,168,-1,-1,-1,-1
841,11,1610,754,114,172,-1,-1,-1,-1
842,11,1621,751,99,173,-1,-1,-1,-1
843,11,1630,755,95,166,-1,-1,-1,-1
844,11,1620,754,110,170,-1,-1,-1,-1
845,11,1625,750,99,177,-1,-1,-1,-1
846,11,1625,751,107,174,-1,-1,-1,-1
847,11,1629,754,109,171,-1,-1,-1,-1
848,11,1622,744,112,188,-1,-1,-1,-1
849,11,1618,742,116,185,-1,-1,-1,-1
850,11,1617,746,123,182,-1,-1,-1,-1
851,11,1624,748,121,179,-1,-1,-1,-1
852,11,1618,742,126,184,-1,-1,-1,-1
853,11,1628,749,122,177,-1,-1,-1,-1
854,11,1636,743,116,185,-1,-1,-1,-1
855,11,1640,751,110,177,-1,-1,-1,-1
856,11,1636,748,119,178,-1,-1,-1,-1
857,11,1645,752,109,177,-1,-1,-1,-1
858,11,1651,747,103,182,-1,-1,-1,-1
859,11,1653,747,101,184,-1,-1,-1,-1
860,11,1660,749,100,182,-1,-1,-1,-1
861,11,1655,751,106,178,-1,-1,-1,-1
862,11,1654,749,104,179,-1,-1,-1,-1
863,11,1659,751,100,178,-1,-1,-1,-1
864,11,1650,748,109,178,-1,-1,-1,-1
865,11,1653,752,108,174,-1,-1,-1,-1
866,11,1655,750,106,179,-1,-1,-1,-1
867,11,1659,751,106,173,-1,-1,-1,-1
868,11,1665,749,100,172,-1,-1,-1,-1
869,11,1681,750,89,161,-1,-1,-1,-1
870,11,1668,750,105,165,-1,-1,-1,-1
871,11,1671,750,101,165,-1,-1,-1,-1
872,11,1668,753,111,164,-1,-1,-1,-1
873,11,1695,749,89,157,-1,-1,-1,-1
874,11,1684,739,99,172,-1,-1,-1,-1
875,11,1691,746,94,163,-1,-1,-1,-1
876,11,1698,747,88,150,-1,-1,-1,-1
877,11,1696,744,89,159,-1,-1,-1,-1
878,11,1695,745,91,164,-1,-1,-1,-1
879,11,1694,743,97,162,-1,-1,-1,-1
880,11,1697,735,95,172,-1,-1,-1,-1
881,11,1703,739,95,165,-1,-1,-1,-1
882,11,1705,739,94,165,-1,-1,-1,-1
883,11,1705,741,93,159,-1,-1,-1,-1
884,11,1702,743,99,154,-1,-1,-1,-1
885,11,1705,737,96,162,-1,-1,-1,-1
886,11,1701,743,101,154,-1,-1,-1,-1
887,11,1697,745,104,152,-1,-1,-1,-1
888,11,1698,740,109,159,-1,-1,-1,-1
889,11,1719,732,92,165,-1,-1,-1,-1
890,11,1726,738,86,156,-1,-1,-1,-1
891,11,1722,741,89,155,-1,-1,-1,-1
892,11,1731,736,84,159,-1,-1,-1,-1
893,11,1728,729,91,165,-1,-1,-1,-1
894,11,1728,727,96,165,-1,-1,-1,-1
895,11,1727,730,99,162,-1,-1,-1,-1
896,11,1732,732,96,161,-1,-1,-1,-1
897,11,1737,730,93,159,-1,-1,-1,-1
898,11,1734,734,90,159,-1,-1,-1,-1
899,11,1737,733,90,155,-1,-1,-1,-1
900,11,1738,735,90,157,-1,-1,-1,-1
901,11,1740,726,88,167,-1,-1,-1,-1
902,11,1744,726,90,165,-1,-1,-1,-1
903,11,1745,726,89,165,-1,-1,-1,-1
904,11,1748,723,89,169,-1,-1,-1,-1
905,11,1751,723,87,168,-1,-1,-1,-1
906,11,1752,721,85,168,-1,-1,-1,-1
907,11,1750,717,85,170,-1,-1,-1,-1
908,11,1751,710,84,177,-1,-1,-1,-1
909,11,1750,708,85,173,-1,-1,-1,-1
910,11,1751,707,85,173,-1,-1,-1,-1
911,11,1754,703,84,173,-1,-1,-1,-1
912,11,1753,700,80,172,-1,-1,-1,-1
913,11,1756,704,84,159,-1,-1,-1,-1
914,11,1757,702,83,160,-1,-1,-1,-1
915,11,1757,703,81,158,-1,-1,-1,-1
916,11,1757,700,83,160,-1,-1,-1,-1
917,11,1758,697,82,162,-1,-1,-1,-1
918,11,1760,702,80,151,-1,-1,-1,-1
919,11,1763,694,80,157,-1,-1,-1,-1
920,11,1760,694,83,158,-1,-1,-1,-1
921,11,1757,697,85,152,-1,-1,-1,-1
922,11,1761,685,84,168,-1,-1,-1,-1
923,11,1758,695,87,160,-1,-1,-1,-1
924,11,1756,685,84,168,-1,-1,-1,-1
925,11,1763,699,78,154,-1,-1,-1,-1
926,11,1764,702,79,146,-1,-1,-1,-1
927,11,1763,716,76,134,-1,-1,-1,-1
928,11,1764,714,77,136,-1,-1,-1,-1
929,11,1763,705,79,146,-1,-1,-1,-1
930,11,1764,697,81,154,-1,-1,-1,-1
931,11,1772,693,80,153,-1,-1,-1,-1
932,11,1771,691,82,156,-1,-1,-1,-1
933,11,1774,693,81,156,-1,-1,-1,-1
934,11,1771,691,83,156,-1,-1,-1,-1
935,11,1774,691,79,155,-1,-1,-1,-1
936,11,1776,691,81,152,-1,-1,-1,-1
937,11,1778,692,80,151,-1,-1,-1,-1
938,11,1779,692,80,152,-1,-1,-1,-1
939,11,1779,689,81,155,-1,-1,-1,-1
940,11,1781,692,77,154,-1,-1,-1,-1
941,11,1781,692,81,155,-1,-1,-1,-1
942,11,1780,691,79,155,-1,-1,-1,-1
943,11,1776,684,83,162,-1,-1,-1,-1
944,11,1774,680,84,161,-1,-1,-1,-1
945,11,1774,676,88,168,-1,-1,-1,-1
946,11,1776,681,91,166,-1,-1,-1,-1
947,11,1784,686,82,158,-1,-1,-1,-1
948,11,1785,694,75,149,-1,-1,-1,-1
949,11,1787,691,81,153,-1,-1,-1,-1
950,11,1779,686,86,161,-1,-1,-1,-1
951,11,1769,670,84,177,-1,-1,-1,-1
952,11,1770,669,89,175,-1,-1,-1,-1
953,11,1774,687,96,163,-1,-1,-1,-1
954,11,1774,678,96,173,-1,-1,-1,-1
955,11,1780,692,92,155,-1,-1,-1,-1
956,11,1772,678,97,172,-1,-1,-1,-1
957,11,1770,679,95,169,-1,-1,-1,-1
958,11,1773,679,88,171,-1,-1,-1,-1
959,11,1775,679,89,169,-1,-1,-1,-1
960,11,1773,688,92,160,-1,-1,-1,-1
961,11,1767,674,88,176,-1,-1,-1,-1
962,11,1768,664,84,178,-1,-1,-1,-1
963,11,1771,679,91,167,-1,-1,-1,-1
964,11,1771,666,80,176,-1,-1,-1,-1
965,11,1769,656,80,186,-1,-1,-1,-1
966,11,1769,664,83,185,-1,-1,-1,-1
967,11,1762,657,85,189,-1,-1,-1,-1
968,11,1764,664,88,185,-1,-1,-1,-1
969,11,1764,662,87,186,-1,-1,-1,-1
970,11,1761,663,89,184,-1,-1,-1,-1
971,11,1763,668,91,181,-1,-1,-1,-1
972,11,1763,678,90,167,-1,-1,-1,-1
973,11,1766,681,89,164,-1,-1,-1,-1
974,11,1766,676,91,171,-1,-1,-1,-1
975,11,1764,679,89,171,-1,-1,-1,-1
976,11,1766,680,83,168,-1,-1,-1,-1
977,11,1767,692,69,152,-1,-1,-1,-1
978,11,1767,698,71,147,-1,-1,-1,-1
979,11,1764,695,76,148,-1,-1,-1,-1
980,11,1767,683,90,157,-1,-1,-1,-1
981,11,1768,680,93,165,-1,-1,-1,-1
982,11,1773,681,91,163,-1,-1,-1,-1
983,11,1775,680,85,163,-1,-1,-1,-1
984,11,1779,684,86,148,-1,-1,-1,-1
985,11,1773,682,92,145,-1,-1,-1,-1
986,11,1767,679,94,146,-1,-1,-1,-1
987,11,1765,681,88,136,-1,-1,-1,-1
988,11,1769,687,65,132,-1,-1,-1,-1
989,11,1768,688,67,138,-1,-1,-1,-1
990,11,1773,683,67,144,-1,-1,-1,-1
991,11,1770,698,60,129,-1,-1,-1,-1
992,11,1770,691,68,137,-1,-1,-1,-1
993,11,1771,682,68,142,-1,-1,-1,-1
994,11,1771,689,65,136,-1,-1,-1,-1
995,11,1771,681,66,143,-1,-1,-1,-1
996,11,1771,688,60,135,-1,-1,-1,-1
997,11,1772,682,72,139,-1,-1,-1,-1
998,11,1769,688,62,135,-1,-1,-1,-1
999,11,1770,689,62,131,-1,-1,-1,-1
1000,11,1771,679,60,140,-1,-1,-1,-1
1001,11,1770,671,76,153,-1,-1,-1,-1
1002,11,1774,668,86,155,-1,-1,-1,-1
1003,11,1775,673,80,151,-1,-1,-1,-1
1004,11,1772,671,81,154,-1,-1,-1,-1
1005,11,1773,668,83,156,-1,-1,-1,-1
1006,11,1775,668,85,151,-1,-1,-1,-1
1007,11,1779,662,86,156,-1,-1,-1,-1
1008,11,1777,664,85,157,-1,-1,-1,-1
1009,11,1770,668,80,145,-1,-1,-1,-1
1010,11,1775,658,90,153,-1,-1,-1,-1
1011,11,1776,654,88,157,-1,-1,-1,-1
1012,11,1769,661,81,149,-1,-1,-1,-1
1013,11,1770,660,87,141,-1,-1,-1,-1
1014,11,1775,653,90,142,-1,-1,-1,-1
1015,11,1772,659,85,131,-1,-1,-1,-1
1016,11,1769,657,88,128,-1,-1,-1,-1
1017,11,1765,657,92,119,-1,-1,-1,-1
1018,11,1768,662,68,108,-1,-1,-1,-1
1019,11,1776,649,95,134,-1,-1,-1,-1
1020,11,1793,648,86,144,-1,-1,-1,-1
1021,11,1799,648,73,139,-1,-1,-1,-1
1022,11,1799,647,75,139,-1,-1,-1,-1
1023,11,1794,647,80,140,-1,-1,-1,-1
1024,11,1799,646,77,144,-1,-1,-1,-1
1025,11,1784,648,88,137,-1,-1,-1,-1
1026,11,1782,647,87,133,-1,-1,-1,-1
1027,11,1787,647,89,141,-1,-1,-1,-1
1028,11,1791,643,85,145,-1,-1,-1,-1
1029,11,1788,644,89,141,-1,-1,-1,-1
1030,11,1793,644,83,140,-1,-1,-1,-1
1031,11,1776,644,100,140,-1,-1,-1,-1
1032,11,1775,644,100,139,-1,-1,-1,-1
1033,11,1803,644,75,142,-1,-1,-1,-1
1034,11,1770,646,98,133,-1,-1,-1,-1
1035,11,1775,645,98,134,-1,-1,-1,-1
1036,11,1787,644,86,134,-1,-1,-1,-1
1037,11,1783,649,85,117,-1,-1,-1,-1
1038,11,1784,650,79,118,-1,-1,-1,-1
1039,11,1774,654,83,115,-1,-1,-1,-1
1040,11,1774,657,74,110,-1,-1,-1,-1
1048,19,1774,661,66,111,-1,-1,-1,-1
1049,19,1771,665,72,107,-1,-1,-1,-1
1050,19,1772,664,72,107,-1,-1,-1,-1
1051,19,1773,667,69,102,-1,-1,-1,-1
1052,19,1770,669,72,103,-1,-1,-1,-1
1053,19,1772,664,71,105,-1,-1,-1,-1
1054,19,1769,668,64,100,-1,-1,-1,-1
1055,19,1771,667,62,102,-1,-1,-1,-1
1056,19,1768,668,54,108,-1,-1,-1,-1
1057,19,1766,671,52,109,-1,-1,-1,-1
1058,19,1769,668,52,106,-1,-1,-1,-1
1059,19,1767,670,55,109,-1,-1,-1,-1
1060,19,1765,671,53,101,-1,-1,-1,-1
1061,19,1765,671,57,99,-1,-1,-1,-1
1062,19,1765,670,60,99,-1,-1,-1,-1
1063,19,1763,673,58,101,-1,-1,-1,-1
1064,19,1768,666,54,108,-1,-1,-1,-1
1065,19,1761,670,57,97,-1,-1,-1,-1
1066,19,1764,672,58,101,-1,-1,-1,-1
1068,19,1765,669,53,103,-1,-1,-1,-1
1069,19,1768,663,47,106,-1,-1,-1,-1
1070,19,1764,668,52,104,-1,-1,-1,-1
1073,23,1767,691,52,78,-1,-1,-1,-1
1074,23,1783,696,50,78,-1,-1,-1,-1
1075,23,1771,699,52,71,-1,-1,-1,-1
1076,23,1774,700,52,72,-1,-1,-1,-1
1077,23,1773,698,54,72,-1,-1,-1,-1
1078,23,1775,701,54,72,-1,-1,-1,-1
1080,23,1773,700,57,71,-1,-1,-1,-1
1081,23,1770,696,50,77,-1,-1,-1,-1
1082,23,1770,699,51,76,-1,-1,-1,-1
1083,23,1772,696,55,76,-1,-1,-1,-1
1084,23,1770,693,57,80,-1,-1,-1,-1
1085,23,1776,697,54,74,-1,-1,-1,-1
1086,23,1773,698,58,81,-1,-1,-1,-1
1087,23,1779,701,56,73,-1,-1,-1,-1
1109,17,1803,678,64,115,-1,-1,-1,-1
1110,17,1808,683,53,106,-1,-1,-1,-1
1111,17,1809,679,55,115,-1,-1,-1,-1
1112,17,1805,680,56,114,-1,-1,-1,-1
1113,17,1804,677,56,115,-1,-1,-1,-1
604,6,1440,753,57,113,-1,-1,-1,-1
605,6,1439,750,55,119,-1,-1,-1,-1
606,6,1440,732,92,141,-1,-1,-1,-1
607,6,1439,731,88,145,-1,-1,-1,-1
608,6,1437,727,98,141,-1,-1,-1,-1
609,6,1431,724,101,140,-1,-1,-1,-1
610,6,1430,720,109,136,-1,-1,-1,-1
611,6,1430,719,105,136,-1,-1,-1,-1
612,6,1427,728,104,129,-1,-1,-1,-1
613,6,1427,731,93,127,-1,-1,-1,-1
614,6,1427,728,96,131,-1,-1,-1,-1
615,6,1427,719,99,142,-1,-1,-1,-1
616,6,1421,717,111,149,-1,-1,-1,-1
617,6,1420,717,100,149,-1,-1,-1,-1
618,6,1420,714,100,151,-1,-1,-1,-1
619,6,1414,716,101,148,-1,-1,-1,-1
620,6,1409,711,102,153,-1,-1,-1,-1
621,6,1415,711,92,147,-1,-1,-1,-1
622,6,1412,712,93,148,-1,-1,-1,-1
623,6,1408,709,97,148,-1,-1,-1,-1
624,6,1409,710,92,149,-1,-1,-1,-1
625,6,1412,708,92,152,-1,-1,-1,-1
626,6,1417,706,90,155,-1,-1,-1,-1
627,6,1406,708,97,155,-1,-1,-1,-1
628,6,1410,707,96,156,-1,-1,-1,-1
629,6,1411,708,92,156,-1,-1,-1,-1
630,6,1411,709,92,157,-1,-1,-1,-1
631,6,1412,706,96,163,-1,-1,-1,-1
632,6,1411,707,96,161,-1,-1,-1,-1
633,6,1410,707,96,160,-1,-1,-1,-1
634,6,1413,708,87,157,-1,-1,-1,-1
635,6,1410,710,89,159,-1,-1,-1,-1
636,6,1409,711,91,160,-1,-1,-1,-1
637,6,1413,710,86,159,-1,-1,-1,-1
638,6,1411,711,88,156,-1,-1,-1,-1
639,6,1413,713,86,153,-1,-1,-1,-1
640,6,1413,716,84,150,-1,-1,-1,-1
641,6,1413,715,84,151,-1,-1,-1,-1
642,6,1416,715,80,153,-1,-1,-1,-1
643,6,1416,715,79,157,-1,-1,-1,-1
644,6,1416,714,80,156,-1,-1,-1,-1
645,6,1417,713,80,162,-1,-1,-1,-1
646,6,1417,714,81,154,-1,-1,-1,-1
647,6,1415,715,80,157,-1,-1,-1,-1
648,6,1416,716,76,153,-1,-1,-1,-1
649,6,1416,715,77,155,-1,-1,-1,-1
650,6,1414,715,81,157,-1,-1,-1,-1
651,6,1413,715,80,155,-1,-1,-1,-1
652,6,1412,713,88,165,-1,-1,-1,-1
653,6,1415,717,75,155,-1,-1,-1,-1
654,6,1414,717,73,146,-1,-1,-1,-1
655,6,1415,718,70,145,-1,-1,-1,-1
656,6,1416,721,70,145,-1,-1,-1,-1
657,6,1414,722,70,145,-1,-1,-1,-1
658,6,1412,723,72,148,-1,-1,-1,-1
659,6,1412,724,75,150,-1,-1,-1,-1
660,6,1410,724,75,154,-1,-1,-1,-1
661,6,1411,724,79,153,-1,-1,-1,-1
662,6,1413,724,78,153,-1,-1,-1,-1
663,6,1413,726,78,150,-1,-1,-1,-1
664,6,1412,726,76,152,-1,-1,-1,-1
665,6,1412,724,76,155,-1,-1,-1,-1
666,6,1412,722,79,160,-1,-1,-1,-1
667,6,1409,724,86,161,-1,-1,-1,-1
668,6,1414,726,75,159,-1,-1,-1,-1
669,6,1412,725,80,160,-1,-1,-1,-1
670,6,1415,725,78,161,-1,-1,-1,-1
671,6,1415,726,79,159,-1,-1,-1,-1
672,6,1415,727,80,161,-1,-1,-1,-1
673,6,1422,727,78,162,-1,-1,-1,-1
674,6,1420,726,87,164,-1,-1,-1,-1
675,6,1419,726,92,161,-1,-1,-1,-1
676,6,1430,724,90,162,-1,-1,-1,-1
677,6,1426,722,92,166,-1,-1,-1,-1
678,6,1429,722,87,164,-1,-1,-1,-1
679,6,1427,722,90,164,-1,-1,-1,-1
680,6,1429,720,98,168,-1,-1,-1,-1
681,6,1429,719,102,171,-1,-1,-1,-1
682,6,1433,721,102,169,-1,-1,-1,-1
683,6,1438,721,99,171,-1,-1,-1,-1
684,6,1438,723,102,169,-1,-1,-1,-1
685,6,1439,724,99,167,-1,-1,-1,-1
686,6,1444,726,95,167,-1,-1,-1,-1
687,6,1445,726,94,163,-1,-1,-1,-1
688,6,1453,725,104,169,-1,-1,-1,-1
689,6,1441,725,111,166,-1,-1,-1,-1
690,6,1456,720,107,173,-1,-1,-1,-1
691,6,1455,728,97,163,-1,-1,-1,-1
692,6,1457,725,95,171,-1,-1,-1,-1
693,6,1458,724,99,175,-1,-1,-1,-1
694,6,1464,727,92,167,-1,-1,-1,-1
695,6,1463,728,95,166,-1,-1,-1,-1
696,6,1469,728,88,166,-1,-1,-1,-1
697,6,1466,729,95,165,-1,-1,-1,-1
698,6,1471,731,88,162,-1,-1,-1,-1
699,6,1474,731,82,161,-1,-1,-1,-1
700,6,1476,725,92,170,-1,-1,-1,-1
701,6,1478,723,88,174,-1,-1,-1,-1
702,6,1476,726,93,167,-1,-1,-1,-1
703,6,1476,725,93,167,-1,-1,-1,-1
704,6,1475,724,98,168,-1,-1,-1,-1
705,6,1475,725,98,167,-1,-1,-1,-1
706,6,1477,725,95,167,-1,-1,-1,-1
707,6,1475,719,116,176,-1,-1,-1,-1
708,6,1481,720,117,174,-1,-1,-1,-1
709,6,1488,722,93,174,-1,-1,-1,-1
710,6,1489,723,85,168,-1,-1,-1,-1
711,6,1486,721,89,172,-1,-1,-1,-1
712,6,1485,720,88,169,-1,-1,-1,-1
713,6,1484,719,104,173,-1,-1,-1,-1
714,6,1484,718,102,166,-1,-1,-1,-1
715,6,1485,717,106,175,-1,-1,-1,-1
716,6,1485,718,101,173,-1,-1,-1,-1
717,6,1492,720,96,170,-1,-1,-1,-1
718,6,1490,722,91,172,-1,-1,-1,-1
719,6,1487,718,99,156,-1,-1,-1,-1
720,6,1490,719,96,154,-1,-1,-1,-1
721,6,1492,724,83,140,-1,-1,-1,-1
722,6,1495,724,87,145,-1,-1,-1,-1
723,6,1492,722,97,149,-1,-1,-1,-1
724,6,1482,717,108,166,-1,-1,-1,-1
725,6,1484,718,108,165,-1,-1,-1,-1
726,6,1480,718,110,163,-1,-1,-1,-1
727,6,1489,718,101,162,-1,-1,-1,-1
728,6,1482,717,110,165,-1,-1,-1,-1
729,6,1495,720,100,159,-1,-1,-1,-1
730,6,1497,717,97,165,-1,-1,-1,-1
731,6,1500,715,98,165,-1,-1,-1,-1
732,6,1497,716,108,166,-1,-1,-1,-1
733,6,1506,716,98,161,-1,-1,-1,-1
734,6,1516,720,92,159,-1,-1,-1,-1
735,6,1517,717,98,162,-1,-1,-1,-1
736,6,1514,722,102,153,-1,-1,-1,-1
737,6,1513,721,97,156,-1,-1,-1,-1
738,6,1515,721,99,157,-1,-1,-1,-1
739,6,1516,720,97,158,-1,-1,-1,-1
740,6,1511,718,96,159,-1,-1,-1,-1
741,6,1504,711,109,171,-1,-1,-1,-1
742,6,1499,713,117,171,-1,-1,-1,-1
743,6,1504,703,116,183,-1,-1,-1,-1
744,6,1492,709,116,175,-1,-1,-1,-1
745,6,1500,703,114,181,-1,-1,-1,-1
746,6,1500,705,112,179,-1,-1,-1,-1
747,6,1491,711,116,170,-1,-1,-1,-1
748,6,1484,715,117,165,-1,-1,-1,-1
749,6,1493,710,116,167,-1,-1,-1,-1
750,6,1496,715,109,162,-1,-1,-1,-1
751,6,1496,714,117,163,-1,-1,-1,-1
752,6,1500,705,122,177,-1,-1,-1,-1
753,6,1500,709,118,170,-1,-1,-1,-1
754,6,1507,709,117,169,-1,-1,-1,-1
755,6,1509,709,113,167,-1,-1,-1,-1
756,6,1508,706,114,162,-1,-1,-1,-1
757,6,1505,705,106,167,-1,-1,-1,-1
758,6,1505,711,102,152,-1,-1,-1,-1
759,6,1509,717,102,149,-1,-1,-1,-1
760,6,1511,712,101,160,-1,-1,-1,-1
761,6,1509,711,97,160,-1,-1,-1,-1
762,6,1498,710,117,160,-1,-1,-1,-1
763,6,1499,710,110,166,-1,-1,-1,-1
764,6,1500,714,109,163,-1,-1,-1,-1
765,6,1509,719,97,150,-1,-1,-1,-1
766,6,1511,712,106,166,-1,-1,-1,-1
767,6,1509,715,124,167,-1,-1,-1,-1
768,6,1500,714,120,165,-1,-1,-1,-1
769,6,1506,717,135,165,-1,-1,-1,-1
770,6,1504,706,121,183,-1,-1,-1,-1
771,6,1506,716,97,169,-1,-1,-1,-1
772,6,1507,712,104,171,-1,-1,-1,-1
773,6,1510,712,109,171,-1,-1,-1,-1
774,6,1509,713,114,171,-1,-1,-1,-1
775,6,1514,721,110,163,-1,-1,-1,-1
776,6,1513,723,115,154,-1,-1,-1,-1
777,6,1512,722,105,159,-1,-1,-1,-1
778,6,1514,725,97,156,-1,-1,-1,-1
779,6,1514,720,97,168,-1,-1,-1,-1
780,6,1505,722,105,162,-1,-1,-1,-1
781,6,1511,723,100,161,-1,-1,-1,-1
782,6,1508,717,96,170,-1,-1,-1,-1
783,6,1509,716,95,172,-1,-1,-1,-1
784,6,1509,720,95,166,-1,-1,-1,-1
785,6,1510,719,95,166,-1,-1,-1,-1
786,6,1506,720,94,163,-1,-1,-1,-1
787,6,1506,720,94,165,-1,-1,-1,-1
788,6,1507,718,93,171,-1,-1,-1,-1
789,6,1509,714,94,171,-1,-1,-1,-1
790,6,1505,720,98,164,-1,-1,-1,-1
791,6,1508,714,98,172,-1,-1,-1,-1
792,6,1510,721,89,161,-1,-1,-1,-1
793,6,1508,724,89,158,-1,-1,-1,-1
794,6,1509,720,89,163,-1,-1,-1,-1
795,6,1510,721,92,163,-1,-1,-1,-1
796,6,1508,720,93,167,-1,-1,-1,-1
797,6,1497,719,103,164,-1,-1,-1,-1
798,6,1492,716,112,172,-1,-1,-1,-1
799,6,1491,718,106,168,-1,-1,-1,-1
800,6,1497,718,101,167,-1,-1,-1,-1
801,6,1500,718,97,167,-1,-1,-1,-1
802,6,1508,720,91,164,-1,-1,-1,-1
803,6,1499,717,101,167,-1,-1,-1,-1
804,6,1503,719,96,166,-1,-1,-1,-1
805,6,1501,716,105,168,-1,-1,-1,-1
806,6,1504,714,99,170,-1,-1,-1,-1
807,6,1506,715,97,170,-1,-1,-1,-1
808,6,1507,715,98,171,-1,-1,-1,-1
809,6,1504,711,101,179,-1,-1,-1,-1
810,6,1511,718,94,173,-1,-1,-1,-1
811,6,1511,719,94,173,-1,-1,-1,-1
812,6,1511,725,94,167,-1,-1,-1,-1
813,6,1508,726,99,160,-1,-1,-1,-1
814,6,1506,724,99,165,-1,-1,-1,-1
815,6,1514,723,91,167,-1,-1,-1,-1
816,6,1511,725,97,160,-1,-1,-1,-1
817,6,1510,726,99,157,-1,-1,-1,-1
818,6,1510,724,98,159,-1,-1,-1,-1
819,6,1516,722,94,163,-1,-1,-1,-1
820,6,1506,723,112,160,-1,-1,-1,-1
821,6,1510,724,104,151,-1,-1,-1,-1
822,6,1506,721,102,162,-1,-1,-1,-1
823,6,1506,722,101,159,-1,-1,-1,-1
824,6,1502,721,110,161,-1,-1,-1,-1
825,6,1507,721,105,155,-1,-1,-1,-1
826,6,1510,721,109,155,-1,-1,-1,-1
827,6,1507,722,111,157,-1,-1,-1,-1
828,6,1505,723,119,149,-1,-1,-1,-1
829,6,1517,723,105,154,-1,-1,-1,-1
830,6,1511,720,108,157,-1,-1,-1,-1
831,6,1515,722,101,150,-1,-1,-1,-1
832,6,1509,715,111,161,-1,-1,-1,-1
833,6,1489,709,126,167,-1,-1,-1,-1
834,6,1484,705,135,167,-1,-1,-1,-1
835,6,1498,705,114,169,-1,-1,-1,-1
836,6,1505,706,106,160,-1,-1,-1,-1
837,6,1504,717,94,155,-1,-1,-1,-1
838,6,1508,713,93,155,-1,-1,-1,-1
839,6,1499,715,100,151,-1,-1,-1,-1
840,6,1474,708,134,154,-1,-1,-1,-1
841,6,1507,707,101,159,-1,-1,-1,-1
842,6,1499,706,110,161,-1,-1,-1,-1
843,6,1493,705,114,162,-1,-1,-1,-1
844,6,1497,700,100,172,-1,-1,-1,-1
845,6,1494,697,107,182,-1,-1,-1,-1
846,6,1493,699,98,178,-1,-1,-1,-1
847,6,1498,701,94,173,-1,-1,-1,-1
848,6,1494,701,89,172,-1,-1,-1,-1
849,6,1494,699,90,173,-1,-1,-1,-1
850,6,1496,702,88,169,-1,-1,-1,-1
851,6,1490,700,99,173,-1,-1,-1,-1
852,6,1496,702,87,170,-1,-1,-1,-1
853,6,1495,699,91,172,-1,-1,-1,-1
854,6,1497,702,88,167,-1,-1,-1,-1
855,6,1496,701,92,169,-1,-1,-1,-1
856,6,1494,703,93,167,-1,-1,-1,-1
857,6,1492,702,99,165,-1,-1,-1,-1
858,6,1490,701,94,169,-1,-1,-1,-1
859,6,1492,704,94,164,-1,-1,-1,-1
860,6,1492,703,96,165,-1,-1,-1,-1
861,6,1492,702,97,167,-1,-1,-1,-1
862,6,1492,702,96,167,-1,-1,-1,-1
863,6,1486,701,96,165,-1,-1,-1,-1
864,6,1485,698,98,169,-1,-1,-1,-1
865,6,1480,698,101,168,-1,-1,-1,-1
866,6,1482,696,100,170,-1,-1,-1,-1
867,6,1484,697,97,171,-1,-1,-1,-1
868,6,1485,697,96,172,-1,-1,-1,-1
869,6,1482,696,91,173,-1,-1,-1,-1
870,6,1476,695,101,172,-1,-1,-1,-1
871,6,1481,692,93,172,-1,-1,-1,-1
872,6,1481,689,92,174,-1,-1,-1,-1
873,6,1470,687,98,170,-1,-1,-1,-1
874,6,1469,690,101,167,-1,-1,-1,-1
875,6,1469,687,97,169,-1,-1,-1,-1
876,6,1466,686,95,163,-1,-1,-1,-1
877,6,1466,685,89,162,-1,-1,-1,-1
878,6,1463,685,88,157,-1,-1,-1,-1
879,6,1460,685,87,156,-1,-1,-1,-1
880,6,1463,683,87,155,-1,-1,-1,-1
881,6,1462,683,86,152,-1,-1,-1,-1
882,6,1461,683,81,152,-1,-1,-1,-1
883,6,1461,681,82,155,-1,-1,-1,-1
884,6,1458,681,90,155,-1,-1,-1,-1
885,6,1458,680,92,154,-1,-1,-1,-1
886,6,1456,680,89,152,-1,-1,-1,-1
887,6,1456,681,87,149,-1,-1,-1,-1
888,6,1456,680,84,149,-1,-1,-1,-1
889,6,1457,678,85,150,-1,-1,-1,-1
890,6,1456,678,84,149,-1,-1,-1,-1
891,6,1458,676,88,155,-1,-1,-1,-1
892,6,1462,673,86,153,-1,-1,-1,-1
893,6,1462,670,83,153,-1,-1,-1,-1
894,6,1462,666,90,150,-1,-1,-1,-1
895,6,1461,662,90,154,-1,-1,-1,-1
896,6,1464,664,89,149,-1,-1,-1,-1
897,6,1464,666,85,137,-1,-1,-1,-1
898,6,1466,665,80,137,-1,-1,-1,-1
899,6,1471,661,74,142,-1,-1,-1,-1
900,6,1470,658,76,141,-1,-1,-1,-1
901,6,1468,656,78,146,-1,-1,-1,-1
902,6,1467,656,77,141,-1,-1,-1,-1
903,6,1465,656,77,143,-1,-1,-1,-1
904,6,1465,658,75,134,-1,-1,-1,-1
905,6,1465,657,73,138,-1,-1,-1,-1
906,6,1463,657,77,141,-1,-1,-1,-1
907,6,1464,650,78,142,-1,-1,-1,-1
908,6,1464,645,76,144,-1,-1,-1,-1
909,6,1464,643,80,152,-1,-1,-1,-1
910,6,1463,641,85,154,-1,-1,-1,-1
911,6,1462,639,83,151,-1,-1,-1,-1
912,6,1463,637,81,154,-1,-1,-1,-1
913,6,1464,636,78,153,-1,-1,-1,-1
914,6,1466,632,78,140,-1,-1,-1,-1
915,6,1464,632,82,145,-1,-1,-1,-1
916,6,1464,632,77,140,-1,-1,-1,-1
917,6,1464,632,77,142,-1,-1,-1,-1
918,6,1464,630,75,147,-1,-1,-1,-1
919,6,1464,630,80,148,-1,-1,-1,-1
920,6,1465,630,79,145,-1,-1,-1,-1
921,6,1464,628,80,147,-1,-1,-1,-1
922,6,1462,626,85,150,-1,-1,-1,-1
923,6,1464,628,76,139,-1,-1,-1,-1
924,6,1464,624,76,141,-1,-1,-1,-1
925,6,1462,621,84,148,-1,-1,-1,-1
926,6,1459,617,92,154,-1,-1,-1,-1
927,6,1466,615,86,157,-1,-1,-1,-1
928,6,1467,617,85,150,-1,-1,-1,-1
929,6,1467,618,87,150,-1,-1,-1,-1
930,6,1471,615,86,150,-1,-1,-1,-1
931,6,1470,615,85,147,-1,-1,-1,-1
932,6,1473,615,80,145,-1,-1,-1,-1
933,6,1473,612,82,155,-1,-1,-1,-1
934,6,1475,613,80,149,-1,-1,-1,-1
935,6,1477,614,77,147,-1,-1,-1,-1
936,6,1478,612,78,150,-1,-1,-1,-1
937,6,1480,613,79,146,-1,-1,-1,-1
938,6,1482,614,79,146,-1,-1,-1,-1
939,6,1481,612,83,148,-1,-1,-1,-1
940,6,1481,610,82,147,-1,-1,-1,-1
941,6,1483,610,82,147,-1,-1,-1,-1
942,6,1484,606,82,146,-1,-1,-1,-1
943,6,1488,603,78,155,-1,-1,-1,-1
944,6,1486,604,84,159,-1,-1,-1,-1
945,6,1488,603,80,154,-1,-1,-1,-1
946,6,1493,602,72,141,-1,-1,-1,-1
947,6,1498,603,66,127,-1,-1,-1,-1
948,6,1501,603,65,121,-1,-1,-1,-1
949,6,1504,602,64,122,-1,-1,-1,-1
950,6,1502,601,74,132,-1,-1,-1,-1
951,6,1503,603,69,128,-1,-1,-1,-1
952,6,1502,603,74,132,-1,-1,-1,-1
953,6,1504,600,76,138,-1,-1,-1,-1
954,6,1503,600,79,137,-1,-1,-1,-1
955,6,1503,600,81,139,-1,-1,-1,-1
956,6,1503,605,79,135,-1,-1,-1,-1
957,6,1506,606,76,134,-1,-1,-1,-1
958,6,1512,605,75,138,-1,-1,-1,-1
959,6,1518,603,77,134,-1,-1,-1,-1
960,6,1527,605,64,124,-1,-1,-1,-1
961,6,1526,603,69,129,-1,-1,-1,-1
962,6,1527,602,70,131,-1,-1,-1,-1
963,6,1530,599,71,133,-1,-1,-1,-1
964,6,1531,597,74,134,-1,-1,-1,-1
965,6,1535,595,76,131,-1,-1,-1,-1
966,6,1539,593,74,132,-1,-1,-1,-1
967,6,1541,595,68,128,-1,-1,-1,-1
968,6,1543,599,71,116,-1,-1,-1,-1
969,6,1545,597,72,121,-1,-1,-1,-1
970,6,1547,597,67,120,-1,-1,-1,-1
971,6,1549,597,72,120,-1,-1,-1,-1
972,6,1550,598,74,119,-1,-1,-1,-1
973,6,1549,598,80,121,-1,-1,-1,-1
974,6,1552,598,75,115,-1,-1,-1,-1
975,6,1551,598,79,118,-1,-1,-1,-1
976,6,1552,597,77,121,-1,-1,-1,-1
977,6,1552,596,75,122,-1,-1,-1,-1
978,6,1551,596,71,124,-1,-1,-1,-1
979,6,1553,596,75,123,-1,-1,-1,-1
980,6,1554,595,75,126,-1,-1,-1,-1
981,6,1555,595,77,127,-1,-1,-1,-1
982,6,1557,596,79,126,-1,-1,-1,-1
983,6,1557,595,83,124,-1,-1,-1,-1
984,6,1557,595,82,125,-1,-1,-1,-1
985,6,1555,597,81,124,-1,-1,-1,-1
986,6,1554,596,79,122,-1,-1,-1,-1
987,6,1554,596,77,122,-1,-1,-1,-1
988,6,1554,596,76,121,-1,-1,-1,-1
989,6,1556,597,74,116,-1,-1,-1,-1
990,6,1557,595,77,122,-1,-1,-1,-1
991,6,1558,596,78,119,-1,-1,-1,-1
992,6,1558,596,77,119,-1,-1,-1,-1
993,6,1559,598,77,114,-1,-1,-1,-1
994,6,1558,598,74,114,-1,-1,-1,-1
995,6,1554,599,72,115,-1,-1,-1,-1
996,6,1554,599,68,116,-1,-1,-1,-1
997,6,1555,599,69,115,-1,-1,-1,-1
998,6,1553,597,71,117,-1,-1,-1,-1
999,6,1554,595,73,118,-1,-1,-1,-1
1000,6,1556,596,74,111,-1,-1,-1,-1
1001,6,1553,596,74,120,-1,-1,-1,-1
1002,6,1552,597,72,123,-1,-1,-1,-1
1003,6,1551,598,73,118,-1,-1,-1,-1
1004,6,1549,595,74,120,-1,-1,-1,-1
1005,6,1545,596,73,120,-1,-1,-1,-1
1006,6,1548,597,70,123,-1,-1,-1,-1
1007,6,1547,598,71,124,-1,-1,-1,-1
1008,6,1545,598,73,124,-1,-1,-1,-1
1009,6,1547,597,73,126,-1,-1,-1,-1
1010,6,1548,597,73,127,-1,-1,-1,-1
1011,6,1546,598,75,124,-1,-1,-1,-1
1012,6,1546,597,75,126,-1,-1,-1,-1
1013,6,1546,598,73,124,-1,-1,-1,-1
1014,6,1547,598,73,124,-1,-1,-1,-1
1015,6,1547,597,73,124,-1,-1,-1,-1
1016,6,1549,597,75,124,-1,-1,-1,-1
1017,6,1550,597,73,123,-1,-1,-1,-1
1018,6,1548,597,76,122,-1,-1,-1,-1
1019,6,1549,596,76,123,-1,-1,-1,-1
1020,6,1549,596,81,125,-1,-1,-1,-1
1021,6,1550,596,79,120,-1,-1,-1,-1
1022,6,1552,596,78,118,-1,-1,-1,-1
1023,6,1550,594,74,126,-1,-1,-1,-1
1024,6,1552,595,74,121,-1,-1,-1,-1
1025,6,1554,596,72,121,-1,-1,-1,-1
1026,6,1552,595,69,121,-1,-1,-1,-1
1027,6,1554,598,71,114,-1,-1,-1,-1
1028,6,1554,597,69,119,-1,-1,-1,-1
1029,6,1555,597,67,117,-1,-1,-1,-1
1030,6,1553,597,72,117,-1,-1,-1,-1
1031,6,1553,598,71,119,-1,-1,-1,-1
1032,6,1556,600,69,113,-1,-1,-1,-1
1033,6,1556,600,69,117,-1,-1,-1,-1
1034,6,1558,601,67,114,-1,-1,-1,-1
1035,6,1558,602,65,112,-1,-1,-1,-1
1036,6,1558,600,71,113,-1,-1,-1,-1
1037,6,1561,601,70,105,-1,-1,-1,-1
1038,6,1561,601,71,112,-1,-1,-1,-1
1039,6,1564,602,72,108,-1,-1,-1,-1
1040,6,1562,600,70,113,-1,-1,-1,-1
1041,6,1564,600,69,115,-1,-1,-1,-1
1042,6,1565,597,67,118,-1,-1,-1,-1
1043,6,1569,599,61,115,-1,-1,-1,-1
1044,6,1568,598,58,113,-1,-1,-1,-1
1045,6,1571,601,58,102,-1,-1,-1,-1
1046,6,1571,600,59,106,-1,-1,-1,-1
1047,6,1572,597,66,109,-1,-1,-1,-1
1048,6,1571,594,69,117,-1,-1,-1,-1
1049,6,1571,597,73,111,-1,-1,-1,-1
1050,6,1570,596,74,124,-1,-1,-1,-1
1051,6,1570,595,70,119,-1,-1,-1,-1
1052,6,1571,595,67,120,-1,-1,-1,-1
1053,6,1570,595,76,126,-1,-1,-1,-1
1054,6,1569,597,81,122,-1,-1,-1,-1
1055,6,1571,597,78,121,-1,-1,-1,-1
1056,6,1572,595,76,118,-1,-1,-1,-1
1057,6,1571,596,71,117,-1,-1,-1,-1
1058,6,1573,596,80,117,-1,-1,-1,-1
1059,6,1576,595,77,119,-1,-1,-1,-1
1060,6,1574,594,76,126,-1,-1,-1,-1
1061,6,1578,595,76,116,-1,-1,-1,-1
1062,6,1577,592,84,125,-1,-1,-1,-1
1063,6,1579,595,73,115,-1,-1,-1,-1
1064,6,1578,596,71,116,-1,-1,-1,-1
1065,6,1580,595,76,108,-1,-1,-1,-1
1066,6,1579,596,74,113,-1,-1,-1,-1
1067,6,1577,590,89,132,-1,-1,-1,-1
1068,6,1578,594,74,113,-1,-1,-1,-1
1069,6,1583,598,68,99,-1,-1,-1,-1
1070,6,1590,595,69,97,-1,-1,-1,-1
1071,6,1589,591,81,100,-1,-1,-1,-1
1072,6,1591,593,68,99,-1,-1,-1,-1
1073,6,1589,596,76,94,-1,-1,-1,-1
1074,6,1586,591,75,109,-1,-1,-1,-1
1075,6,1586,592,77,111,-1,-1,-1,-1
1076,6,1585,591,82,109,-1,-1,-1,-1
1077,6,1585,595,73,100,-1,-1,-1,-1
1078,6,1585,592,84,107,-1,-1,-1,-1
1079,6,1579,587,99,127,-1,-1,-1,-1
1080,6,1584,594,85,98,-1,-1,-1,-1
1081,6,1590,592,81,104,-1,-1,-1,-1
1082,6,1588,600,79,97,-1,-1,-1,-1
1083,6,1583,597,83,102,-1,-1,-1,-1
1084,6,1587,597,82,97,-1,-1,-1,-1
1085,6,1586,600,80,96,-1,-1,-1,-1
1086,6,1589,614,79,74,-1,-1,-1,-1
1087,6,1586,598,81,104,-1,-1,-1,-1
1088,6,1578,590,102,127,-1,-1,-1,-1
1089,6,1589,598,73,98,-1,-1,-1,-1
1090,6,1590,598,71,95,-1,-1,-1,-1
1091,6,1585,590,83,104,-1,-1,-1,-1
1092,6,1583,594,85,103,-1,-1,-1,-1
1093,6,1586,593,82,103,-1,-1,-1,-1
1094,6,1591,601,76,93,-1,-1,-1,-1
1095,6,1591,603,77,97,-1,-1,-1,-1
1096,6,1589,600,80,117,-1,-1,-1,-1
1097,6,1591,604,78,101,-1,-1,-1,-1
1098,6,1591,601,77,111,-1,-1,-1,-1
1099,6,1592,606,77,95,-1,-1,-1,-1
1100,6,1592,599,76,114,-1,-1,-1,-1
1101,6,1591,601,80,114,-1,-1,-1,-1
1102,6,1595,604,73,94,-1,-1,-1,-1
1103,6,1593,604,77,97,-1,-1,-1,-1
1104,6,1596,602,71,94,-1,-1,-1,-1
1105,6,1591,600,78,100,-1,-1,-1,-1
1106,6,1593,600,75,101,-1,-1,-1,-1
1107,6,1592,600,77,102,-1,-1,-1,-1
1108,6,1602,609,67,87,-1,-1,-1,-1
1109,6,1606,607,60,99,-1,-1,-1,-1
1110,6,1593,602,73,96,-1,-1,-1,-1
1111,6,1596,602,74,96,-1,-1,-1,-1
1112,6,1597,603,73,95,-1,-1,-1,-1
1113,6,1594,601,76,99,-1,-1,-1,-1
1114,6,1588,600,81,100,-1,-1,-1,-1
1115,6,1591,598,79,100,-1,-1,-1,-1
1116,6,1588,595,72,100,-1,-1,-1,-1
1117,6,1588,591,75,103,-1,-1,-1,-1
1095,19,1765,671,51,104,-1,-1,-1,-1
1096,19,1765,669,50,104,-1,-1,-1,-1
1097,19,1765,674,47,101,-1,-1,-1,-1
1098,19,1765,673,51,94,-1,-1,-1,-1
1099,19,1766,676,51,94,-1,-1,-1,-1
1100,19,1771,692,52,82,-1,-1,-1,-1
1101,19,1771,694,51,78,-1,-1,-1,-1
1102,19,1770,691,56,74,-1,-1,-1,-1
1103,19,1772,693,50,78,-1,-1,-1,-1
1104,19,1770,694,50,77,-1,-1,-1,-1
1105,19,1770,687,55,82,-1,-1,-1,-1
1106,19,1767,682,57,86,-1,-1,-1,-1
1107,19,1768,680,59,88,-1,-1,-1,-1
1108,19,1765,681,59,84,-1,-1,-1,-1
1109,19,1766,691,53,73,-1,-1,-1,-1
1110,19,1767,693,50,71,-1,-1,-1,-1
1111,19,1765,680,49,94,-1,-1,-1,-1
1112,19,1765,684,53,84,-1,-1,-1,-1
1113,19,1766,684,55,86,-1,-1,-1,-1
1114,19,1765,685,56,81,-1,-1,-1,-1
1115,19,1768,685,56,90,-1,-1,-1,-1
1116,19,1767,687,57,80,-1,-1,-1,-1
1117,19,1772,688,61,105,-1,-1,-1,-1
1118,19,1773,675,60,115,-1,-1,-1,-1
1119,19,1765,674,60,110,-1,-1,-1,-1
1120,19,1767,671,58,114,-1,-1,-1,-1
1121,19,1765,671,60,110,-1,-1,-1,-1
1122,19,1766,672,59,109,-1,-1,-1,-1
1123,19,1771,668,52,120,-1,-1,-1,-1
1124,19,1764,671,58,107,-1,-1,-1,-1
1125,19,1767,671,58,104,-1,-1,-1,-1
1126,19,1766,671,61,102,-1,-1,-1,-1
1145,28,1608,613,71,76,-1,-1,-1,-1
1146,28,1608,613,71,76,-1,-1,-1,-1
1147,28,1607,608,70,87,-1,-1,-1,-1
1148,28,1606,607,71,89,-1,-1,-1,-1
1149,28,1611,612,65,77,-1,-1,-1,-1
1159,28,1608,614,69,74,-1,-1,-1,-1
1160,28,1607,614,70,76,-1,-1,-1,-1
1161,28,1605,608,68,89,-1,-1,-1,-1
1162,28,1608,614,62,75,-1,-1,-1,-1
1189,30,1322,42,24,51,-1,-1,-1,-1
1190,30,1324,41,29,50,-1,-1,-1,-1
1191,30,1322,42,28,50,-1,-1,-1,-1
1204,30,1319,42,28,52,-1,-1,-1,-1
1205,30,1316,42,28,52,-1,-1,-1,-1
1206,30,1317,41,26,50,-1,-1,-1,-1
1207,30,1318,45,22,50,-1,-1,-1,-1
1208,30,1316,42,25,51,-1,-1,-1,-1
1209,30,1315,42,26,50,-1,-1,-1,-1
1210,30,1314,40,26,53,-1,-1,-1,-1
1211,30,1315,41,26,51,-1,-1,-1,-1
1212,30,1314,44,21,46,-1,-1,-1,-1
1213,30,1315,46,21,45,-1,-1,-1,-1
1214,30,1315,45,26,47,-1,-1,-1,-1
1215,30,1318,44,25,47,-1,-1,-1,-1
1216,30,1319,44,25,47,-1,-1,-1,-1
1217,30,1319,43,26,48,-1,-1,-1,-1
1218,30,1318,42,27,49,-1,-1,-1,-1
1220,32,1316,47,20,42,-1,-1,-1,-1
1221,32,1317,48,19,42,-1,-1,-1,-1
1222,32,1314,46,22,44,-1,-1,-1,-1
1173,33,1341,39,25,51,-1,-1,-1,-1
1174,33,1349,39,25,51,-1,-1,-1,-1
1175,33,1345,38,28,54,-1,-1,-1,-1
1176,33,1339,35,28,56,-1,-1,-1,-1
1177,33,1344,37,30,55,-1,-1,-1,-1
1178,33,1340,37,28,54,-1,-1,-1,-1
1179,33,1339,36,28,56,-1,-1,-1,-1
1180,33,1339,37,28,56,-1,-1,-1,-1
1181,33,1339,37,29,56,-1,-1,-1,-1
1182,33,1341,40,27,52,-1,-1,-1,-1
1183,33,1345,41,28,53,-1,-1,-1,-1
1184,33,1341,45,23,46,-1,-1,-1,-1
1185,33,1341,44,26,49,-1,-1,-1,-1
1186,33,1339,42,25,49,-1,-1,-1,-1
1187,33,1337,41,25,50,-1,-1,-1,-1
1188,33,1337,41,26,50,-1,-1,-1,-1
1189,33,1338,40,25,51,-1,-1,-1,-1
1190,33,1336,42,23,49,-1,-1,-1,-1
1191,33,1333,44,24,47,-1,-1,-1,-1
1192,33,1329,42,26,49,-1,-1,-1,-1
1193,33,1328,44,24,47,-1,-1,-1,-1
1194,33,1328,44,25,46,-1,-1,-1,-1
1195,33,1327,44,27,46,-1,-1,-1,-1
1196,33,1328,44,25,47,-1,-1,-1,-1
1197,33,1328,43,26,48,-1,-1,-1,-1
1198,33,1331,44,23,48,-1,-1,-1,-1
1199,33,1330,44,23,48,-1,-1,-1,-1
1200,33,1328,46,25,46,-1,-1,-1,-1
1201,33,1329,47,25,45,-1,-1,-1,-1
1202,33,1329,46,27,49,-1,-1,-1,-1
1203,33,1329,42,25,52,-1,-1,-1,-1
1204,33,1331,48,24,46,-1,-1,-1,-1
1205,33,1337,49,22,45,-1,-1,-1,-1
1206,33,1336,48,20,45,-1,-1,-1,-1
1207,33,1335,48,19,44,-1,-1,-1,-1
1208,33,1331,46,22,47,-1,-1,-1,-1
1209,33,1331,46,22,46,-1,-1,-1,-1
1210,33,1332,46,21,47,-1,-1,-1,-1
1211,33,1335,45,20,46,-1,-1,-1,-1
1212,33,1337,46,19,44,-1,-1,-1,-1
1213,33,1335,47,21,44,-1,-1,-1,-1
1214,33,1332,46,22,44,-1,-1,-1,-1
1215,33,1329,45,23,46,-1,-1,-1,-1
1216,33,1328,45,23,47,-1,-1,-1,-1
1217,33,1328,45,24,46,-1,-1,-1,-1
1218,33,1329,45,24,46,-1,-1,-1,-1
1219,33,1323,46,26,45,-1,-1,-1,-1
1220,33,1332,48,18,42,-1,-1,-1,-1
1221,33,1330,48,20,42,-1,-1,-1,-1
1222,33,1323,47,26,43,-1,-1,-1,-1
1223,33,1329,43,23,46,-1,-1,-1,-1
1224,33,1329,43,24,46,-1,-1,-1,-1
1225,33,1332,46,21,42,-1,-1,-1,-1
1226,33,1330,45,22,43,-1,-1,-1,-1
1227,33,1329,45,23,46,-1,-1,-1,-1
1228,33,1328,46,22,45,-1,-1,-1,-1
1229,33,1328,46,22,45,-1,-1,-1,-1
1230,33,1327,47,23,45,-1,-1,-1,-1
1231,33,1326,48,22,44,-1,-1,-1,-1
1232,33,1326,47,22,45,-1,-1,-1,-1
1233,33,1324,45,26,48,-1,-1,-1,-1
1234,33,1329,49,19,43,-1,-1,-1,-1
1235,33,1329,48,19,43,-1,-1,-1,-1
1237,33,1329,47,19,45,-1,-1,-1,-1
1238,33,1324,46,25,46,-1,-1,-1,-1
1239,33,1327,43,23,46,-1,-1,-1,-1
1240,33,1324,47,24,46,-1,-1,-1,-1
1241,33,1323,48,23,45,-1,-1,-1,-1
1242,33,1319,48,24,45,-1,-1,-1,-1
1243,33,1324,48,23,44,-1,-1,-1,-1
1243,35,1269,43,48,55,-1,-1,-1,-1
1244,35,1274,42,43,55,-1,-1,-1,-1
1245,35,1273,49,22,47,-1,-1,-1,-1
1247,36,1276,47,29,51,-1,-1,-1,-1
1248,36,1279,46,28,52,-1,-1,-1,-1
1249,36,1277,47,26,50,-1,-1,-1,-1
1257,37,1291,47,20,50,-1,-1,-1,-1
1258,37,1291,47,20,50,-1,-1,-1,-1
1259,37,1293,46,22,51,-1,-1,-1,-1
1264,38,1290,49,20,50,-1,-1,-1,-1
1265,38,1292,48,21,50,-1,-1,-1,-1
1266,38,1292,48,21,50,-1,-1,-1,-1
1267,38,1292,49,21,48,-1,-1,-1,-1
1268,38,1290,49,20,49,-1,-1,-1,-1
1222,39,1300,46,22,49,-1,-1,-1,-1
1223,39,1302,43,28,54,-1,-1,-1,-1
1224,39,1305,42,28,53,-1,-1,-1,-1
1225,39,1303,43,27,53,-1,-1,-1,-1
1226,39,1303,43,27,53,-1,-1,-1,-1
1227,39,1302,43,27,51,-1,-1,-1,-1
1228,39,1303,43,27,53,-1,-1,-1,-1
1229,39,1304,42,26,54,-1,-1,-1,-1
1230,39,1300,44,26,50,-1,-1,-1,-1
1231,39,1302,43,27,52,-1,-1,-1,-1
1232,39,1303,43,23,54,-1,-1,-1,-1
1233,39,1303,42,27,54,-1,-1,-1,-1
1234,39,1307,43,25,51,-1,-1,-1,-1
1235,39,1308,42,25,50,-1,-1,-1,-1
1236,39,1310,43,23,48,-1,-1,-1,-1
1237,39,1311,42,22,50,-1,-1,-1,-1
1238,39,1309,42,24,50,-1,-1,-1,-1
1239,39,1308,42,24,50,-1,-1,-1,-1
1240,39,1309,44,22,48,-1,-1,-1,-1
1241,39,1310,43,24,51,-1,-1,-1,-1
1242,39,1312,44,22,48,-1,-1,-1,-1
1243,39,1315,48,19,45,-1,-1,-1,-1
1244,39,1310,44,23,48,-1,-1,-1,-1
1245,39,1310,45,22,47,-1,-1,-1,-1
1246,39,1306,44,25,51,-1,-1,-1,-1
1247,39,1306,49,21,48,-1,-1,-1,-1
1248,39,1306,49,21,48,-1,-1,-1,-1
1249,39,1306,51,21,46,-1,-1,-1,-1
1250,39,1305,52,22,46,-1,-1,-1,-1
1251,39,1304,51,22,46,-1,-1,-1,-1
1252,39,1303,50,20,47,-1,-1,-1,-1
1253,39,1304,49,20,48,-1,-1,-1,-1
1254,39,1302,50,21,48,-1,-1,-1,-1
1255,39,1307,52,18,44,-1,-1,-1,-1
1256,39,1308,51,18,41,-1,-1,-1,-1
1257,39,1305,50,18,46,-1,-1,-1,-1
1258,39,1303,49,20,47,-1,-1,-1,-1
1259,39,1303,49,20,48,-1,-1,-1,-1
1260,39,1299,50,22,48,-1,-1,-1,-1
1261,39,1299,49,21,49,-1,-1,-1,-1
1262,39,1299,50,22,48,-1,-1,-1,-1
1263,39,1300,51,20,46,-1,-1,-1,-1
1264,39,1300,52,20,46,-1,-1,-1,-1
1265,39,1301,50,21,48,-1,-1,-1,-1
1266,39,1300,50,21,47,-1,-1,-1,-1
1267,39,1300,52,20,44,-1,-1,-1,-1
1268,39,1299,52,21,45,-1,-1,-1,-1
1269,39,1299,52,21,44,-1,-1,-1,-1
1282,35,1274,49,23,50,-1,-1,-1,-1
1283,35,1274,51,22,48,-1,-1,-1,-1
1284,35,1274,51,23,48,-1,-1,-1,-1
1285,35,1273,47,25,54,-1,-1,-1,-1
1286,35,1260,52,30,49,-1,-1,-1,-1
1290,41,1251,40,34,60,-1,-1,-1,-1
1291,41,1255,45,28,55,-1,-1,-1,-1
1292,41,1256,45,27,55,-1,-1,-1,-1
1293,41,1252,46,29,53,-1,-1,-1,-1
1234,42,1300,44,22,50,-1,-1,-1,-1
1235,42,1298,44,22,49,-1,-1,-1,-1
1236,42,1299,44,20,48,-1,-1,-1,-1
1237,42,1300,45,20,47,-1,-1,-1,-1
1238,42,1300,44,21,49,-1,-1,-1,-1
1239,42,1300,44,21,48,-1,-1,-1,-1
1240,42,1300,45,19,47,-1,-1,-1,-1
1241,42,1299,45,19,48,-1,-1,-1,-1
1242,42,1293,45,20,48,-1,-1,-1,-1
1243,42,1292,45,20,47,-1,-1,-1,-1
1244,42,1293,44,20,48,-1,-1,-1,-1
1245,42,1296,45,18,51,-1,-1,-1,-1
1246,42,1296,44,20,49,-1,-1,-1,-1
1247,42,1296,46,22,48,-1,-1,-1,-1
1248,42,1295,46,22,49,-1,-1,-1,-1
1249,42,1292,48,21,46,-1,-1,-1,-1
1250,42,1280,48,27,50,-1,-1,-1,-1
1251,42,1280,47,28,52,-1,-1,-1,-1
1252,42,1279,45,28,55,-1,-1,-1,-1
1253,42,1280,45,27,55,-1,-1,-1,-1
1254,42,1277,46,27,52,-1,-1,-1,-1
1255,42,1280,45,26,55,-1,-1,-1,-1
1256,42,1278,46,27,53,-1,-1,-1,-1
1257,42,1276,46,28,52,-1,-1,-1,-1
1258,42,1277,46,27,53,-1,-1,-1,-1
1259,42,1276,45,26,53,-1,-1,-1,-1
1260,42,1277,44,29,55,-1,-1,-1,-1
1261,42,1279,45,27,55,-1,-1,-1,-1
1262,42,1278,45,29,55,-1,-1,-1,-1
1263,42,1279,46,27,54,-1,-1,-1,-1
1264,42,1276,47,25,51,-1,-1,-1,-1
1265,42,1276,47,26,52,-1,-1,-1,-1
1266,42,1276,46,27,52,-1,-1,-1,-1
1267,42,1280,46,25,53,-1,-1,-1,-1
1268,42,1279,46,26,54,-1,-1,-1,-1
1269,42,1281,46,25,54,-1,-1,-1,-1
1270,42,1287,48,20,50,-1,-1,-1,-1
1271,42,1287,49,20,49,-1,-1,-1,-1
1272,42,1284,50,22,49,-1,-1,-1,-1
1273,42,1283,48,22,49,-1,-1,-1,-1
1274,42,1282,47,22,50,-1,-1,-1,-1
1275,42,1282,49,23,49,-1,-1,-1,-1
1276,42,1283,50,22,48,-1,-1,-1,-1
1277,42,1280,50,23,48,-1,-1,-1,-1
1278,42,1282,50,21,46,-1,-1,-1,-1
1279,42,1282,50,21,47,-1,-1,-1,-1
1280,42,1281,51,22,48,-1,-1,-1,-1
1281,42,1282,52,21,47,-1,-1,-1,-1
1282,42,1283,52,20,46,-1,-1,-1,-1
1283,42,1282,53,21,45,-1,-1,-1,-1
1284,42,1282,53,21,45,-1,-1,-1,-1
1285,42,1282,50,23,50,-1,-1,-1,-1
1286,42,1280,49,23,51,-1,-1,-1,-1
1287,42,1280,51,23,49,-1,-1,-1,-1
1288,42,1275,49,27,51,-1,-1,-1,-1
1289,42,1277,50,26,50,-1,-1,-1,-1
1290,42,1277,49,24,50,-1,-1,-1,-1
1291,42,1278,50,24,49,-1,-1,-1,-1
1292,42,1279,51,22,47,-1,-1,-1,-1
1293,42,1282,52,21,44,-1,-1,-1,-1
1294,42,1281,53,23,45,-1,-1,-1,-1
1295,42,1279,52,23,48,-1,-1,-1,-1
1308,43,1248,47,25,54,-1,-1,-1,-1
1309,43,1247,46,25,54,-1,-1,-1,-1
1310,43,1245,46,26,55,-1,-1,-1,-1
1311,43,1232,45,30,56,-1,-1,-1,-1
1312,43,1237,48,24,54,-1,-1,-1,-1
1313,43,1236,45,28,57,-1,-1,-1,-1
1320,44,1247,53,22,51,-1,-1,-1,-1
1321,44,1247,53,23,52,-1,-1,-1,-1
1322,44,1246,52,24,54,-1,-1,-1,-1
1323,44,1247,54,21,52,-1,-1,-1,-1
1324,44,1248,53,22,52,-1,-1,-1,-1
1312,45,1257,50,26,54,-1,-1,-1,-1
1313,45,1256,49,27,53,-1,-1,-1,-1
1314,45,1256,53,26,50,-1,-1,-1,-1
1315,45,1256,50,26,53,-1,-1,-1,-1
1316,45,1257,50,26,53,-1,-1,-1,-1
1317,45,1256,50,26,52,-1,-1,-1,-1
1318,45,1256,49,27,54,-1,-1,-1,-1
1319,45,1257,50,27,53,-1,-1,-1,-1
1320,45,1256,53,24,50,-1,-1,-1,-1
1321,45,1256,53,26,51,-1,-1,-1,-1
1322,45,1257,53,26,51,-1,-1,-1,-1
1323,45,1256,55,24,50,-1,-1,-1,-1
1324,45,1255,53,25,50,-1,-1,-1,-1
1325,45,1253,51,25,53,-1,-1,-1,-1
1326,45,1256,53,24,51,-1,-1,-1,-1
1327,45,1257,59,27,43,-1,-1,-1,-1
1328,45,1254,53,25,51,-1,-1,-1,-1
1329,45,1256,49,27,56,-1,-1,-1,-1
1330,45,1262,52,24,52,-1,-1,-1,-1
1331,45,1260,54,25,46,-1,-1,-1,-1
1333,45,1258,55,24,45,-1,-1,-1,-1
1334,45,1258,57,23,44,-1,-1,-1,-1
1335,45,1257,56,23,45,-1,-1,-1,-1
1336,45,1258,57,23,45,-1,-1,-1,-1
1337,45,1258,58,23,42,-1,-1,-1,-1
1350,47,1225,56,23,50,-1,-1,-1,-1
1351,47,1226,58,20,47,-1,-1,-1,-1
1352,47,1226,56,21,49,-1,-1,-1,-1
1353,47,1227,56,19,49,-1,-1,-1,-1
1354,47,1227,58,19,48,-1,-1,-1,-1
1355,47,1223,59,22,46,-1,-1,-1,-1
1356,47,1225,59,18,48,-1,-1,-1,-1
1357,47,1222,58,22,46,-1,-1,-1,-1
1358,47,1224,61,22,44,-1,-1,-1,-1
1359,47,1224,61,22,44,-1,-1,-1,-1
1360,47,1224,63,22,42,-1,-1,-1,-1
1333,48,1241,53,22,55,-1,-1,-1,-1
1334,48,1241,54,22,53,-1,-1,-1,-1
1335,48,1241,55,23,52,-1,-1,-1,-1
1336,48,1243,57,21,50,-1,-1,-1,-1
1337,48,1243,57,20,50,-1,-1,-1,-1
1338,48,1241,57,22,50,-1,-1,-1,-1
1339,48,1239,55,24,52,-1,-1,-1,-1
1340,48,1238,51,24,55,-1,-1,-1,-1
1341,48,1239,50,24,56,-1,-1,-1,-1
1342,48,1239,53,24,54,-1,-1,-1,-1
1343,48,1239,53,25,55,-1,-1,-1,-1
1344,48,1237,52,26,56,-1,-1,-1,-1
1345,48,1237,54,25,54,-1,-1,-1,-1
1346,48,1237,55,25,53,-1,-1,-1,-1
1347,48,1239,56,23,50,-1,-1,-1,-1
1348,48,1239,57,22,49,-1,-1,-1,-1
1349,48,1240,57,21,48,-1,-1,-1,-1
1350,48,1236,58,23,49,-1,-1,-1,-1
1351,48,1236,59,21,47,-1,-1,-1,-1
1352,48,1234,57,22,48,-1,-1,-1,-1
1353,48,1234,60,23,44,-1,-1,-1,-1
1354,48,1236,57,19,48,-1,-1,-1,-1
1355,48,1236,58,20,49,-1,-1,-1,-1
1356,48,1237,57,20,50,-1,-1,-1,-1
1357,48,1236,59,21,49,-1,-1,-1,-1
1358,48,1236,62,20,46,-1,-1,-1,-1
1359,48,1236,62,20,46,-1,-1,-1,-1
1360,48,1236,62,20,46,-1,-1,-1,-1
1361,48,1228,62,26,45,-1,-1,-1,-1
1362,48,1228,62,25,45,-1,-1,-1,-1
1363,48,1235,59,19,48,-1,-1,-1,-1
1364,48,1235,58,19,49,-1,-1,-1,-1
1400,49,1167,57,25,53,-1,-1,-1,-1
1401,49,1169,58,23,52,-1,-1,-1,-1
1402,49,1170,58,22,53,-1,-1,-1,-1
1403,49,1169,58,22,53,-1,-1,-1,-1
1404,49,1169,56,25,54,-1,-1,-1,-1
1405,49,1170,58,23,52,-1,-1,-1,-1
1406,49,1170,59,24,50,-1,-1,-1,-1
1407,49,1169,62,24,48,-1,-1,-1,-1
1408,49,1163,60,24,50,-1,-1,-1,-1
1409,49,1157,60,28,51,-1,-1,-1,-1
1428,50,1147,66,24,52,-1,-1,-1,-1
1429,50,1142,61,25,56,-1,-1,-1,-1
1430,50,1141,64,25,51,-1,-1,-1,-1
1431,50,1139,68,28,47,-1,-1,-1,-1
1432,50,1138,65,25,50,-1,-1,-1,-1
1433,50,1133,66,25,50,-1,-1,-1,-1
1434,50,1134,67,24,48,-1,-1,-1,-1
1435,50,1139,64,25,52,-1,-1,-1,-1
1445,51,1120,69,25,48,-1,-1,-1,-1
1446,51,1119,67,26,51,-1,-1,-1,-1
1447,51,1119,66,28,51,-1,-1,-1,-1
1444,52,1135,63,25,51,-1,-1,-1,-1
1445,52,1133,65,24,50,-1,-1,-1,-1
1446,52,1126,61,29,54,-1,-1,-1,-1
1447,52,1127,62,29,53,-1,-1,-1,-1
1448,52,1120,66,25,51,-1,-1,-1,-1
1449,52,1120,66,25,51,-1,-1,-1,-1
1281,53,1258,50,26,49,-1,-1,-1,-1
1282,53,1258,49,25,50,-1,-1,-1,-1
1283,53,1258,51,25,48,-1,-1,-1,-1
1284,53,1256,50,27,51,-1,-1,-1,-1
1285,53,1254,47,29,55,-1,-1,-1,-1
1286,53,1251,45,29,55,-1,-1,-1,-1
1287,53,1255,45,30,56,-1,-1,-1,-1
1288,53,1254,45,31,56,-1,-1,-1,-1
1289,53,1263,45,25,56,-1,-1,-1,-1
1290,53,1266,44,25,56,-1,-1,-1,-1
1291,53,1270,46,25,53,-1,-1,-1,-1
1292,53,1269,48,25,51,-1,-1,-1,-1
1293,53,1263,48,25,51,-1,-1,-1,-1
1294,53,1253,47,29,53,-1,-1,-1,-1
1295,53,1258,47,28,54,-1,-1,-1,-1
1296,53,1258,46,28,56,-1,-1,-1,-1
1297,53,1258,47,27,56,-1,-1,-1,-1
1298,53,1257,47,29,58,-1,-1,-1,-1
1299,53,1255,49,28,54,-1,-1,-1,-1
1300,53,1254,49,29,53,-1,-1,-1,-1
1301,53,1258,50,25,51,-1,-1,-1,-1
1302,53,1258,50,25,52,-1,-1,-1,-1
1303,53,1256,51,25,49,-1,-1,-1,-1
1304,53,1261,52,23,48,-1,-1,-1,-1
1305,53,1257,50,26,53,-1,-1,-1,-1
1306,53,1258,48,27,55,-1,-1,-1,-1
1307,53,1257,48,26,54,-1,-1,-1,-1
1308,53,1259,49,25,53,-1,-1,-1,-1
1309,53,1256,47,27,57,-1,-1,-1,-1
1310,53,1258,47,26,57,-1,-1,-1,-1
1311,53,1250,46,25,57,-1,-1,-1,-1
1312,53,1249,49,23,54,-1,-1,-1,-1
1313,53,1247,47,25,55,-1,-1,-1,-1
1314,53,1249,53,21,50,-1,-1,-1,-1
1315,53,1248,49,23,53,-1,-1,-1,-1
1316,53,1235,45,29,59,-1,-1,-1,-1
1317,53,1236,45,27,58,-1,-1,-1,-1
1318,53,1235,42,27,62,-1,-1,-1,-1
1319,53,1233,42,28,62,-1,-1,-1,-1
1320,53,1234,48,24,56,-1,-1,-1,-1
1321,53,1237,53,25,52,-1,-1,-1,-1
1322,53,1237,53,26,53,-1,-1,-1,-1
1323,53,1236,53,24,52,-1,-1,-1,-1
1324,53,1237,54,24,51,-1,-1,-1,-1
1325,53,1236,51,26,54,-1,-1,-1,-1
1326,53,1236,54,27,49,-1,-1,-1,-1
1327,53,1233,54,25,52,-1,-1,-1,-1
1328,53,1233,50,25,56,-1,-1,-1,-1
1329,53,1232,44,30,64,-1,-1,-1,-1
1330,53,1234,52,26,56,-1,-1,-1,-1
1331,53,1234,53,27,55,-1,-1,-1,-1
1332,53,1233,52,28,56,-1,-1,-1,-1
1333,53,1231,51,26,56,-1,-1,-1,-1
1334,53,1230,53,25,54,-1,-1,-1,-1
1335,53,1230,52,26,54,-1,-1,-1,-1
1336,53,1230,55,24,51,-1,-1,-1,-1
1337,53,1228,57,23,48,-1,-1,-1,-1
1338,53,1228,56,23,50,-1,-1,-1,-1
1339,53,1225,52,25,54,-1,-1,-1,-1
1340,53,1225,51,24,54,-1,-1,-1,-1
1341,53,1226,49,25,56,-1,-1,-1,-1
1342,53,1218,53,30,49,-1,-1,-1,-1
1343,53,1222,51,27,55,-1,-1,-1,-1
1344,53,1223,50,29,57,-1,-1,-1,-1
1345,53,1217,56,29,47,-1,-1,-1,-1
1346,53,1216,57,30,48,-1,-1,-1,-1
1347,53,1222,54,23,51,-1,-1,-1,-1
1348,53,1217,60,26,45,-1,-1,-1,-1
1349,53,1216,59,26,47,-1,-1,-1,-1
1350,53,1216,56,23,50,-1,-1,-1,-1
1351,53,1215,57,21,48,-1,-1,-1,-1
1352,53,1215,56,22,48,-1,-1,-1,-1
1353,53,1217,56,21,48,-1,-1,-1,-1
1354,53,1215,59,21,46,-1,-1,-1,-1
1355,53,1213,61,21,45,-1,-1,-1,-1
1356,53,1213,61,20,45,-1,-1,-1,-1
1357,53,1211,59,22,47,-1,-1,-1,-1
1358,53,1211,60,22,46,-1,-1,-1,-1
1359,53,1210,61,20,45,-1,-1,-1,-1
1360,53,1210,61,23,45,-1,-1,-1,-1
1361,53,1210,59,22,46,-1,-1,-1,-1
1362,53,1210,59,23,47,-1,-1,-1,-1
1363,53,1213,60,21,47,-1,-1,-1,-1
1364,53,1221,62,20,47,-1,-1,-1,-1
1365,53,1218,61,23,44,-1,-1,-1,-1
1366,53,1220,61,18,48,-1,-1,-1,-1
1367,53,1216,61,20,48,-1,-1,-1,-1
1368,53,1219,63,20,47,-1,-1,-1,-1
1369,53,1216,61,25,45,-1,-1,-1,-1
1370,53,1218,64,23,44,-1,-1,-1,-1
1371,53,1216,63,24,49,-1,-1,-1,-1
1372,53,1215,60,24,50,-1,-1,-1,-1
1373,53,1214,57,24,52,-1,-1,-1,-1
1374,53,1214,57,23,52,-1,-1,-1,-1
1375,53,1214,55,23,53,-1,-1,-1,-1
1376,53,1211,62,23,46,-1,-1,-1,-1
1377,53,1211,64,21,45,-1,-1,-1,-1
1378,53,1212,64,20,45,-1,-1,-1,-1
1379,53,1209,65,22,45,-1,-1,-1,-1
1380,53,1206,64,23,47,-1,-1,-1,-1
1381,53,1204,62,27,48,-1,-1,-1,-1
1382,53,1204,62,26,48,-1,-1,-1,-1
1383,53,1205,63,24,45,-1,-1,-1,-1
1384,53,1203,63,21,46,-1,-1,-1,-1
1385,53,1204,63,21,45,-1,-1,-1,-1
1386,53,1204,63,20,47,-1,-1,-1,-1
1387,53,1203,64,22,45,-1,-1,-1,-1
1388,53,1201,64,24,44,-1,-1,-1,-1
1389,53,1202,63,24,46,-1,-1,-1,-1
1390,53,1200,63,25,45,-1,-1,-1,-1
1391,53,1195,63,26,47,-1,-1,-1,-1
1392,53,1192,65,28,46,-1,-1,-1,-1
1393,53,1192,66,28,45,-1,-1,-1,-1
1394,53,1191,65,28,47,-1,-1,-1,-1
1395,53,1191,63,28,49,-1,-1,-1,-1
1396,53,1192,65,23,48,-1,-1,-1,-1
1397,53,1191,64,26,51,-1,-1,-1,-1
1398,53,1190,64,26,52,-1,-1,-1,-1
1399,53,1191,63,24,53,-1,-1,-1,-1
1400,53,1190,63,24,51,-1,-1,-1,-1
1401,53,1190,64,24,50,-1,-1,-1,-1
1402,53,1190,64,24,50,-1,-1,-1,-1
1403,53,1190,64,24,50,-1,-1,-1,-1
1404,53,1188,64,26,49,-1,-1,-1,-1
1405,53,1188,66,24,47,-1,-1,-1,-1
1406,53,1188,67,24,45,-1,-1,-1,-1
1407,53,1183,66,23,47,-1,-1,-1,-1
1408,53,1176,62,23,48,-1,-1,-1,-1
1409,53,1175,61,25,51,-1,-1,-1,-1
1410,53,1175,63,28,51,-1,-1,-1,-1
1411,53,1170,64,28,50,-1,-1,-1,-1
1412,53,1168,61,27,54,-1,-1,-1,-1
1413,53,1168,64,28,51,-1,-1,-1,-1
1414,53,1168,62,27,52,-1,-1,-1,-1
1415,53,1165,63,28,53,-1,-1,-1,-1
1416,53,1165,63,29,54,-1,-1,-1,-1
1417,53,1166,64,27,51,-1,-1,-1,-1
1418,53,1164,64,30,51,-1,-1,-1,-1
1419,53,1162,65,30,51,-1,-1,-1,-1
1420,53,1160,67,30,49,-1,-1,-1,-1
1421,53,1159,66,31,51,-1,-1,-1,-1
1422,53,1159,66,31,51,-1,-1,-1,-1
1423,53,1159,65,30,51,-1,-1,-1,-1
1424,53,1157,66,31,52,-1,-1,-1,-1
1425,53,1156,65,31,54,-1,-1,-1,-1
1426,53,1153,65,31,54,-1,-1,-1,-1
1427,53,1153,66,28,53,-1,-1,-1,-1
1428,53,1155,64,26,55,-1,-1,-1,-1
1429,53,1153,65,26,53,-1,-1,-1,-1
1430,53,1154,65,25,50,-1,-1,-1,-1
1431,53,1154,66,25,49,-1,-1,-1,-1
1432,53,1154,65,25,50,-1,-1,-1,-1
1433,53,1155,67,23,48,-1,-1,-1,-1
1434,53,1153,67,24,47,-1,-1,-1,-1
1435,53,1150,66,25,48,-1,-1,-1,-1
1436,53,1146,67,27,48,-1,-1,-1,-1
1437,53,1144,67,27,48,-1,-1,-1,-1
1438,53,1145,62,27,51,-1,-1,-1,-1
1439,53,1143,60,28,53,-1,-1,-1,-1
1440,53,1143,62,28,52,-1,-1,-1,-1
1441,53,1142,61,29,53,-1,-1,-1,-1
1442,53,1145,63,27,51,-1,-1,-1,-1
1443,53,1141,61,29,54,-1,-1,-1,-1
1444,53,1143,62,27,53,-1,-1,-1,-1
1445,53,1144,65,26,50,-1,-1,-1,-1
1446,53,1139,65,29,51,-1,-1,-1,-1
1447,53,1137,65,30,51,-1,-1,-1,-1
1448,53,1134,63,28,54,-1,-1,-1,-1
1449,53,1134,64,28,53,-1,-1,-1,-1
1450,53,1134,65,25,50,-1,-1,-1,-1
1451,53,1133,66,26,49,-1,-1,-1,-1
1452,53,1132,67,26,48,-1,-1,-1,-1
1453,53,1130,66,27,49,-1,-1,-1,-1
1454,53,1125,65,30,51,-1,-1,-1,-1
1455,53,1129,67,25,48,-1,-1,-1,-1
1456,53,1131,68,23,46,-1,-1,-1,-1
1457,53,1131,68,22,45,-1,-1,-1,-1
1458,53,1129,67,25,47,-1,-1,-1,-1
1459,53,1128,67,25,48,-1,-1,-1,-1
1460,53,1128,66,25,47,-1,-1,-1,-1
1461,53,1128,65,25,48,-1,-1,-1,-1
1462,53,1126,65,26,50,-1,-1,-1,-1
1463,53,1125,68,25,47,-1,-1,-1,-1
1464,53,1123,67,25,49,-1,-1,-1,-1
1465,53,1122,67,24,50,-1,-1,-1,-1
1466,53,1120,67,25,50,-1,-1,-1,-1
1467,53,1119,67,25,51,-1,-1,-1,-1
1468,53,1116,66,30,51,-1,-1,-1,-1
1469,53,1118,68,26,49,-1,-1,-1,-1
1470,53,1118,68,26,47,-1,-1,-1,-1
1471,53,1119,68,25,47,-1,-1,-1,-1
1472,53,1121,68,23,46,-1,-1,-1,-1
1473,53,1121,67,23,47,-1,-1,-1,-1
1474,53,1120,67,24,47,-1,-1,-1,-1
1475,53,1118,66,26,48,-1,-1,-1,-1
1476,53,1119,66,24,48,-1,-1,-1,-1
1477,53,1114,68,26,47,-1,-1,-1,-1
1478,53,1112,68,23,49,-1,-1,-1,-1
1479,53,1111,69,25,46,-1,-1,-1,-1
1496,54,1081,63,25,49,-1,-1,-1,-1
1497,54,1076,63,28,54,-1,-1,-1,-1
1498,54,1075,65,29,52,-1,-1,-1,-1
1509,55,1067,69,25,46,-1,-1,-1,-1
1510,55,1064,66,26,49,-1,-1,-1,-1
1511,55,1065,65,26,50,-1,-1,-1,-1
1501,56,1084,66,21,45,-1,-1,-1,-1
1502,56,1082,65,22,46,-1,-1,-1,-1
1503,56,1083,64,22,48,-1,-1,-1,-1
1504,56,1083,65,22,47,-1,-1,-1,-1
1505,56,1081,65,24,47,-1,-1,-1,-1
1506,56,1071,62,27,52,-1,-1,-1,-1
1507,56,1070,64,27,49,-1,-1,-1,-1
1508,56,1078,66,25,43,-1,-1,-1,-1
1509,56,1079,68,22,45,-1,-1,-1,-1
1510,56,1076,67,23,47,-1,-1,-1,-1
1511,56,1075,66,24,49,-1,-1,-1,-1
1512,56,1065,65,26,51,-1,-1,-1,-1
1513,56,1064,67,27,50,-1,-1,-1,-1
1514,56,1064,67,27,51,-1,-1,-1,-1
1515,56,1064,66,27,52,-1,-1,-1,-1
1516,56,1064,68,27,49,-1,-1,-1,-1
1517,56,1063,67,28,50,-1,-1,-1,-1
1518,56,1064,66,28,51,-1,-1,-1,-1
1519,56,1063,66,27,51,-1,-1,-1,-1
1520,56,1063,67,26,50,-1,-1,-1,-1
1521,56,1063,66,25,50,-1,-1,-1,-1
1522,56,1066,65,26,49,-1,-1,-1,-1
1523,56,1071,65,22,47,-1,-1,-1,-1
1524,56,1071,65,22,47,-1,-1,-1,-1
1525,56,1070,64,25,46,-1,-1,-1,-1
1523,57,1062,65,23,47,-1,-1,-1,-1
1524,57,1058,64,26,48,-1,-1,-1,-1
1525,57,1057,64,26,47,-1,-1,-1,-1
1526,57,1055,64,26,49,-1,-1,-1,-1
1527,57,1050,62,28,54,-1,-1,-1,-1
1528,57,1048,58,30,59,-1,-1,-1,-1
1529,57,1047,59,31,59,-1,-1,-1,-1
1530,57,1046,59,30,57,-1,-1,-1,-1
1531,57,1046,60,32,57,-1,-1,-1,-1
1532,57,1046,62,31,56,-1,-1,-1,-1
1533,57,1045,62,32,56,-1,-1,-1,-1
1534,57,1044,61,34,55,-1,-1,-1,-1
1535,57,1043,62,32,54,-1,-1,-1,-1
1536,57,1042,60,31,56,-1,-1,-1,-1
1537,57,1041,59,30,56,-1,-1,-1,-1
1538,57,1041,59,29,56,-1,-1,-1,-1
1539,57,1041,61,29,53,-1,-1,-1,-1
1540,57,1040,60,31,55,-1,-1,-1,-1
1541,57,1040,58,28,54,-1,-1,-1,-1
1542,57,1040,59,30,52,-1,-1,-1,-1
1543,57,1043,59,26,52,-1,-1,-1,-1
1544,57,1042,60,26,53,-1,-1,-1,-1
1545,57,1037,58,27,54,-1,-1,-1,-1
1546,57,1036,58,26,55,-1,-1,-1,-1
1547,57,1036,56,27,56,-1,-1,-1,-1
1548,57,1034,54,29,58,-1,-1,-1,-1
1549,57,1034,59,27,51,-1,-1,-1,-1
1550,57,1032,60,27,51,-1,-1,-1,-1
1551,57,1030,58,29,53,-1,-1,-1,-1
1552,57,1028,57,31,54,-1,-1,-1,-1
1553,57,1028,59,29,52,-1,-1,-1,-1
1554,57,1027,58,29,53,-1,-1,-1,-1
1555,57,1025,58,30,54,-1,-1,-1,-1
1556,57,1026,56,29,55,-1,-1,-1,-1
1557,57,1023,59,29,53,-1,-1,-1,-1
1558,57,1022,56,30,55,-1,-1,-1,-1
1559,57,1022,55,29,57,-1,-1,-1,-1
1560,57,1021,56,29,57,-1,-1,-1,-1
1561,57,1019,57,30,57,-1,-1,-1,-1
1562,57,1018,60,30,53,-1,-1,-1,-1
1563,57,1018,60,30,53,-1,-1,-1,-1
1564,57,1018,59,30,55,-1,-1,-1,-1
1565,57,1018,58,30,55,-1,-1,-1,-1
1566,57,1018,59,30,54,-1,-1,-1,-1
1567,57,1017,60,30,51,-1,-1,-1,-1
1568,57,1016,60,31,50,-1,-1,-1,-1
1569,57,1017,60,28,49,-1,-1,-1,-1
1570,57,1015,61,29,46,-1,-1,-1,-1
1571,57,1012,62,31,46,-1,-1,-1,-1
1572,57,1010,61,29,48,-1,-1,-1,-1
1573,57,1008,61,29,47,-1,-1,-1,-1
1574,57,1008,60,28,48,-1,-1,-1,-1
1575,57,1009,61,28,49,-1,-1,-1,-1
1576,57,1008,60,28,49,-1,-1,-1,-1
1577,57,1005,61,30,50,-1,-1,-1,-1
1578,57,1007,61,26,47,-1,-1,-1,-1
1579,57,1007,61,25,48,-1,-1,-1,-1
1580,57,1003,60,28,50,-1,-1,-1,-1
1581,57,999,62,32,49,-1,-1,-1,-1
1582,57,998,58,30,53,-1,-1,-1,-1
1583,57,996,58,31,54,-1,-1,-1,-1
1584,57,995,59,31,53,-1,-1,-1,-1
1585,57,995,59,31,52,-1,-1,-1,-1
1586,57,995,59,30,50,-1,-1,-1,-1
1587,57,995,60,29,48,-1,-1,-1,-1
1588,57,994,60,30,48,-1,-1,-1,-1
1589,57,994,61,28,47,-1,-1,-1,-1
1590,57,992,60,30,48,-1,-1,-1,-1
1591,57,992,60,28,48,-1,-1,-1,-1
1592,57,991,60,28,47,-1,-1,-1,-1
1593,57,990,59,28,48,-1,-1,-1,-1
1594,57,988,58,31,48,-1,-1,-1,-1
1595,57,987,58,32,49,-1,-1,-1,-1
1596,57,985,58,33,49,-1,-1,-1,-1
1597,57,984,59,32,50,-1,-1,-1,-1
1598,57,983,59,33,51,-1,-1,-1,-1
1599,57,984,59,30,50,-1,-1,-1,-1
1600,57,984,59,29,49,-1,-1,-1,-1
1601,57,981,60,31,49,-1,-1,-1,-1
1602,57,979,60,29,48,-1,-1,-1,-1
1603,57,976,58,31,51,-1,-1,-1,-1
1604,57,975,58,32,51,-1,-1,-1,-1
1605,57,975,59,31,50,-1,-1,-1,-1
1606,57,974,58,32,52,-1,-1,-1,-1
1607,57,972,57,34,54,-1,-1,-1,-1
1608,57,971,57,32,55,-1,-1,-1,-1
1609,57,972,57,31,53,-1,-1,-1,-1
1610,57,971,55,31,53,-1,-1,-1,-1
1611,57,970,57,31,52,-1,-1,-1,-1
1612,57,969,56,31,55,-1,-1,-1,-1
1613,57,968,57,30,53,-1,-1,-1,-1
1614,57,967,56,31,53,-1,-1,-1,-1
1615,57,966,56,31,53,-1,-1,-1,-1
1616,57,964,54,33,56,-1,-1,-1,-1
1617,57,963,56,32,52,-1,-1,-1,-1
1618,57,963,57,31,51,-1,-1,-1,-1
1619,57,964,58,27,49,-1,-1,-1,-1
1620,57,960,57,30,50,-1,-1,-1,-1
1621,57,959,57,29,51,-1,-1,-1,-1
1622,57,958,57,30,51,-1,-1,-1,-1
1623,57,957,55,31,53,-1,-1,-1,-1
1624,57,956,54,32,56,-1,-1,-1,-1
1625,57,954,51,35,60,-1,-1,-1,-1
1626,57,953,52,35,59,-1,-1,-1,-1
1627,57,952,54,34,56,-1,-1,-1,-1
1628,57,952,55,32,55,-1,-1,-1,-1
1629,57,951,54,34,56,-1,-1,-1,-1
1630,57,951,54,33,55,-1,-1,-1,-1
1631,57,951,55,32,54,-1,-1,-1,-1
1632,57,951,55,31,54,-1,-1,-1,-1
1633,57,951,55,30,53,-1,-1,-1,-1
1634,57,951,56,30,51,-1,-1,-1,-1
1635,57,950,55,30,51,-1,-1,-1,-1
1636,57,949,56,29,50,-1,-1,-1,-1
1637,57,948,57,30,49,-1,-1,-1,-1
1638,57,948,56,29,50,-1,-1,-1,-1
1639,57,947,57,30,49,-1,-1,-1,-1
1640,57,947,56,29,50,-1,-1,-1,-1
1641,57,947,55,29,50,-1,-1,-1,-1
1642,57,943,55,31,51,-1,-1,-1,-1
1643,57,943,56,30,50,-1,-1,-1,-1
1644,57,938,49,34,58,-1,-1,-1,-1
1645,57,939,52,32,54,-1,-1,-1,-1
1646,57,938,53,31,53,-1,-1,-1,-1
1647,57,936,51,33,55,-1,-1,-1,-1
1648,57,938,52,29,53,-1,-1,-1,-1
1649,57,939,54,28,51,-1,-1,-1,-1
1650,57,938,53,27,52,-1,-1,-1,-1
1651,57,936,53,29,53,-1,-1,-1,-1
1652,57,936,53,28,52,-1,-1,-1,-1
1653,57,933,53,30,53,-1,-1,-1,-1
1654,57,933,53,29,52,-1,-1,-1,-1
1655,57,934,53,27,50,-1,-1,-1,-1
1656,57,933,53,28,50,-1,-1,-1,-1
1657,57,931,51,30,53,-1,-1,-1,-1
1658,57,929,50,32,55,-1,-1,-1,-1
1659,57,928,50,31,55,-1,-1,-1,-1
1660,57,926,49,33,56,-1,-1,-1,-1
1661,57,925,49,32,56,-1,-1,-1,-1
1662,57,924,48,33,59,-1,-1,-1,-1
1663,57,925,49,32,56,-1,-1,-1,-1
1664,57,925,49,32,55,-1,-1,-1,-1
1665,57,924,48,33,57,-1,-1,-1,-1
1666,57,923,50,32,53,-1,-1,-1,-1
1667,57,921,50,31,53,-1,-1,-1,-1
1668,57,921,49,29,53,-1,-1,-1,-1
1669,57,919,49,29,53,-1,-1,-1,-1
1670,57,917,49,30,53,-1,-1,-1,-1
1671,57,920,49,26,50,-1,-1,-1,-1
1672,57,919,49,27,49,-1,-1,-1,-1
1673,57,916,49,28,49,-1,-1,-1,-1
1674,57,915,49,27,50,-1,-1,-1,-1
1675,57,914,48,27,54,-1,-1,-1,-1
1676,57,913,47,27,54,-1,-1,-1,-1
1677,57,913,47,28,55,-1,-1,-1,-1
1678,57,912,47,29,56,-1,-1,-1,-1
1679,57,912,47,29,54,-1,-1,-1,-1
1680,57,913,48,27,54,-1,-1,-1,-1
1681,57,913,48,27,54,-1,-1,-1,-1
1682,57,911,48,28,54,-1,-1,-1,-1
1683,57,909,46,30,56,-1,-1,-1,-1
1684,57,908,46,30,57,-1,-1,-1,-1
1685,57,905,45,33,65,-1,-1,-1,-1
1686,57,902,45,35,66,-1,-1,-1,-1
1687,57,901,46,36,66,-1,-1,-1,-1
1688,57,900,46,36,66,-1,-1,-1,-1
1689,57,901,46,35,64,-1,-1,-1,-1
1690,57,901,45,34,62,-1,-1,-1,-1
1691,57,900,44,32,59,-1,-1,-1,-1
1692,57,897,44,35,64,-1,-1,-1,-1
1693,57,896,45,35,62,-1,-1,-1,-1
1694,57,897,46,34,60,-1,-1,-1,-1
1695,57,895,45,35,61,-1,-1,-1,-1
1696,57,894,46,35,60,-1,-1,-1,-1
1697,57,893,46,34,58,-1,-1,-1,-1
1698,57,893,46,33,58,-1,-1,-1,-1
1699,57,892,47,35,59,-1,-1,-1,-1
1700,57,891,47,35,58,-1,-1,-1,-1
1701,57,891,47,35,58,-1,-1,-1,-1
1702,57,890,47,34,54,-1,-1,-1,-1
1703,57,890,46,33,54,-1,-1,-1,-1
1704,57,889,45,33,55,-1,-1,-1,-1
1705,57,887,46,33,58,-1,-1,-1,-1
1706,57,886,46,31,57,-1,-1,-1,-1
1707,57,885,45,33,60,-1,-1,-1,-1
1708,57,885,45,32,57,-1,-1,-1,-1
1709,57,885,45,33,57,-1,-1,-1,-1
1710,57,883,45,34,59,-1,-1,-1,-1
1711,57,884,46,33,57,-1,-1,-1,-1
1712,57,884,45,33,58,-1,-1,-1,-1
1713,57,884,45,32,57,-1,-1,-1,-1
1714,57,883,45,33,58,-1,-1,-1,-1
1715,57,882,46,34,57,-1,-1,-1,-1
1716,57,880,46,34,60,-1,-1,-1,-1
1717,57,877,45,35,57,-1,-1,-1,-1
1718,57,876,46,34,55,-1,-1,-1,-1
1719,57,876,46,33,55,-1,-1,-1,-1
1720,57,875,45,34,55,-1,-1,-1,-1
1721,57,873,45,35,56,-1,-1,-1,-1
1722,57,872,45,35,56,-1,-1,-1,-1
1723,57,871,45,36,56,-1,-1,-1,-1
1724,57,872,46,34,55,-1,-1,-1,-1
1725,57,870,44,36,57,-1,-1,-1,-1
1726,57,870,43,35,57,-1,-1,-1,-1
1727,57,870,43,34,57,-1,-1,-1,-1
1728,57,869,42,32,55,-1,-1,-1,-1
1729,57,868,43,35,55,-1,-1,-1,-1
1730,57,866,41,35,57,-1,-1,-1,-1
1731,57,865,42,36,57,-1,-1,-1,-1
1732,57,864,41,36,57,-1,-1,-1,-1
1733,57,865,41,32,54,-1,-1,-1,-1
1734,57,865,43,33,53,-1,-1,-1,-1
1735,57,864,43,34,55,-1,-1,-1,-1
1736,57,863,40,33,57,-1,-1,-1,-1
1737,57,864,41,34,58,-1,-1,-1,-1
1738,57,861,41,35,60,-1,-1,-1,-1
1739,57,861,42,33,58,-1,-1,-1,-1
1740,57,861,41,33,57,-1,-1,-1,-1
1741,57,859,42,32,58,-1,-1,-1,-1
1742,57,856,41,32,56,-1,-1,-1,-1
1743,57,858,42,32,57,-1,-1,-1,-1
1744,57,856,41,31,56,-1,-1,-1,-1
1745,57,856,42,31,55,-1,-1,-1,-1
1746,57,857,42,30,55,-1,-1,-1,-1
1747,57,855,44,32,56,-1,-1,-1,-1
1748,57,855,43,31,56,-1,-1,-1,-1
1749,57,853,42,33,57,-1,-1,-1,-1
1750,57,850,40,35,59,-1,-1,-1,-1
1751,57,849,41,35,58,-1,-1,-1,-1
1752,57,848,37,36,60,-1,-1,-1,-1
1753,57,849,41,31,53,-1,-1,-1,-1
1754,57,846,41,31,57,-1,-1,-1,-1
1755,57,844,42,33,56,-1,-1,-1,-1
1777,58,821,35,29,53,-1,-1,-1,-1
1778,58,821,36,29,53,-1,-1,-1,-1
1779,58,821,34,30,55,-1,-1,-1,-1
1780,58,820,35,31,55,-1,-1,-1,-1
1781,58,820,35,30,55,-1,-1,-1,-1
1782,58,819,32,27,58,-1,-1,-1,-1
1783,58,819,34,26,56,-1,-1,-1,-1
1784,58,819,33,26,56,-1,-1,-1,-1
1785,58,816,32,26,57,-1,-1,-1,-1
1786,58,817,38,31,55,-1,-1,-1,-1
1787,58,817,37,32,58,-1,-1,-1,-1
1788,58,815,36,33,61,-1,-1,-1,-1
1789,58,815,40,32,58,-1,-1,-1,-1
1790,58,813,39,27,56,-1,-1,-1,-1
1791,58,812,38,27,56,-1,-1,-1,-1
1792,58,812,38,27,57,-1,-1,-1,-1
1793,58,812,39,26,54,-1,-1,-1,-1
1794,58,811,39,27,54,-1,-1,-1,-1
1795,58,810,39,26,54,-1,-1,-1,-1
1796,58,809,38,27,55,-1,-1,-1,-1
1797,58,808,38,28,56,-1,-1,-1,-1
1798,58,808,39,27,55,-1,-1,-1,-1
1799,58,807,40,27,54,-1,-1,-1,-1
1800,58,806,39,28,55,-1,-1,-1,-1
1801,58,806,38,28,56,-1,-1,-1,-1
1802,58,806,40,28,54,-1,-1,-1,-1
1803,58,806,41,28,53,-1,-1,-1,-1
1804,58,805,43,28,51,-1,-1,-1,-1
1805,58,803,43,28,51,-1,-1,-1,-1
1806,58,802,42,29,52,-1,-1,-1,-1
1807,58,800,41,29,53,-1,-1,-1,-1
1808,58,798,42,29,54,-1,-1,-1,-1
1809,58,795,44,29,53,-1,-1,-1,-1
1810,58,792,45,31,53,-1,-1,-1,-1
1811,58,791,45,31,55,-1,-1,-1,-1
1812,58,789,44,32,54,-1,-1,-1,-1
1813,58,789,42,31,55,-1,-1,-1,-1
1814,58,788,43,31,53,-1,-1,-1,-1
1815,58,786,43,33,55,-1,-1,-1,-1
1816,58,785,43,33,56,-1,-1,-1,-1
1817,58,785,43,33,57,-1,-1,-1,-1
1818,58,787,44,30,55,-1,-1,-1,-1
1819,58,788,43,30,56,-1,-1,-1,-1
1820,58,787,47,29,51,-1,-1,-1,-1
1821,58,787,46,28,52,-1,-1,-1,-1
1822,58,783,48,31,51,-1,-1,-1,-1
1823,58,785,47,29,51,-1,-1,-1,-1
1824,58,782,46,31,54,-1,-1,-1,-1
1825,58,781,44,33,57,-1,-1,-1,-1
1826,58,781,45,32,57,-1,-1,-1,-1
1827,58,780,45,32,56,-1,-1,-1,-1
1828,58,779,41,30,55,-1,-1,-1,-1
1829,58,780,40,26,53,-1,-1,-1,-1
1830,58,779,39,26,53,-1,-1,-1,-1
1831,58,779,38,25,53,-1,-1,-1,-1
1832,58,777,36,24,53,-1,-1,-1,-1
1833,58,774,34,27,59,-1,-1,-1,-1
1835,58,771,35,28,58,-1,-1,-1,-1
1836,58,771,36,29,59,-1,-1,-1,-1
1837,58,772,34,27,58,-1,-1,-1,-1
1838,58,773,36,25,55,-1,-1,-1,-1
1839,58,769,38,27,57,-1,-1,-1,-1
1840,58,767,36,31,57,-1,-1,-1,-1
1841,58,768,37,30,56,-1,-1,-1,-1
1842,58,769,37,29,56,-1,-1,-1,-1
1843,58,764,35,30,55,-1,-1,-1,-1
1844,58,761,38,29,53,-1,-1,-1,-1
1845,58,757,34,29,57,-1,-1,-1,-1
1846,58,754,36,30,58,-1,-1,-1,-1
1847,58,756,38,30,56,-1,-1,-1,-1
1848,58,757,36,28,56,-1,-1,-1,-1
1849,58,755,37,32,59,-1,-1,-1,-1
1850,58,754,37,32,60,-1,-1,-1,-1
1851,58,753,36,33,60,-1,-1,-1,-1
1852,58,752,39,33,57,-1,-1,-1,-1
1853,58,752,37,32,59,-1,-1,-1,-1
1854,58,753,37,30,57,-1,-1,-1,-1
1864,60,738,34,30,59,-1,-1,-1,-1
1865,60,735,34,32,62,-1,-1,-1,-1
1866,60,734,34,31,62,-1,-1,-1,-1
1867,60,733,34,33,63,-1,-1,-1,-1
1868,60,732,34,32,63,-1,-1,-1,-1
1869,60,733,34,31,62,-1,-1,-1,-1
1870,60,732,35,32,63,-1,-1,-1,-1
1871,60,733,35,31,62,-1,-1,-1,-1
1872,60,732,35,32,62,-1,-1,-1,-1
1873,60,731,33,32,64,-1,-1,-1,-1
1874,60,732,34,31,61,-1,-1,-1,-1
1875,60,728,34,31,60,-1,-1,-1,-1
1876,60,729,34,30,60,-1,-1,-1,-1
1877,60,728,35,31,60,-1,-1,-1,-1
1878,60,728,36,31,61,-1,-1,-1,-1
1879,60,727,34,29,61,-1,-1,-1,-1
