1,0,892,40,26,51,-1,-1,-1,-1
2,0,893,40,26,52,-1,-1,-1,-1
3,0,892,40,26,51,-1,-1,-1,-1
4,0,893,41,24,49,-1,-1,-1,-1
5,0,894,40,24,51,-1,-1,-1,-1
6,0,893,40,25,52,-1,-1,-1,-1
7,0,894,40,24,49,-1,-1,-1,-1
8,0,895,40,23,49,-1,-1,-1,-1
9,0,894,40,24,49,-1,-1,-1,-1
10,0,895,41,23,46,-1,-1,-1,-1
11,0,894,40,24,49,-1,-1,-1,-1
12,0,893,41,24,48,-1,-1,-1,-1
13,0,894,40,23,49,-1,-1,-1,-1
14,0,894,40,23,50,-1,-1,-1,-1
15,0,894,40,23,50,-1,-1,-1,-1
16,0,893,41,24,48,-1,-1,-1,-1
17,0,894,41,23,45,-1,-1,-1,-1
18,0,894,41,22,45,-1,-1,-1,-1
19,0,894,41,23,46,-1,-1,-1,-1
20,0,895,41,22,44,-1,-1,-1,-1
21,0,895,41,23,46,-1,-1,-1,-1
22,0,895,41,22,45,-1,-1,-1,-1
23,0,894,40,23,46,-1,-1,-1,-1
24,0,894,40,23,47,-1,-1,-1,-1
25,0,894,40,23,46,-1,-1,-1,-1
26,0,894,40,23,46,-1,-1,-1,-1
27,0,894,40,23,46,-1,-1,-1,-1
28,0,895,40,23,46,-1,-1,-1,-1
29,0,895,40,22,47,-1,-1,-1,-1
30,0,894,40,23,46,-1,-1,-1,-1
31,0,894,39,23,48,-1,-1,-1,-1
32,0,894,39,23,47,-1,-1,-1,-1
33,0,894,40,24,47,-1,-1,-1,-1
34,0,895,40,23,47,-1,-1,-1,-1
35,0,894,40,24,48,-1,-1,-1,-1
36,0,895,40,23,48,-1,-1,-1,-1
37,0,896,40,22,46,-1,-1,-1,-1
38,0,896,40,21,46,-1,-1,-1,-1
39,0,896,40,22,45,-1,-1,-1,-1
40,0,894,40,24,47,-1,-1,-1,-1
41,0,894,40,24,46,-1,-1,-1,-1
42,0,895,40,23,47,-1,-1,-1,-1
43,0,894,40,23,48,-1,-1,-1,-1
44,0,894,40,23,47,-1,-1,-1,-1
45,0,895,40,23,48,-1,-1,-1,-1
46,0,895,40,23,48,-1,-1,-1,-1
47,0,895,39,23,48,-1,-1,-1,-1
48,0,895,40,23,46,-1,-1,-1,-1
49,0,897,40,19,45,-1,-1,-1,-1
50,0,897,40,19,45,-1,-1,-1,-1
51,0,897,40,19,46,-1,-1,-1,-1
52,0,896,40,21,48,-1,-1,-1,-1
53,0,896,40,21,46,-1,-1,-1,-1
54,0,896,40,22,46,-1,-1,-1,-1
55,0,896,40,22,46,-1,-1,-1,-1
56,0,896,40,22,46,-1,-1,-1,-1
57,0,897,40,21,46,-1,-1,-1,-1
58,0,896,40,21,47,-1,-1,-1,-1
59,0,896,40,22,48,-1,-1,-1,-1
60,0,896,40,22,46,-1,-1,-1,-1
61,0,896,40,21,47,-1,-1,-1,-1
62,0,896,40,21,47,-1,-1,-1,-1
63,0,896,40,21,47,-1,-1,-1,-1
64,0,896,40,21,46,-1,-1,-1,-1
65,0,896,40,21,46,-1,-1,-1,-1
66,0,896,40,21,46,-1,-1,-1,-1
67,0,896,40,21,47,-1,-1,-1,-1
68,0,896,40,22,47,-1,-1,-1,-1
69,0,895,40,22,47,-1,-1,-1,-1
70,0,896,40,22,47,-1,-1,-1,-1
71,0,896,40,22,47,-1,-1,-1,-1
72,0,895,41,23,46,-1,-1,-1,-1
1,1,344,783,101,169,-1,-1,-1,-1
2,1,340,786,110,165,-1,-1,-1,-1
3,1,353,785,99,167,-1,-1,-1,-1
4,1,357,788,98,166,-1,-1,-1,-1
5,1,359,792,104,168,-1,-1,-1,-1
6,1,365,790,109,176,-1,-1,-1,-1
7,1,364,793,114,173,-1,-1,-1,-1
8,1,371,799,113,167,-1,-1,-1,-1
9,1,378,799,104,165,-1,-1,-1,-1
10,1,381,800,99,162,-1,-1,-1,-1
11,1,384,803,97,161,-1,-1,-1,-1
12,1,391,808,100,155,-1,-1,-1,-1
13,1,393,807,108,175,-1,-1,-1,-1
14,1,395,811,106,170,-1,-1,-1,-1
15,1,407,816,101,163,-1,-1,-1,-1
16,1,414,817,87,155,-1,-1,-1,-1
17,1,408,816,99,158,-1,-1,-1,-1
18,1,414,817,97,165,-1,-1,-1,-1
19,1,417,812,108,170,-1,-1,-1,-1
20,1,424,819,103,157,-1,-1,-1,-1
21,1,419,823,119,173,-1,-1,-1,-1
22,1,433,826,103,181,-1,-1,-1,-1
23,1,431,826,106,175,-1,-1,-1,-1
24,1,436,832,114,191,-1,-1,-1,-1
25,1,435,835,130,199,-1,-1,-1,-1
26,1,444,838,127,195,-1,-1,-1,-1
27,1,455,845,111,186,-1,-1,-1,-1
28,1,462,849,108,182,-1,-1,-1,-1
29,1,464,853,113,179,-1,-1,-1,-1
30,1,474,860,107,173,-1,-1,-1,-1
31,1,467,854,110,184,-1,-1,-1,-1
32,1,477,861,104,172,-1,-1,-1,-1
33,1,473,858,107,174,-1,-1,-1,-1
34,1,477,863,110,165,-1,-1,-1,-1
35,1,495,871,95,157,-1,-1,-1,-1
36,1,500,868,96,161,-1,-1,-1,-1
37,1,496,872,108,175,-1,-1,-1,-1
38,1,500,869,112,185,-1,-1,-1,-1
39,1,500,885,121,166,-1,-1,-1,-1
40,1,506,886,109,166,-1,-1,-1,-1
41,1,521,890,101,160,-1,-1,-1,-1
42,1,528,893,99,158,-1,-1,-1,-1
43,1,538,893,95,174,-1,-1,-1,-1
44,1,535,898,113,176,-1,-1,-1,-1
45,1,530,910,114,158,-1,-1,-1,-1
46,1,545,905,103,165,-1,-1,-1,-1
47,1,555,905,101,167,-1,-1,-1,-1
48,1,549,906,110,169,-1,-1,-1,-1
49,1,546,905,120,171,-1,-1,-1,-1
50,1,547,905,130,172,-1,-1,-1,-1
51,1,556,916,114,159,-1,-1,-1,-1
52,1,553,920,117,153,-1,-1,-1,-1
53,1,568,918,109,159,-1,-1,-1,-1
54,1,568,923,113,154,-1,-1,-1,-1
55,1,567,926,114,152,-1,-1,-1,-1
56,1,568,932,119,147,-1,-1,-1,-1
57,1,590,938,107,141,-1,-1,-1,-1
58,1,587,942,116,136,-1,-1,-1,-1
59,1,583,943,122,132,-1,-1,-1,-1
60,1,579,948,133,131,-1,-1,-1,-1
61,1,580,949,135,129,-1,-1,-1,-1
62,1,596,956,111,120,-1,-1,-1,-1
63,1,595,959,109,119,-1,-1,-1,-1
64,1,592,959,122,115,-1,-1,-1,-1
65,1,591,952,126,126,-1,-1,-1,-1
66,1,597,962,115,115,-1,-1,-1,-1
67,1,597,968,119,108,-1,-1,-1,-1
68,1,602,979,123,96,-1,-1,-1,-1
69,1,609,983,119,96,-1,-1,-1,-1
70,1,637,993,90,85,-1,-1,-1,-1
71,1,646,1003,83,74,-1,-1,-1,-1
72,1,655,1005,86,72,-1,-1,-1,-1
73,1,686,999,56,72,-1,-1,-1,-1
74,1,661,1005,89,72,-1,-1,-1,-1
75,1,680,1008,72,70,-1,-1,-1,-1
76,1,682,1015,76,60,-1,-1,-1,-1
77,1,684,1017,75,59,-1,-1,-1,-1
78,1,693,1019,68,58,-1,-1,-1,-1
79,1,698,1018,70,59,-1,-1,-1,-1
80,1,711,1023,62,54,-1,-1,-1,-1
81,1,716,1027,58,51,-1,-1,-1,-1
82,1,722,1029,55,49,-1,-1,-1,-1
83,1,728,1033,58,45,-1,-1,-1,-1
84,1,736,1043,49,33,-1,-1,-1,-1
85,1,744,1046,45,31,-1,-1,-1,-1
86,1,750,1047,42,30,-1,-1,-1,-1
74,0,895,40,22,47,-1,-1,-1,-1
75,0,895,40,22,47,-1,-1,-1,-1
76,0,895,40,23,48,-1,-1,-1,-1
77,0,895,40,22,48,-1,-1,-1,-1
78,0,895,40,22,46,-1,-1,-1,-1
79,0,895,40,22,47,-1,-1,-1,-1
80,0,895,40,23,48,-1,-1,-1,-1
81,0,895,40,22,47,-1,-1,-1,-1
82,0,896,39,21,49,-1,-1,-1,-1
83,0,895,39,22,49,-1,-1,-1,-1
84,0,894,40,23,48,-1,-1,-1,-1
85,0,896,40,21,46,-1,-1,-1,-1
86,0,896,40,21,46,-1,-1,-1,-1
87,0,896,40,21,46,-1,-1,-1,-1
88,0,896,40,21,46,-1,-1,-1,-1
89,0,896,40,21,46,-1,-1,-1,-1
90,0,896,40,21,46,-1,-1,-1,-1
91,0,896,40,21,47,-1,-1,-1,-1
92,0,895,40,22,47,-1,-1,-1,-1
93,0,895,40,22,47,-1,-1,-1,-1
94,0,896,40,23,47,-1,-1,-1,-1
95,0,896,41,22,46,-1,-1,-1,-1
96,0,896,40,22,47,-1,-1,-1,-1
100,3,896,40,21,48,-1,-1,-1,-1
101,3,896,40,22,48,-1,-1,-1,-1
102,3,896,41,22,47,-1,-1,-1,-1
163,4,246,1034,54,45,-1,-1,-1,-1
164,4,253,1031,53,48,-1,-1,-1,-1
165,4,254,1032,53,46,-1,-1,-1,-1
166,4,259,1035,47,43,-1,-1,-1,-1
111,0,896,40,21,47,-1,-1,-1,-1
112,0,896,40,22,46,-1,-1,-1,-1
113,0,896,40,22,47,-1,-1,-1,-1
114,0,896,40,21,47,-1,-1,-1,-1
115,0,896,40,20,46,-1,-1,-1,-1
116,0,895,40,23,47,-1,-1,-1,-1
117,0,895,40,23,47,-1,-1,-1,-1
118,0,896,39,20,46,-1,-1,-1,-1
119,0,895,40,23,47,-1,-1,-1,-1
120,0,895,40,23,47,-1,-1,-1,-1
121,0,896,40,22,46,-1,-1,-1,-1
122,0,895,40,22,46,-1,-1,-1,-1
123,0,896,40,21,48,-1,-1,-1,-1
124,0,895,40,23,47,-1,-1,-1,-1
125,0,895,41,23,49,-1,-1,-1,-1
126,0,895,40,24,48,-1,-1,-1,-1
127,0,894,40,25,48,-1,-1,-1,-1
128,0,894,40,25,48,-1,-1,-1,-1
129,0,895,40,24,49,-1,-1,-1,-1
130,0,895,40,24,49,-1,-1,-1,-1
131,0,895,40,24,49,-1,-1,-1,-1
132,0,896,40,24,50,-1,-1,-1,-1
133,0,895,40,24,50,-1,-1,-1,-1
134,0,895,40,24,51,-1,-1,-1,-1
135,0,895,41,26,50,-1,-1,-1,-1
136,0,895,40,25,51,-1,-1,-1,-1
137,0,896,40,23,50,-1,-1,-1,-1
138,0,897,39,21,50,-1,-1,-1,-1
139,0,896,39,22,48,-1,-1,-1,-1
140,0,896,39,23,49,-1,-1,-1,-1
141,0,897,40,21,49,-1,-1,-1,-1
142,0,897,40,22,49,-1,-1,-1,-1
143,0,898,41,22,49,-1,-1,-1,-1
144,0,900,40,20,47,-1,-1,-1,-1
145,0,898,42,24,49,-1,-1,-1,-1
146,0,898,43,24,47,-1,-1,-1,-1
147,0,898,43,23,47,-1,-1,-1,-1
148,0,898,42,25,50,-1,-1,-1,-1
149,0,898,41,25,51,-1,-1,-1,-1
150,0,897,42,27,52,-1,-1,-1,-1
151,0,901,42,25,50,-1,-1,-1,-1
152,0,900,41,27,51,-1,-1,-1,-1
153,0,901,40,27,51,-1,-1,-1,-1
154,0,901,41,26,51,-1,-1,-1,-1
155,0,902,42,25,50,-1,-1,-1,-1
156,0,902,41,27,54,-1,-1,-1,-1
157,0,902,41,27,57,-1,-1,-1,-1
158,0,902,41,28,55,-1,-1,-1,-1
159,0,902,42,29,59,-1,-1,-1,-1
160,0,903,42,29,57,-1,-1,-1,-1
161,0,903,43,29,55,-1,-1,-1,-1
162,0,903,43,29,55,-1,-1,-1,-1
163,0,903,42,30,58,-1,-1,-1,-1
164,0,903,42,30,59,-1,-1,-1,-1
165,0,902,42,32,66,-1,-1,-1,-1
166,0,903,42,31,63,-1,-1,-1,-1
167,0,904,42,30,59,-1,-1,-1,-1
168,0,906,43,32,63,-1,-1,-1,-1
169,0,907,41,31,61,-1,-1,-1,-1
170,0,909,41,29,59,-1,-1,-1,-1
171,0,911,43,27,56,-1,-1,-1,-1
172,0,910,43,28,58,-1,-1,-1,-1
173,0,910,44,29,57,-1,-1,-1,-1
174,0,911,45,27,54,-1,-1,-1,-1
175,0,910,45,30,57,-1,-1,-1,-1
176,0,911,47,29,54,-1,-1,-1,-1
177,0,911,46,30,56,-1,-1,-1,-1
178,0,912,46,30,54,-1,-1,-1,-1
179,0,913,47,30,55,-1,-1,-1,-1
180,0,914,47,29,54,-1,-1,-1,-1
181,0,913,47,31,55,-1,-1,-1,-1
182,0,913,47,32,57,-1,-1,-1,-1
183,0,914,47,32,57,-1,-1,-1,-1
184,0,914,47,33,58,-1,-1,-1,-1
185,0,915,47,33,58,-1,-1,-1,-1
186,0,917,48,31,54,-1,-1,-1,-1
187,0,917,48,31,53,-1,-1,-1,-1
188,0,917,49,32,55,-1,-1,-1,-1
189,0,917,48,33,56,-1,-1,-1,-1
190,0,920,48,33,58,-1,-1,-1,-1
191,0,921,48,33,57,-1,-1,-1,-1
192,0,921,48,34,58,-1,-1,-1,-1
193,0,921,47,34,60,-1,-1,-1,-1
174,6,266,1019,57,58,-1,-1,-1,-1
175,6,269,1026,47,53,-1,-1,-1,-1
176,6,273,1019,65,55,-1,-1,-1,-1
177,6,273,1013,72,65,-1,-1,-1,-1
178,6,275,1016,74,63,-1,-1,-1,-1
179,6,278,1018,71,58,-1,-1,-1,-1
180,6,289,1016,59,60,-1,-1,-1,-1
181,6,289,1013,65,62,-1,-1,-1,-1
182,6,289,1009,67,70,-1,-1,-1,-1
183,6,298,1006,60,72,-1,-1,-1,-1
184,6,310,1003,52,73,-1,-1,-1,-1
185,6,317,1001,52,78,-1,-1,-1,-1
186,6,318,999,57,78,-1,-1,-1,-1
187,6,318,999,63,76,-1,-1,-1,-1
188,6,320,993,64,84,-1,-1,-1,-1
189,6,328,996,65,84,-1,-1,-1,-1
190,6,332,990,62,90,-1,-1,-1,-1
191,6,335,982,68,95,-1,-1,-1,-1
192,6,341,978,70,97,-1,-1,-1,-1
193,6,340,971,75,106,-1,-1,-1,-1
194,6,338,972,81,106,-1,-1,-1,-1
195,0,922,48,34,58,-1,-1,-1,-1
196,0,925,49,30,55,-1,-1,-1,-1
197,0,926,51,30,53,-1,-1,-1,-1
198,0,930,53,28,50,-1,-1,-1,-1
199,0,930,50,29,54,-1,-1,-1,-1
200,0,931,48,29,57,-1,-1,-1,-1
201,0,931,48,29,57,-1,-1,-1,-1
202,0,931,46,30,61,-1,-1,-1,-1
203,0,931,48,30,59,-1,-1,-1,-1
204,0,932,49,29,57,-1,-1,-1,-1
205,0,933,49,30,57,-1,-1,-1,-1
206,0,935,50,27,58,-1,-1,-1,-1
207,0,936,53,26,55,-1,-1,-1,-1
208,0,936,51,31,57,-1,-1,-1,-1
209,0,937,52,31,59,-1,-1,-1,-1
210,0,939,52,30,59,-1,-1,-1,-1
211,0,937,53,32,57,-1,-1,-1,-1
270,8,1636,151,29,60,-1,-1,-1,-1
271,8,1636,151,29,61,-1,-1,-1,-1
272,8,1636,149,31,63,-1,-1,-1,-1
273,8,1636,149,30,63,-1,-1,-1,-1
196,9,355,979,71,101,-1,-1,-1,-1
197,9,359,971,73,107,-1,-1,-1,-1
198,9,365,965,79,110,-1,-1,-1,-1
199,9,381,974,69,105,-1,-1,-1,-1
200,9,383,970,70,110,-1,-1,-1,-1
201,9,378,960,85,120,-1,-1,-1,-1
202,9,385,973,84,106,-1,-1,-1,-1
203,9,393,968,74,109,-1,-1,-1,-1
204,9,389,968,84,109,-1,-1,-1,-1
205,9,415,969,63,104,-1,-1,-1,-1
206,9,418,957,70,114,-1,-1,-1,-1
207,9,410,955,96,120,-1,-1,-1,-1
208,9,414,958,98,119,-1,-1,-1,-1
209,9,417,962,91,113,-1,-1,-1,-1
210,9,417,957,96,120,-1,-1,-1,-1
211,9,420,954,98,125,-1,-1,-1,-1
212,9,432,954,88,126,-1,-1,-1,-1
213,9,433,961,87,118,-1,-1,-1,-1
214,9,443,964,83,113,-1,-1,-1,-1
215,9,444,959,85,120,-1,-1,-1,-1
216,9,450,954,92,126,-1,-1,-1,-1
217,9,458,948,88,130,-1,-1,-1,-1
218,9,459,948,88,131,-1,-1,-1,-1
219,9,461,944,93,136,-1,-1,-1,-1
220,9,466,946,94,133,-1,-1,-1,-1
221,9,464,940,111,138,-1,-1,-1,-1
222,9,473,938,107,138,-1,-1,-1,-1
223,9,476,936,111,141,-1,-1,-1,-1
224,9,478,927,116,148,-1,-1,-1,-1
225,9,488,926,112,150,-1,-1,-1,-1
226,9,492,925,111,150,-1,-1,-1,-1
227,9,497,928,106,147,-1,-1,-1,-1
228,9,501,928,113,152,-1,-1,-1,-1
229,9,510,916,105,159,-1,-1,-1,-1
230,9,519,907,110,166,-1,-1,-1,-1
231,9,524,918,106,157,-1,-1,-1,-1
232,9,532,914,99,160,-1,-1,-1,-1
233,9,536,917,99,154,-1,-1,-1,-1
234,9,522,916,121,164,-1,-1,-1,-1
235,9,547,919,105,155,-1,-1,-1,-1
236,9,541,907,113,168,-1,-1,-1,-1
237,9,545,914,107,159,-1,-1,-1,-1
238,9,541,903,117,174,-1,-1,-1,-1
239,9,551,909,115,170,-1,-1,-1,-1
240,9,555,915,120,163,-1,-1,-1,-1
241,9,565,915,107,157,-1,-1,-1,-1
242,9,563,917,112,160,-1,-1,-1,-1
243,9,574,913,101,160,-1,-1,-1,-1
244,9,578,914,101,161,-1,-1,-1,-1
245,9,583,899,112,175,-1,-1,-1,-1
246,9,583,897,110,178,-1,-1,-1,-1
247,9,599,900,92,173,-1,-1,-1,-1
248,9,599,907,102,170,-1,-1,-1,-1
249,9,606,909,108,164,-1,-1,-1,-1
250,9,607,905,116,171,-1,-1,-1,-1
251,9,617,906,106,167,-1,-1,-1,-1
252,9,624,900,102,171,-1,-1,-1,-1
253,9,624,900,106,178,-1,-1,-1,-1
254,9,624,906,106,171,-1,-1,-1,-1
255,9,623,896,109,181,-1,-1,-1,-1
256,9,628,897,112,176,-1,-1,-1,-1
257,9,633,893,111,182,-1,-1,-1,-1
258,9,643,887,105,184,-1,-1,-1,-1
259,9,649,892,104,176,-1,-1,-1,-1
260,9,655,891,105,165,-1,-1,-1,-1
261,9,649,889,111,172,-1,-1,-1,-1
262,9,651,890,121,176,-1,-1,-1,-1
263,9,661,881,118,183,-1,-1,-1,-1
264,9,670,882,109,170,-1,-1,-1,-1
265,9,681,879,101,174,-1,-1,-1,-1
266,9,673,882,117,180,-1,-1,-1,-1
267,9,678,882,111,172,-1,-1,-1,-1
268,9,693,878,101,177,-1,-1,-1,-1
269,9,679,875,143,181,-1,-1,-1,-1
270,9,700,878,102,178,-1,-1,-1,-1
271,9,696,876,115,187,-1,-1,-1,-1
272,9,696,871,118,185,-1,-1,-1,-1
273,9,711,875,103,177,-1,-1,-1,-1
274,9,720,880,97,168,-1,-1,-1,-1
275,9,722,877,98,170,-1,-1,-1,-1
276,9,731,870,98,170,-1,-1,-1,-1
277,9,728,867,107,164,-1,-1,-1,-1
278,9,742,859,97,165,-1,-1,-1,-1
279,9,749,859,93,177,-1,-1,-1,-1
280,9,744,859,100,179,-1,-1,-1,-1
281,9,740,856,105,185,-1,-1,-1,-1
282,9,754,859,100,180,-1,-1,-1,-1
283,9,754,853,108,187,-1,-1,-1,-1
284,9,759,860,105,175,-1,-1,-1,-1
285,9,760,858,110,182,-1,-1,-1,-1
286,9,754,855,124,182,-1,-1,-1,-1
287,9,772,861,107,171,-1,-1,-1,-1
288,9,776,859,109,176,-1,-1,-1,-1
289,9,780,855,105,175,-1,-1,-1,-1
290,9,789,854,90,161,-1,-1,-1,-1
292,10,804,856,91,162,-1,-1,-1,-1
293,10,808,841,92,161,-1,-1,-1,-1
294,10,809,839,97,166,-1,-1,-1,-1
295,10,819,837,90,170,-1,-1,-1,-1
296,10,815,836,93,167,-1,-1,-1,-1
297,10,809,828,108,178,-1,-1,-1,-1
298,10,823,830,94,168,-1,-1,-1,-1
299,10,837,836,88,159,-1,-1,-1,-1
300,10,840,830,93,172,-1,-1,-1,-1
301,10,840,833,99,170,-1,-1,-1,-1
302,10,841,835,96,166,-1,-1,-1,-1
303,10,841,839,109,163,-1,-1,-1,-1
304,10,848,831,100,169,-1,-1,-1,-1
305,10,848,829,103,174,-1,-1,-1,-1
306,10,847,832,108,171,-1,-1,-1,-1
307,10,853,824,112,173,-1,-1,-1,-1
308,10,865,819,101,171,-1,-1,-1,-1
309,10,872,820,102,169,-1,-1,-1,-1
310,10,891,815,87,165,-1,-1,-1,-1
311,10,883,809,97,182,-1,-1,-1,-1
312,10,888,815,91,164,-1,-1,-1,-1
378,11,1554,150,31,62,-1,-1,-1,-1
379,11,1556,149,30,62,-1,-1,-1,-1
380,11,1556,150,30,62,-1,-1,-1,-1
381,11,1555,149,31,63,-1,-1,-1,-1
653,12,1427,193,38,71,-1,-1,-1,-1
654,12,1429,195,36,69,-1,-1,-1,-1
655,12,1429,193,40,74,-1,-1,-1,-1
656,12,1426,192,42,74,-1,-1,-1,-1
657,12,1424,189,46,77,-1,-1,-1,-1
737,13,744,0,26,36,-1,-1,-1,-1
738,13,744,0,26,36,-1,-1,-1,-1
739,13,745,0,25,36,-1,-1,-1,-1
797,13,745,0,25,38,-1,-1,-1,-1
798,13,745,0,24,38,-1,-1,-1,-1
799,13,745,0,25,38,-1,-1,-1,-1
800,13,744,0,26,38,-1,-1,-1,-1
801,13,745,0,25,39,-1,-1,-1,-1
802,13,745,1,25,38,-1,-1,-1,-1
216,0,943,53,31,56,-1,-1,-1,-1
217,0,942,53,32,57,-1,-1,-1,-1
218,0,943,53,33,56,-1,-1,-1,-1
219,0,945,53,33,56,-1,-1,-1,-1
220,0,946,53,33,56,-1,-1,-1,-1
221,0,946,53,34,57,-1,-1,-1,-1
222,0,947,53,32,57,-1,-1,-1,-1
223,0,947,54,33,55,-1,-1,-1,-1
224,0,950,54,31,54,-1,-1,-1,-1
225,0,952,54,28,53,-1,-1,-1,-1
226,0,953,53,28,53,-1,-1,-1,-1
227,0,955,53,27,54,-1,-1,-1,-1
228,0,957,52,27,54,-1,-1,-1,-1
229,0,959,53,23,48,-1,-1,-1,-1
230,0,959,52,25,52,-1,-1,-1,-1
231,0,961,53,23,52,-1,-1,-1,-1
232,0,960,55,26,54,-1,-1,-1,-1
233,0,962,54,28,56,-1,-1,-1,-1
234,0,963,56,26,53,-1,-1,-1,-1
235,0,963,56,27,55,-1,-1,-1,-1
236,0,963,55,28,57,-1,-1,-1,-1
237,0,963,56,30,56,-1,-1,-1,-1
238,0,963,57,29,57,-1,-1,-1,-1
239,0,964,58,28,54,-1,-1,-1,-1
240,0,964,58,30,55,-1,-1,-1,-1
241,0,964,58,30,56,-1,-1,-1,-1
242,0,964,59,30,54,-1,-1,-1,-1
243,0,964,59,31,57,-1,-1,-1,-1
244,0,967,59,31,56,-1,-1,-1,-1
245,0,969,58,31,58,-1,-1,-1,-1
246,0,968,58,32,58,-1,-1,-1,-1
247,0,969,59,32,57,-1,-1,-1,-1
248,0,969,58,33,59,-1,-1,-1,-1
249,0,969,58,34,60,-1,-1,-1,-1
250,0,969,58,37,63,-1,-1,-1,-1
251,0,969,59,37,62,-1,-1,-1,-1
252,0,972,60,35,61,-1,-1,-1,-1
253,0,974,60,34,63,-1,-1,-1,-1
254,0,975,61,34,62,-1,-1,-1,-1
255,0,976,62,32,59,-1,-1,-1,-1
256,0,978,63,30,56,-1,-1,-1,-1
257,0,980,62,28,55,-1,-1,-1,-1
258,0,982,62,30,53,-1,-1,-1,-1
259,0,982,63,32,54,-1,-1,-1,-1
260,0,983,63,33,56,-1,-1,-1,-1
261,0,983,63,33,55,-1,-1,-1,-1
262,0,983,61,34,57,-1,-1,-1,-1
263,0,983,61,35,59,-1,-1,-1,-1
264,0,986,63,33,56,-1,-1,-1,-1
265,0,987,63,35,58,-1,-1,-1,-1
266,0,988,64,34,58,-1,-1,-1,-1
267,0,989,66,34,56,-1,-1,-1,-1
268,0,990,66,34,57,-1,-1,-1,-1
269,0,991,64,34,60,-1,-1,-1,-1
270,0,992,64,34,58,-1,-1,-1,-1
271,0,992,64,35,60,-1,-1,-1,-1
272,0,991,64,35,61,-1,-1,-1,-1
273,0,991,64,37,61,-1,-1,-1,-1
274,0,993,65,36,60,-1,-1,-1,-1
275,0,996,66,35,61,-1,-1,-1,-1
276,0,997,67,34,60,-1,-1,-1,-1
277,0,998,66,35,62,-1,-1,-1,-1
278,0,999,66,34,64,-1,-1,-1,-1
279,0,998,64,36,66,-1,-1,-1,-1
280,0,999,65,36,66,-1,-1,-1,-1
281,0,1000,65,37,66,-1,-1,-1,-1
282,0,1001,65,35,66,-1,-1,-1,-1
283,0,1003,64,36,65,-1,-1,-1,-1
284,0,1005,66,34,62,-1,-1,-1,-1
285,0,1006,67,34,60,-1,-1,-1,-1
286,0,1006,66,37,63,-1,-1,-1,-1
287,0,1008,68,36,60,-1,-1,-1,-1
288,0,1010,64,37,67,-1,-1,-1,-1
289,0,1009,63,38,68,-1,-1,-1,-1
290,0,1010,66,37,64,-1,-1,-1,-1
291,0,1012,65,36,65,-1,-1,-1,-1
292,0,1014,68,35,61,-1,-1,-1,-1
293,0,1014,68,35,60,-1,-1,-1,-1
294,0,1014,72,34,58,-1,-1,-1,-1
295,0,1017,71,32,58,-1,-1,-1,-1
296,0,1020,73,30,55,-1,-1,-1,-1
297,0,1020,73,31,56,-1,-1,-1,-1
298,0,1021,73,31,58,-1,-1,-1,-1
299,0,1022,72,31,57,-1,-1,-1,-1
300,0,1022,71,32,58,-1,-1,-1,-1
301,0,1021,72,34,60,-1,-1,-1,-1
302,0,1021,73,34,59,-1,-1,-1,-1
303,0,1023,71,34,61,-1,-1,-1,-1
304,0,1023,71,34,62,-1,-1,-1,-1
305,0,1024,71,35,62,-1,-1,-1,-1
306,0,1025,71,35,64,-1,-1,-1,-1
307,0,1026,71,34,63,-1,-1,-1,-1
308,0,1026,69,35,66,-1,-1,-1,-1
309,0,1031,70,33,63,-1,-1,-1,-1
310,0,1032,69,33,64,-1,-1,-1,-1
311,0,1034,69,32,64,-1,-1,-1,-1
312,0,1036,69,32,61,-1,-1,-1,-1
313,0,1039,74,31,56,-1,-1,-1,-1
314,0,1040,77,31,54,-1,-1,-1,-1
315,0,1041,77,31,53,-1,-1,-1,-1
316,0,1042,77,31,52,-1,-1,-1,-1
317,0,1042,78,30,52,-1,-1,-1,-1
318,0,1043,73,31,57,-1,-1,-1,-1
319,0,1043,74,33,57,-1,-1,-1,-1
320,0,1044,71,33,60,-1,-1,-1,-1
321,0,1045,74,32,57,-1,-1,-1,-1
322,0,1047,76,31,55,-1,-1,-1,-1
323,0,1050,78,30,53,-1,-1,-1,-1
324,0,1052,78,29,53,-1,-1,-1,-1
325,0,1051,77,30,53,-1,-1,-1,-1
326,0,1053,78,29,52,-1,-1,-1,-1
327,0,1053,78,30,54,-1,-1,-1,-1
328,0,1055,78,29,53,-1,-1,-1,-1
329,0,1055,77,29,54,-1,-1,-1,-1
330,0,1058,76,28,53,-1,-1,-1,-1
331,0,1061,75,28,52,-1,-1,-1,-1
332,0,1062,76,29,52,-1,-1,-1,-1
333,0,1064,78,29,52,-1,-1,-1,-1
334,0,1066,78,28,52,-1,-1,-1,-1
335,0,1066,78,29,52,-1,-1,-1,-1
336,0,1066,78,30,53,-1,-1,-1,-1
337,0,1066,78,31,52,-1,-1,-1,-1
338,0,1068,78,30,53,-1,-1,-1,-1
339,0,1067,77,33,53,-1,-1,-1,-1
340,0,1068,73,36,59,-1,-1,-1,-1
341,0,1067,73,36,61,-1,-1,-1,-1
342,0,1068,76,36,59,-1,-1,-1,-1
343,0,1069,77,35,60,-1,-1,-1,-1
344,0,1074,75,34,59,-1,-1,-1,-1
345,0,1078,76,33,58,-1,-1,-1,-1
346,0,1076,76,34,62,-1,-1,-1,-1
347,0,1077,75,34,62,-1,-1,-1,-1
348,0,1078,75,33,63,-1,-1,-1,-1
349,0,1080,76,33,62,-1,-1,-1,-1
350,0,1082,76,31,59,-1,-1,-1,-1
351,0,1082,78,32,60,-1,-1,-1,-1
352,0,1083,80,32,58,-1,-1,-1,-1
353,0,1083,81,33,60,-1,-1,-1,-1
354,0,1084,81,33,58,-1,-1,-1,-1
355,0,1085,79,33,60,-1,-1,-1,-1
356,0,1086,80,33,59,-1,-1,-1,-1
357,0,1087,78,32,57,-1,-1,-1,-1
358,0,1089,77,31,56,-1,-1,-1,-1
359,0,1089,79,32,56,-1,-1,-1,-1
360,0,1090,77,33,58,-1,-1,-1,-1
361,0,1091,71,35,67,-1,-1,-1,-1
362,0,1091,69,37,74,-1,-1,-1,-1
363,0,1091,69,38,78,-1,-1,-1,-1
364,0,1091,69,38,77,-1,-1,-1,-1
365,0,1091,69,38,79,-1,-1,-1,-1
366,0,1092,68,39,84,-1,-1,-1,-1
367,0,1093,72,40,83,-1,-1,-1,-1
368,0,1094,72,40,80,-1,-1,-1,-1
369,0,1096,75,38,73,-1,-1,-1,-1
370,0,1097,76,38,77,-1,-1,-1,-1
371,0,1098,78,39,75,-1,-1,-1,-1
372,0,1102,80,37,71,-1,-1,-1,-1
373,0,1103,82,37,70,-1,-1,-1,-1
374,0,1103,84,37,69,-1,-1,-1,-1
375,0,1104,84,39,69,-1,-1,-1,-1
376,0,1103,84,40,70,-1,-1,-1,-1
377,0,1105,84,39,69,-1,-1,-1,-1
378,0,1107,84,39,70,-1,-1,-1,-1
379,0,1109,77,40,77,-1,-1,-1,-1
380,0,1112,74,40,80,-1,-1,-1,-1
381,0,1113,76,40,79,-1,-1,-1,-1
382,0,1115,74,39,80,-1,-1,-1,-1
383,0,1117,79,38,75,-1,-1,-1,-1
384,0,1119,80,37,73,-1,-1,-1,-1
385,0,1119,77,37,78,-1,-1,-1,-1
386,0,1120,77,38,77,-1,-1,-1,-1
387,0,1121,81,38,74,-1,-1,-1,-1
388,0,1122,80,38,75,-1,-1,-1,-1
389,0,1123,83,38,72,-1,-1,-1,-1
390,0,1124,87,37,68,-1,-1,-1,-1
391,0,1125,90,36,65,-1,-1,-1,-1
392,0,1128,96,34,60,-1,-1,-1,-1
393,0,1129,99,33,56,-1,-1,-1,-1
394,0,1130,94,34,63,-1,-1,-1,-1
395,0,1133,100,32,57,-1,-1,-1,-1
396,0,1135,95,33,60,-1,-1,-1,-1
397,0,1138,91,35,63,-1,-1,-1,-1
398,0,1139,92,34,63,-1,-1,-1,-1
399,0,1141,100,32,57,-1,-1,-1,-1
400,0,1143,103,32,56,-1,-1,-1,-1
401,0,1143,102,35,57,-1,-1,-1,-1
402,0,1143,102,34,57,-1,-1,-1,-1
403,0,1144,104,34,57,-1,-1,-1,-1
404,0,1146,104,32,57,-1,-1,-1,-1
405,0,1145,104,32,58,-1,-1,-1,-1
406,0,1148,105,30,56,-1,-1,-1,-1
407,0,1149,106,29,54,-1,-1,-1,-1
408,0,1150,100,32,59,-1,-1,-1,-1
409,0,1152,104,32,57,-1,-1,-1,-1
410,0,1154,104,32,57,-1,-1,-1,-1
411,0,1155,105,32,58,-1,-1,-1,-1
412,0,1155,109,34,57,-1,-1,-1,-1
413,0,1157,108,35,63,-1,-1,-1,-1
414,0,1158,108,34,63,-1,-1,-1,-1
415,0,1159,108,34,65,-1,-1,-1,-1
416,0,1159,106,36,66,-1,-1,-1,-1
417,0,1160,106,35,66,-1,-1,-1,-1
418,0,1159,104,38,69,-1,-1,-1,-1
419,0,1161,105,35,68,-1,-1,-1,-1
420,0,1163,104,39,67,-1,-1,-1,-1
421,0,1164,105,39,70,-1,-1,-1,-1
422,0,1166,104,38,65,-1,-1,-1,-1
423,0,1170,104,34,62,-1,-1,-1,-1
424,0,1170,103,35,68,-1,-1,-1,-1
425,0,1170,106,36,67,-1,-1,-1,-1
426,0,1170,105,36,67,-1,-1,-1,-1
427,0,1170,106,37,67,-1,-1,-1,-1
428,0,1172,109,36,65,-1,-1,-1,-1
429,0,1173,111,37,65,-1,-1,-1,-1
430,0,1174,110,39,69,-1,-1,-1,-1
431,0,1174,109,39,70,-1,-1,-1,-1
432,0,1176,108,39,68,-1,-1,-1,-1
433,0,1178,106,38,69,-1,-1,-1,-1
434,0,1178,108,39,68,-1,-1,-1,-1
435,0,1178,106,40,69,-1,-1,-1,-1
436,0,1178,105,40,69,-1,-1,-1,-1
437,0,1178,106,41,70,-1,-1,-1,-1
438,0,1177,105,43,71,-1,-1,-1,-1
439,0,1177,106,43,72,-1,-1,-1,-1
440,0,1180,105,41,72,-1,-1,-1,-1
441,0,1181,105,40,72,-1,-1,-1,-1
442,0,1182,106,42,71,-1,-1,-1,-1
443,0,1183,107,41,69,-1,-1,-1,-1
444,0,1185,108,39,67,-1,-1,-1,-1
445,0,1184,110,41,68,-1,-1,-1,-1
446,0,1186,110,40,68,-1,-1,-1,-1
447,0,1190,109,39,68,-1,-1,-1,-1
448,0,1192,108,39,68,-1,-1,-1,-1
449,0,1193,110,39,68,-1,-1,-1,-1
450,0,1197,109,37,66,-1,-1,-1,-1
451,0,1201,108,35,66,-1,-1,-1,-1
452,0,1202,108,34,67,-1,-1,-1,-1
453,0,1203,109,34,66,-1,-1,-1,-1
454,0,1202,109,35,67,-1,-1,-1,-1
455,0,1202,110,36,67,-1,-1,-1,-1
456,0,1202,112,36,65,-1,-1,-1,-1
457,0,1203,112,36,67,-1,-1,-1,-1
458,0,1204,113,35,66,-1,-1,-1,-1
459,0,1204,113,36,68,-1,-1,-1,-1
460,0,1204,113,37,67,-1,-1,-1,-1
461,0,1204,113,38,67,-1,-1,-1,-1
462,0,1204,112,39,68,-1,-1,-1,-1
463,0,1206,113,38,68,-1,-1,-1,-1
464,0,1206,113,38,68,-1,-1,-1,-1
465,0,1207,113,38,68,-1,-1,-1,-1
466,0,1208,112,38,68,-1,-1,-1,-1
467,0,1208,112,39,69,-1,-1,-1,-1
468,0,1209,112,39,69,-1,-1,-1,-1
469,0,1207,111,42,74,-1,-1,-1,-1
470,0,1209,111,43,74,-1,-1,-1,-1
471,0,1213,112,40,71,-1,-1,-1,-1
472,0,1216,111,38,70,-1,-1,-1,-1
473,0,1216,113,38,70,-1,-1,-1,-1
474,0,1220,113,35,67,-1,-1,-1,-1
475,0,1221,113,36,68,-1,-1,-1,-1
476,0,1220,113,38,70,-1,-1,-1,-1
477,0,1219,113,39,74,-1,-1,-1,-1
478,0,1220,113,38,73,-1,-1,-1,-1
479,0,1222,114,36,70,-1,-1,-1,-1
480,0,1224,113,34,68,-1,-1,-1,-1
481,0,1224,113,36,70,-1,-1,-1,-1
482,0,1223,113,38,72,-1,-1,-1,-1
483,0,1224,114,38,70,-1,-1,-1,-1
484,0,1222,116,40,72,-1,-1,-1,-1
485,0,1223,114,42,75,-1,-1,-1,-1
486,0,1225,117,37,70,-1,-1,-1,-1
487,0,1227,118,35,69,-1,-1,-1,-1
488,0,1227,118,36,70,-1,-1,-1,-1
489,0,1227,119,36,68,-1,-1,-1,-1
490,0,1227,122,36,65,-1,-1,-1,-1
491,0,1228,122,35,62,-1,-1,-1,-1
492,0,1228,121,37,67,-1,-1,-1,-1
493,0,1230,120,36,69,-1,-1,-1,-1
494,0,1229,121,38,70,-1,-1,-1,-1
495,0,1232,121,35,67,-1,-1,-1,-1
496,0,1233,121,35,68,-1,-1,-1,-1
497,0,1232,120,40,72,-1,-1,-1,-1
498,0,1233,119,41,71,-1,-1,-1,-1
499,0,1235,119,39,72,-1,-1,-1,-1
500,0,1236,121,37,68,-1,-1,-1,-1
501,0,1236,124,37,66,-1,-1,-1,-1
502,0,1236,123,39,68,-1,-1,-1,-1
503,0,1237,124,38,67,-1,-1,-1,-1
504,0,1238,124,38,67,-1,-1,-1,-1
505,0,1238,126,38,66,-1,-1,-1,-1
506,0,1237,126,40,67,-1,-1,-1,-1
507,0,1239,125,39,68,-1,-1,-1,-1
508,0,1240,125,38,66,-1,-1,-1,-1
509,0,1242,125,38,66,-1,-1,-1,-1
510,0,1242,125,39,67,-1,-1,-1,-1
511,0,1242,123,40,72,-1,-1,-1,-1
512,0,1243,124,40,71,-1,-1,-1,-1
513,0,1245,125,39,69,-1,-1,-1,-1
514,0,1245,125,39,70,-1,-1,-1,-1
515,0,1244,127,41,70,-1,-1,-1,-1
516,0,1246,127,39,70,-1,-1,-1,-1
517,0,1247,128,38,69,-1,-1,-1,-1
518,0,1248,127,39,72,-1,-1,-1,-1
519,0,1249,128,37,70,-1,-1,-1,-1
520,0,1250,127,36,71,-1,-1,-1,-1
521,0,1251,127,37,72,-1,-1,-1,-1
522,0,1251,127,37,71,-1,-1,-1,-1
523,0,1251,126,38,72,-1,-1,-1,-1
524,0,1252,125,38,74,-1,-1,-1,-1
525,0,1253,125,38,75,-1,-1,-1,-1
526,0,1252,125,39,78,-1,-1,-1,-1
527,0,1254,125,39,76,-1,-1,-1,-1
528,0,1257,126,39,75,-1,-1,-1,-1
529,0,1258,126,40,74,-1,-1,-1,-1
530,0,1258,126,39,75,-1,-1,-1,-1
531,0,1259,128,39,75,-1,-1,-1,-1
532,0,1259,129,39,75,-1,-1,-1,-1
533,0,1259,130,41,76,-1,-1,-1,-1
534,0,1260,131,40,75,-1,-1,-1,-1
535,0,1261,131,39,73,-1,-1,-1,-1
536,0,1262,133,39,73,-1,-1,-1,-1
537,0,1263,132,40,73,-1,-1,-1,-1
538,0,1264,132,40,77,-1,-1,-1,-1
539,0,1265,131,39,77,-1,-1,-1,-1
540,0,1265,131,40,78,-1,-1,-1,-1
541,0,1265,132,39,78,-1,-1,-1,-1
542,0,1265,133,40,78,-1,-1,-1,-1
543,0,1266,135,39,76,-1,-1,-1,-1
544,0,1266,136,40,76,-1,-1,-1,-1
545,0,1266,136,41,75,-1,-1,-1,-1
546,0,1267,136,40,77,-1,-1,-1,-1
547,0,1267,138,41,76,-1,-1,-1,-1
548,0,1270,138,39,78,-1,-1,-1,-1
549,0,1270,139,41,77,-1,-1,-1,-1
550,0,1271,139,40,76,-1,-1,-1,-1
551,0,1272,140,40,76,-1,-1,-1,-1
552,0,1272,139,40,78,-1,-1,-1,-1
553,0,1273,139,41,75,-1,-1,-1,-1
554,0,1274,139,40,76,-1,-1,-1,-1
555,0,1274,139,42,74,-1,-1,-1,-1
556,0,1275,139,40,77,-1,-1,-1,-1
557,0,1275,141,40,76,-1,-1,-1,-1
558,0,1275,141,41,78,-1,-1,-1,-1
559,0,1276,142,41,80,-1,-1,-1,-1
560,0,1277,143,40,79,-1,-1,-1,-1
561,0,1278,143,40,78,-1,-1,-1,-1
562,0,1280,145,41,77,-1,-1,-1,-1
563,0,1280,146,41,77,-1,-1,-1,-1
564,0,1281,147,40,76,-1,-1,-1,-1
565,0,1282,147,41,76,-1,-1,-1,-1
566,0,1283,147,40,74,-1,-1,-1,-1
567,0,1283,147,42,75,-1,-1,-1,-1
568,0,1284,146,42,76,-1,-1,-1,-1
569,0,1285,145,41,76,-1,-1,-1,-1
570,0,1285,144,43,78,-1,-1,-1,-1
571,0,1285,145,44,78,-1,-1,-1,-1
572,0,1286,145,44,78,-1,-1,-1,-1
573,0,1286,147,43,75,-1,-1,-1,-1
574,0,1286,147,44,76,-1,-1,-1,-1
575,0,1287,148,44,75,-1,-1,-1,-1
576,0,1288,148,44,75,-1,-1,-1,-1
577,0,1289,149,43,74,-1,-1,-1,-1
578,0,1290,149,43,75,-1,-1,-1,-1
579,0,1289,149,45,76,-1,-1,-1,-1
580,0,1288,149,47,77,-1,-1,-1,-1
581,0,1291,148,47,78,-1,-1,-1,-1
582,0,1294,148,44,77,-1,-1,-1,-1
583,0,1293,149,47,79,-1,-1,-1,-1
584,0,1292,150,49,78,-1,-1,-1,-1
585,0,1295,151,48,77,-1,-1,-1,-1
586,0,1297,152,48,78,-1,-1,-1,-1
587,0,1299,153,47,78,-1,-1,-1,-1
588,0,1301,153,47,80,-1,-1,-1,-1
589,0,1304,153,44,81,-1,-1,-1,-1
590,0,1305,153,44,82,-1,-1,-1,-1
591,0,1306,153,43,82,-1,-1,-1,-1
592,0,1307,153,44,82,-1,-1,-1,-1
593,0,1308,153,44,83,-1,-1,-1,-1
594,0,1308,154,45,84,-1,-1,-1,-1
595,0,1310,154,45,86,-1,-1,-1,-1
596,0,1309,155,47,84,-1,-1,-1,-1
597,0,1311,155,46,86,-1,-1,-1,-1
598,0,1312,156,47,87,-1,-1,-1,-1
599,0,1313,158,47,84,-1,-1,-1,-1
600,0,1314,159,47,81,-1,-1,-1,-1
601,0,1319,159,45,79,-1,-1,-1,-1
602,0,1320,159,45,80,-1,-1,-1,-1
603,0,1320,161,46,81,-1,-1,-1,-1
604,0,1319,161,48,83,-1,-1,-1,-1
605,0,1326,161,45,83,-1,-1,-1,-1
606,0,1330,162,42,78,-1,-1,-1,-1
607,0,1331,163,42,77,-1,-1,-1,-1
608,0,1331,162,44,80,-1,-1,-1,-1
609,0,1333,162,41,77,-1,-1,-1,-1
610,0,1336,161,40,76,-1,-1,-1,-1
611,0,1334,164,43,78,-1,-1,-1,-1
612,0,1336,164,44,82,-1,-1,-1,-1
613,0,1338,164,45,81,-1,-1,-1,-1
614,0,1339,164,46,81,-1,-1,-1,-1
615,0,1341,164,47,82,-1,-1,-1,-1
616,0,1341,164,47,84,-1,-1,-1,-1
617,0,1346,166,43,82,-1,-1,-1,-1
618,0,1346,170,42,78,-1,-1,-1,-1
619,0,1349,169,45,79,-1,-1,-1,-1
620,0,1352,170,45,78,-1,-1,-1,-1
621,0,1352,170,46,78,-1,-1,-1,-1
622,0,1354,168,46,78,-1,-1,-1,-1
623,0,1355,168,45,78,-1,-1,-1,-1
624,0,1357,171,44,76,-1,-1,-1,-1
625,0,1359,171,45,76,-1,-1,-1,-1
626,0,1361,173,47,77,-1,-1,-1,-1
627,0,1363,176,45,74,-1,-1,-1,-1
628,0,1364,176,44,73,-1,-1,-1,-1
629,0,1364,175,48,75,-1,-1,-1,-1
630,0,1364,175,47,75,-1,-1,-1,-1
631,0,1367,176,46,76,-1,-1,-1,-1
632,0,1370,176,46,77,-1,-1,-1,-1
633,0,1374,180,44,74,-1,-1,-1,-1
634,0,1376,181,42,73,-1,-1,-1,-1
635,0,1379,181,44,75,-1,-1,-1,-1
636,0,1385,178,44,80,-1,-1,-1,-1
637,0,1384,179,49,77,-1,-1,-1,-1
638,0,1387,179,50,80,-1,-1,-1,-1
639,0,1383,176,60,86,-1,-1,-1,-1
640,0,1386,184,53,82,-1,-1,-1,-1
641,0,1386,186,53,81,-1,-1,-1,-1
642,0,1392,187,50,74,-1,-1,-1,-1
643,0,1394,179,51,82,-1,-1,-1,-1
644,0,1396,181,48,81,-1,-1,-1,-1
645,0,1401,190,42,72,-1,-1,-1,-1
646,0,1401,187,43,75,-1,-1,-1,-1
647,0,1401,180,44,81,-1,-1,-1,-1
648,0,1401,181,45,81,-1,-1,-1,-1
649,0,1402,176,52,88,-1,-1,-1,-1
650,0,1404,177,50,87,-1,-1,-1,-1
651,0,1406,188,46,76,-1,-1,-1,-1
652,0,1405,191,42,74,-1,-1,-1,-1
653,0,1406,189,41,71,-1,-1,-1,-1
654,0,1405,193,39,67,-1,-1,-1,-1
655,0,1405,191,41,72,-1,-1,-1,-1
656,0,1402,193,41,69,-1,-1,-1,-1
657,0,1406,187,47,74,-1,-1,-1,-1
658,0,1421,186,52,83,-1,-1,-1,-1
659,0,1427,188,48,82,-1,-1,-1,-1
660,0,1433,190,47,81,-1,-1,-1,-1
661,0,1436,193,46,78,-1,-1,-1,-1
662,0,1439,187,48,83,-1,-1,-1,-1
663,0,1437,183,51,87,-1,-1,-1,-1
664,0,1441,188,50,83,-1,-1,-1,-1
665,0,1443,184,47,85,-1,-1,-1,-1
666,0,1444,187,45,85,-1,-1,-1,-1
667,0,1444,186,46,84,-1,-1,-1,-1
668,0,1447,188,46,82,-1,-1,-1,-1
669,0,1447,190,46,78,-1,-1,-1,-1
670,0,1449,193,47,78,-1,-1,-1,-1
671,0,1450,192,49,80,-1,-1,-1,-1
672,0,1454,193,44,77,-1,-1,-1,-1
673,0,1458,196,45,75,-1,-1,-1,-1
674,0,1457,196,49,78,-1,-1,-1,-1
675,0,1461,197,47,77,-1,-1,-1,-1
676,0,1464,197,45,79,-1,-1,-1,-1
677,0,1465,198,45,79,-1,-1,-1,-1
678,0,1467,198,47,80,-1,-1,-1,-1
679,0,1469,198,45,81,-1,-1,-1,-1
680,0,1470,200,45,83,-1,-1,-1,-1
681,0,1470,199,47,82,-1,-1,-1,-1
682,0,1470,198,49,83,-1,-1,-1,-1
683,0,1473,199,48,83,-1,-1,-1,-1
684,0,1477,199,46,84,-1,-1,-1,-1
685,0,1480,199,47,82,-1,-1,-1,-1
686,0,1482,202,48,82,-1,-1,-1,-1
687,0,1486,203,47,81,-1,-1,-1,-1
688,0,1490,203,46,81,-1,-1,-1,-1
689,0,1491,203,46,82,-1,-1,-1,-1
690,0,1493,204,44,80,-1,-1,-1,-1
691,0,1494,204,46,83,-1,-1,-1,-1
692,0,1498,206,44,80,-1,-1,-1,-1
693,0,1498,207,46,83,-1,-1,-1,-1
694,0,1498,206,54,87,-1,-1,-1,-1
695,0,1501,206,52,85,-1,-1,-1,-1
696,0,1503,206,49,83,-1,-1,-1,-1
697,0,1500,208,54,81,-1,-1,-1,-1
698,0,1507,210,49,78,-1,-1,-1,-1
699,0,1509,210,51,78,-1,-1,-1,-1
700,0,1512,211,50,79,-1,-1,-1,-1
701,0,1514,211,49,80,-1,-1,-1,-1
702,0,1518,211,48,82,-1,-1,-1,-1
703,0,1518,212,48,81,-1,-1,-1,-1
704,0,1519,210,50,86,-1,-1,-1,-1
705,0,1523,212,46,81,-1,-1,-1,-1
706,0,1524,212,48,82,-1,-1,-1,-1
707,0,1524,211,51,84,-1,-1,-1,-1
708,0,1527,212,52,85,-1,-1,-1,-1
709,0,1530,214,52,82,-1,-1,-1,-1
710,0,1534,215,50,81,-1,-1,-1,-1
711,0,1534,216,50,77,-1,-1,-1,-1
712,0,1535,216,50,78,-1,-1,-1,-1
713,0,1537,217,48,79,-1,-1,-1,-1
714,0,1540,218,47,79,-1,-1,-1,-1
715,0,1544,218,46,81,-1,-1,-1,-1
716,0,1547,219,45,78,-1,-1,-1,-1
717,0,1548,218,48,81,-1,-1,-1,-1
718,0,1553,219,46,82,-1,-1,-1,-1
719,0,1558,218,47,84,-1,-1,-1,-1
720,0,1558,218,48,86,-1,-1,-1,-1
721,0,1559,219,47,86,-1,-1,-1,-1
722,0,1561,220,46,86,-1,-1,-1,-1
723,0,1562,220,47,86,-1,-1,-1,-1
724,0,1564,221,47,84,-1,-1,-1,-1
725,0,1567,221,48,85,-1,-1,-1,-1
726,0,1566,221,51,87,-1,-1,-1,-1
727,0,1571,222,50,88,-1,-1,-1,-1
728,0,1576,224,48,86,-1,-1,-1,-1
729,0,1570,227,62,84,-1,-1,-1,-1
730,0,1583,227,46,83,-1,-1,-1,-1
731,0,1584,228,46,84,-1,-1,-1,-1
732,0,1583,227,49,84,-1,-1,-1,-1
733,0,1586,228,48,85,-1,-1,-1,-1
734,0,1587,229,48,84,-1,-1,-1,-1
735,0,1587,229,50,85,-1,-1,-1,-1
736,0,1589,229,51,85,-1,-1,-1,-1
737,0,1593,231,50,83,-1,-1,-1,-1
738,0,1594,231,50,82,-1,-1,-1,-1
739,0,1600,231,50,82,-1,-1,-1,-1
740,0,1603,231,50,84,-1,-1,-1,-1
741,0,1605,234,48,83,-1,-1,-1,-1
742,0,1606,232,54,85,-1,-1,-1,-1
743,0,1607,233,51,85,-1,-1,-1,-1
744,0,1611,230,53,91,-1,-1,-1,-1
745,0,1613,232,53,88,-1,-1,-1,-1
746,0,1615,234,53,90,-1,-1,-1,-1
747,0,1621,235,52,86,-1,-1,-1,-1
748,0,1619,235,53,86,-1,-1,-1,-1
749,0,1622,236,55,92,-1,-1,-1,-1
750,0,1625,241,50,89,-1,-1,-1,-1
751,0,1627,242,50,86,-1,-1,-1,-1
752,0,1630,240,48,87,-1,-1,-1,-1
753,0,1633,241,48,84,-1,-1,-1,-1
754,0,1636,243,45,83,-1,-1,-1,-1
755,0,1637,244,48,87,-1,-1,-1,-1
756,0,1640,245,47,87,-1,-1,-1,-1
757,0,1642,243,50,88,-1,-1,-1,-1
758,0,1641,242,57,94,-1,-1,-1,-1
759,0,1649,246,49,89,-1,-1,-1,-1
760,0,1651,248,50,88,-1,-1,-1,-1
761,0,1653,246,49,87,-1,-1,-1,-1
762,0,1655,246,48,88,-1,-1,-1,-1
763,0,1656,249,48,89,-1,-1,-1,-1
764,0,1658,248,48,90,-1,-1,-1,-1
765,0,1661,251,49,86,-1,-1,-1,-1
766,0,1660,252,52,84,-1,-1,-1,-1
767,0,1660,250,61,90,-1,-1,-1,-1
768,0,1664,253,61,86,-1,-1,-1,-1
769,0,1674,255,51,86,-1,-1,-1,-1
770,0,1674,256,51,87,-1,-1,-1,-1
771,0,1676,256,51,89,-1,-1,-1,-1
772,0,1675,256,54,86,-1,-1,-1,-1
773,0,1677,255,55,92,-1,-1,-1,-1
774,0,1682,257,54,89,-1,-1,-1,-1
775,0,1687,257,55,87,-1,-1,-1,-1
776,0,1687,259,53,86,-1,-1,-1,-1
777,0,1687,257,61,95,-1,-1,-1,-1
778,0,1690,258,60,93,-1,-1,-1,-1
779,0,1696,263,52,91,-1,-1,-1,-1
780,0,1699,263,51,87,-1,-1,-1,-1
781,0,1702,265,50,89,-1,-1,-1,-1
782,0,1703,268,54,93,-1,-1,-1,-1
783,0,1707,268,54,93,-1,-1,-1,-1
784,0,1707,267,62,93,-1,-1,-1,-1
785,0,1716,270,50,89,-1,-1,-1,-1
786,0,1718,270,51,89,-1,-1,-1,-1
787,0,1719,270,51,90,-1,-1,-1,-1
788,0,1719,269,53,92,-1,-1,-1,-1
789,0,1719,270,56,91,-1,-1,-1,-1
790,0,1721,272,53,88,-1,-1,-1,-1
791,0,1722,273,55,88,-1,-1,-1,-1
792,0,1725,275,56,89,-1,-1,-1,-1
793,0,1720,274,69,93,-1,-1,-1,-1
794,0,1730,276,59,90,-1,-1,-1,-1
795,0,1747,277,51,92,-1,-1,-1,-1
796,0,1748,276,53,100,-1,-1,-1,-1
797,0,1747,276,54,99,-1,-1,-1,-1
798,0,1746,276,58,98,-1,-1,-1,-1
799,0,1747,277,59,97,-1,-1,-1,-1
800,0,1749,278,59,97,-1,-1,-1,-1
801,0,1751,281,54,93,-1,-1,-1,-1
802,0,1755,281,58,92,-1,-1,-1,-1
803,0,1755,284,60,93,-1,-1,-1,-1
804,0,1759,286,55,88,-1,-1,-1,-1
805,0,1758,282,62,97,-1,-1,-1,-1
806,0,1764,286,54,92,-1,-1,-1,-1
807,0,1767,288,53,91,-1,-1,-1,-1
808,0,1767,290,56,93,-1,-1,-1,-1
809,0,1775,291,52,93,-1,-1,-1,-1
810,0,1778,293,53,91,-1,-1,-1,-1
811,0,1779,295,54,88,-1,-1,-1,-1
812,0,1787,295,53,90,-1,-1,-1,-1
813,0,1788,297,52,90,-1,-1,-1,-1
814,0,1789,297,52,91,-1,-1,-1,-1
815,0,1791,298,52,90,-1,-1,-1,-1
816,0,1792,298,55,88,-1,-1,-1,-1
817,0,1795,298,55,89,-1,-1,-1,-1
818,0,1795,299,58,90,-1,-1,-1,-1
819,0,1796,300,56,87,-1,-1,-1,-1
820,0,1796,300,64,94,-1,-1,-1,-1
821,0,1795,299,62,92,-1,-1,-1,-1
822,0,1796,304,70,88,-1,-1,-1,-1
823,0,1809,311,57,86,-1,-1,-1,-1
824,0,1811,307,59,85,-1,-1,-1,-1
825,0,1808,306,63,99,-1,-1,-1,-1
826,0,1815,309,60,91,-1,-1,-1,-1
827,0,1823,315,52,89,-1,-1,-1,-1
828,0,1832,309,52,94,-1,-1,-1,-1
829,0,1835,313,47,86,-1,-1,-1,-1
830,0,1837,310,51,95,-1,-1,-1,-1
831,0,1837,301,57,108,-1,-1,-1,-1
832,0,1840,310,53,95,-1,-1,-1,-1
833,0,1843,312,55,93,-1,-1,-1,-1
834,0,1846,315,57,91,-1,-1,-1,-1
835,0,1849,316,58,94,-1,-1,-1,-1
836,0,1860,326,45,86,-1,-1,-1,-1
837,0,1865,318,47,98,-1,-1,-1,-1
838,0,1871,316,44,97,-1,-1,-1,-1
839,0,1876,315,39,98,-1,-1,-1,-1
840,0,1879,318,38,91,-1,-1,-1,-1
841,0,1875,320,44,97,-1,-1,-1,-1
842,0,1878,331,39,88,-1,-1,-1,-1
843,0,1879,333,37,87,-1,-1,-1,-1
844,0,1879,344,38,80,-1,-1,-1,-1
845,0,1880,344,36,79,-1,-1,-1,-1
846,0,1882,342,36,85,-1,-1,-1,-1
847,0,1885,344,33,84,-1,-1,-1,-1
848,0,1886,351,32,79,-1,-1,-1,-1
851,13,748,2,24,36,-1,-1,-1,-1
852,13,751,5,25,37,-1,-1,-1,-1
853,13,751,6,25,35,-1,-1,-1,-1
854,13,752,8,25,37,-1,-1,-1,-1
855,13,752,6,25,37,-1,-1,-1,-1
856,13,753,7,24,38,-1,-1,-1,-1
857,13,753,7,24,38,-1,-1,-1,-1
871,13,755,6,23,35,-1,-1,-1,-1
872,13,755,5,24,35,-1,-1,-1,-1
873,13,755,6,24,35,-1,-1,-1,-1
882,18,756,10,22,38,-1,-1,-1,-1
883,18,758,9,20,37,-1,-1,-1,-1
884,18,758,10,20,37,-1,-1,-1,-1
885,18,757,11,21,40,-1,-1,-1,-1
886,18,757,9,21,39,-1,-1,-1,-1
887,18,756,8,23,39,-1,-1,-1,-1
888,18,757,9,22,39,-1,-1,-1,-1
900,18,759,10,20,38,-1,-1,-1,-1
901,18,759,11,21,38,-1,-1,-1,-1
902,18,758,10,22,38,-1,-1,-1,-1
903,18,760,11,20,36,-1,-1,-1,-1
934,20,767,10,20,37,-1,-1,-1,-1
935,20,767,9,20,38,-1,-1,-1,-1
936,20,767,9,21,38,-1,-1,-1,-1
937,20,767,9,20,40,-1,-1,-1,-1
943,20,767,8,20,39,-1,-1,-1,-1
944,20,767,8,21,39,-1,-1,-1,-1
945,20,768,9,20,39,-1,-1,-1,-1
946,20,768,7,21,40,-1,-1,-1,-1
947,20,768,7,21,39,-1,-1,-1,-1
948,20,768,8,20,39,-1,-1,-1,-1
949,20,768,10,19,37,-1,-1,-1,-1
950,20,767,10,20,38,-1,-1,-1,-1
951,20,768,10,20,38,-1,-1,-1,-1
952,20,769,9,20,38,-1,-1,-1,-1
953,20,769,8,21,38,-1,-1,-1,-1
954,20,769,8,21,38,-1,-1,-1,-1
955,20,769,8,21,38,-1,-1,-1,-1
956,20,769,7,21,38,-1,-1,-1,-1
957,20,769,6,22,38,-1,-1,-1,-1
958,20,769,7,23,39,-1,-1,-1,-1
959,20,769,8,23,39,-1,-1,-1,-1
960,20,769,8,23,39,-1,-1,-1,-1
961,20,769,8,22,39,-1,-1,-1,-1
962,20,769,8,21,39,-1,-1,-1,-1
963,20,769,8,22,41,-1,-1,-1,-1
964,20,768,9,23,41,-1,-1,-1,-1
965,20,768,9,23,42,-1,-1,-1,-1
966,20,769,10,22,43,-1,-1,-1,-1
967,20,769,10,22,40,-1,-1,-1,-1
972,20,768,11,25,42,-1,-1,-1,-1
973,20,768,11,24,41,-1,-1,-1,-1
974,20,769,11,23,41,-1,-1,-1,-1
975,20,768,11,24,42,-1,-1,-1,-1
976,20,768,11,24,41,-1,-1,-1,-1
977,20,769,11,24,42,-1,-1,-1,-1
978,20,770,10,26,43,-1,-1,-1,-1
979,20,770,9,27,40,-1,-1,-1,-1
980,20,770,9,26,41,-1,-1,-1,-1
981,20,771,9,25,41,-1,-1,-1,-1
982,20,773,11,27,37,-1,-1,-1,-1
983,20,774,10,26,38,-1,-1,-1,-1
984,20,774,9,27,38,-1,-1,-1,-1
985,20,775,9,26,38,-1,-1,-1,-1
986,20,775,9,26,39,-1,-1,-1,-1
987,20,776,10,25,39,-1,-1,-1,-1
988,20,776,9,25,39,-1,-1,-1,-1
989,20,777,9,25,38,-1,-1,-1,-1
990,20,777,11,24,40,-1,-1,-1,-1
991,20,778,9,24,40,-1,-1,-1,-1
992,20,777,10,25,42,-1,-1,-1,-1
993,20,777,10,25,41,-1,-1,-1,-1
994,20,777,9,25,41,-1,-1,-1,-1
995,20,777,9,26,41,-1,-1,-1,-1
996,20,778,10,26,39,-1,-1,-1,-1
997,20,780,9,25,40,-1,-1,-1,-1
998,20,779,8,26,41,-1,-1,-1,-1
999,20,780,8,25,41,-1,-1,-1,-1
1000,20,780,9,25,40,-1,-1,-1,-1
1001,20,781,9,24,39,-1,-1,-1,-1
1002,20,781,9,25,39,-1,-1,-1,-1
1003,20,782,9,23,38,-1,-1,-1,-1
1004,20,780,9,25,39,-1,-1,-1,-1
1005,20,781,9,24,40,-1,-1,-1,-1
1006,20,780,9,26,39,-1,-1,-1,-1
1007,20,781,9,26,39,-1,-1,-1,-1
1008,20,781,10,26,40,-1,-1,-1,-1
1009,20,780,10,26,40,-1,-1,-1,-1
1010,20,783,10,23,40,-1,-1,-1,-1
1011,20,784,9,24,40,-1,-1,-1,-1
1012,20,785,8,24,41,-1,-1,-1,-1
1014,20,785,8,24,42,-1,-1,-1,-1
1015,20,786,8,24,43,-1,-1,-1,-1
1016,20,786,9,24,42,-1,-1,-1,-1
1017,20,787,9,24,41,-1,-1,-1,-1
1018,20,788,8,25,42,-1,-1,-1,-1
1019,20,788,8,24,42,-1,-1,-1,-1
1020,20,788,8,24,42,-1,-1,-1,-1
1021,20,789,8,23,41,-1,-1,-1,-1
1022,20,789,8,23,41,-1,-1,-1,-1
1023,20,788,8,25,42,-1,-1,-1,-1
1024,20,789,8,25,40,-1,-1,-1,-1
1025,20,789,9,25,39,-1,-1,-1,-1
1029,20,791,9,25,39,-1,-1,-1,-1
1030,20,791,9,25,40,-1,-1,-1,-1
1031,20,791,9,25,40,-1,-1,-1,-1
1032,20,791,9,25,39,-1,-1,-1,-1
1033,20,792,9,25,39,-1,-1,-1,-1
1034,20,792,9,26,39,-1,-1,-1,-1
1036,20,792,9,27,40,-1,-1,-1,-1
1037,20,792,9,28,39,-1,-1,-1,-1
1038,20,792,9,27,40,-1,-1,-1,-1
1039,20,793,9,26,39,-1,-1,-1,-1
1040,20,793,9,26,40,-1,-1,-1,-1
1041,20,793,9,26,40,-1,-1,-1,-1
1042,20,793,9,27,40,-1,-1,-1,-1
1043,20,794,10,26,39,-1,-1,-1,-1
1044,20,794,9,26,39,-1,-1,-1,-1
1045,20,795,9,25,39,-1,-1,-1,-1
1046,20,795,10,25,36,-1,-1,-1,-1
1047,20,797,9,24,38,-1,-1,-1,-1
1048,20,798,9,24,38,-1,-1,-1,-1
1049,20,798,9,23,40,-1,-1,-1,-1
1050,20,798,10,25,39,-1,-1,-1,-1
1051,20,798,10,24,40,-1,-1,-1,-1
1052,20,799,11,24,38,-1,-1,-1,-1
1053,20,799,10,25,39,-1,-1,-1,-1
1054,20,801,10,24,39,-1,-1,-1,-1
1055,20,802,10,24,39,-1,-1,-1,-1
1056,20,804,10,24,39,-1,-1,-1,-1
1057,20,805,10,26,39,-1,-1,-1,-1
1071,26,811,11,22,42,-1,-1,-1,-1
1072,26,811,11,22,42,-1,-1,-1,-1
1073,26,811,11,22,42,-1,-1,-1,-1
314,10,896,814,89,160,-1,-1,-1,-1
315,10,905,812,88,171,-1,-1,-1,-1
316,10,898,809,101,185,-1,-1,-1,-1
317,10,905,812,91,178,-1,-1,-1,-1
318,10,907,811,94,177,-1,-1,-1,-1
319,10,917,805,93,182,-1,-1,-1,-1
320,10,919,799,97,182,-1,-1,-1,-1
321,10,920,808,102,170,-1,-1,-1,-1
322,10,925,810,96,168,-1,-1,-1,-1
323,10,922,807,101,179,-1,-1,-1,-1
324,10,927,801,101,181,-1,-1,-1,-1
325,10,924,792,113,190,-1,-1,-1,-1
326,10,935,794,104,182,-1,-1,-1,-1
327,10,949,791,94,180,-1,-1,-1,-1
328,10,946,790,102,185,-1,-1,-1,-1
329,10,954,788,96,187,-1,-1,-1,-1
330,10,957,785,94,191,-1,-1,-1,-1
331,10,958,789,91,170,-1,-1,-1,-1
332,10,963,790,94,169,-1,-1,-1,-1
333,10,959,786,100,170,-1,-1,-1,-1
334,10,967,786,89,182,-1,-1,-1,-1
335,10,970,785,91,181,-1,-1,-1,-1
336,10,977,782,94,181,-1,-1,-1,-1
337,10,978,786,96,167,-1,-1,-1,-1
338,10,974,782,104,171,-1,-1,-1,-1
339,10,994,784,89,162,-1,-1,-1,-1
340,10,996,785,90,160,-1,-1,-1,-1
341,10,988,783,102,171,-1,-1,-1,-1
342,10,993,784,96,169,-1,-1,-1,-1
343,10,1005,768,90,175,-1,-1,-1,-1
344,10,1002,770,95,173,-1,-1,-1,-1
345,10,1010,769,95,176,-1,-1,-1,-1
346,10,1018,776,92,168,-1,-1,-1,-1
347,10,1026,771,89,177,-1,-1,-1,-1
348,10,1026,767,90,178,-1,-1,-1,-1
349,10,1024,770,95,178,-1,-1,-1,-1
350,10,1025,764,93,181,-1,-1,-1,-1
351,10,1023,767,96,180,-1,-1,-1,-1
352,10,1021,765,103,184,-1,-1,-1,-1
353,10,1028,767,99,180,-1,-1,-1,-1
354,10,1037,767,95,178,-1,-1,-1,-1
355,10,1042,765,95,177,-1,-1,-1,-1
356,10,1039,762,99,181,-1,-1,-1,-1
357,10,1045,762,94,176,-1,-1,-1,-1
358,10,1045,749,103,188,-1,-1,-1,-1
359,10,1046,748,100,188,-1,-1,-1,-1
360,10,1058,750,92,180,-1,-1,-1,-1
361,10,1063,748,94,187,-1,-1,-1,-1
362,10,1067,747,93,179,-1,-1,-1,-1
363,10,1072,747,90,175,-1,-1,-1,-1
364,10,1080,747,87,173,-1,-1,-1,-1
365,10,1083,746,86,170,-1,-1,-1,-1
366,10,1080,742,92,171,-1,-1,-1,-1
367,10,1087,743,83,162,-1,-1,-1,-1
368,10,1091,744,85,167,-1,-1,-1,-1
369,10,1086,743,93,171,-1,-1,-1,-1
370,10,1087,741,99,170,-1,-1,-1,-1
371,10,1095,742,95,168,-1,-1,-1,-1
372,10,1091,743,98,166,-1,-1,-1,-1
373,10,1096,744,96,163,-1,-1,-1,-1
374,10,1104,746,89,158,-1,-1,-1,-1
375,10,1110,738,91,159,-1,-1,-1,-1
376,10,1110,740,91,157,-1,-1,-1,-1
377,10,1111,729,92,171,-1,-1,-1,-1
378,10,1117,728,91,166,-1,-1,-1,-1
379,10,1123,726,88,168,-1,-1,-1,-1
380,10,1127,726,84,167,-1,-1,-1,-1
381,10,1131,726,83,165,-1,-1,-1,-1
382,10,1132,724,85,168,-1,-1,-1,-1
383,10,1136,722,84,172,-1,-1,-1,-1
384,10,1136,723,87,169,-1,-1,-1,-1
385,10,1139,720,88,172,-1,-1,-1,-1
386,10,1142,720,85,172,-1,-1,-1,-1
387,10,1142,718,86,176,-1,-1,-1,-1
388,10,1145,721,88,170,-1,-1,-1,-1
389,10,1147,719,87,171,-1,-1,-1,-1
390,10,1149,718,88,171,-1,-1,-1,-1
391,10,1149,715,90,173,-1,-1,-1,-1
392,10,1152,712,94,173,-1,-1,-1,-1
393,10,1156,711,93,174,-1,-1,-1,-1
394,10,1156,707,94,180,-1,-1,-1,-1
395,10,1166,710,87,170,-1,-1,-1,-1
396,10,1173,710,83,163,-1,-1,-1,-1
397,10,1178,709,81,162,-1,-1,-1,-1
398,10,1181,708,79,160,-1,-1,-1,-1
399,10,1182,703,77,157,-1,-1,-1,-1
400,10,1183,704,78,161,-1,-1,-1,-1
401,10,1184,703,81,161,-1,-1,-1,-1
402,10,1182,701,83,163,-1,-1,-1,-1
403,10,1177,699,92,167,-1,-1,-1,-1
404,10,1178,703,92,160,-1,-1,-1,-1
405,10,1189,701,86,161,-1,-1,-1,-1
406,10,1189,700,87,161,-1,-1,-1,-1
407,10,1191,700,89,162,-1,-1,-1,-1
408,10,1191,698,89,161,-1,-1,-1,-1
409,10,1197,696,87,160,-1,-1,-1,-1
410,10,1201,694,87,157,-1,-1,-1,-1
411,10,1202,697,87,159,-1,-1,-1,-1
412,10,1207,692,88,159,-1,-1,-1,-1
413,10,1210,692,86,160,-1,-1,-1,-1
414,10,1216,684,84,165,-1,-1,-1,-1
415,10,1221,685,82,161,-1,-1,-1,-1
416,10,1228,686,76,145,-1,-1,-1,-1
417,10,1229,686,74,143,-1,-1,-1,-1
418,10,1230,683,75,159,-1,-1,-1,-1
419,10,1232,679,79,170,-1,-1,-1,-1
420,10,1230,681,81,166,-1,-1,-1,-1
421,10,1231,680,84,166,-1,-1,-1,-1
422,10,1232,677,85,169,-1,-1,-1,-1
423,10,1235,682,85,154,-1,-1,-1,-1
424,10,1237,683,81,156,-1,-1,-1,-1
425,10,1238,680,82,160,-1,-1,-1,-1
426,10,1244,680,79,158,-1,-1,-1,-1
427,10,1248,678,80,159,-1,-1,-1,-1
428,10,1251,673,80,165,-1,-1,-1,-1
429,10,1251,673,85,162,-1,-1,-1,-1
430,10,1253,671,81,157,-1,-1,-1,-1
431,10,1261,673,79,150,-1,-1,-1,-1
432,10,1264,671,78,151,-1,-1,-1,-1
433,10,1265,666,83,154,-1,-1,-1,-1
434,10,1268,661,84,162,-1,-1,-1,-1
435,10,1267,659,87,167,-1,-1,-1,-1
436,10,1269,654,86,175,-1,-1,-1,-1
437,10,1268,656,88,165,-1,-1,-1,-1
438,10,1270,658,85,163,-1,-1,-1,-1
439,10,1272,658,82,156,-1,-1,-1,-1
440,10,1274,662,89,155,-1,-1,-1,-1
441,10,1275,659,86,159,-1,-1,-1,-1
442,10,1275,656,91,168,-1,-1,-1,-1
443,10,1277,655,92,164,-1,-1,-1,-1
444,10,1280,656,90,156,-1,-1,-1,-1
445,10,1281,657,91,154,-1,-1,-1,-1
446,10,1287,659,89,149,-1,-1,-1,-1
447,10,1300,657,80,150,-1,-1,-1,-1
448,10,1298,657,81,149,-1,-1,-1,-1
449,10,1301,653,78,155,-1,-1,-1,-1
450,10,1303,653,84,156,-1,-1,-1,-1
451,10,1309,654,82,151,-1,-1,-1,-1
452,10,1313,655,76,149,-1,-1,-1,-1
453,10,1312,654,78,150,-1,-1,-1,-1
454,10,1314,652,76,144,-1,-1,-1,-1
455,10,1312,653,79,147,-1,-1,-1,-1
456,10,1317,653,75,147,-1,-1,-1,-1
457,10,1317,654,78,148,-1,-1,-1,-1
458,10,1318,654,80,146,-1,-1,-1,-1
459,10,1318,652,81,149,-1,-1,-1,-1
460,10,1316,648,86,152,-1,-1,-1,-1
461,10,1316,647,91,152,-1,-1,-1,-1
462,10,1322,647,89,151,-1,-1,-1,-1
463,10,1320,640,88,159,-1,-1,-1,-1
464,10,1331,637,82,164,-1,-1,-1,-1
465,10,1333,640,86,152,-1,-1,-1,-1
466,10,1340,638,78,152,-1,-1,-1,-1
467,10,1346,639,74,147,-1,-1,-1,-1
468,10,1349,641,75,135,-1,-1,-1,-1
469,10,1346,638,80,138,-1,-1,-1,-1
470,10,1345,637,84,152,-1,-1,-1,-1
471,10,1345,638,84,151,-1,-1,-1,-1
472,10,1350,635,86,155,-1,-1,-1,-1
473,10,1350,635,91,156,-1,-1,-1,-1
474,10,1352,635,88,148,-1,-1,-1,-1
475,10,1351,634,89,149,-1,-1,-1,-1
476,10,1354,635,88,149,-1,-1,-1,-1
477,10,1358,634,88,152,-1,-1,-1,-1
478,10,1361,635,88,151,-1,-1,-1,-1
479,10,1365,634,87,150,-1,-1,-1,-1
480,10,1372,634,85,148,-1,-1,-1,-1
481,10,1375,637,81,143,-1,-1,-1,-1
482,10,1375,636,83,145,-1,-1,-1,-1
483,10,1379,634,82,146,-1,-1,-1,-1
484,10,1377,632,82,148,-1,-1,-1,-1
485,10,1380,632,79,147,-1,-1,-1,-1
486,10,1386,635,79,144,-1,-1,-1,-1
487,10,1388,636,77,143,-1,-1,-1,-1
488,10,1384,630,85,150,-1,-1,-1,-1
489,10,1388,630,85,149,-1,-1,-1,-1
490,10,1389,632,87,148,-1,-1,-1,-1
491,10,1393,631,86,148,-1,-1,-1,-1
492,10,1391,622,87,158,-1,-1,-1,-1
493,10,1392,629,87,149,-1,-1,-1,-1
494,10,1389,627,91,154,-1,-1,-1,-1
495,10,1391,627,90,153,-1,-1,-1,-1
496,10,1397,628,88,147,-1,-1,-1,-1
497,10,1399,620,93,157,-1,-1,-1,-1
498,10,1402,617,91,155,-1,-1,-1,-1
499,10,1406,619,83,152,-1,-1,-1,-1
500,10,1414,622,76,146,-1,-1,-1,-1
501,10,1415,618,79,151,-1,-1,-1,-1
502,10,1420,619,79,141,-1,-1,-1,-1
503,10,1424,618,83,148,-1,-1,-1,-1
504,10,1429,619,77,140,-1,-1,-1,-1
505,10,1429,618,78,144,-1,-1,-1,-1
506,10,1429,618,78,145,-1,-1,-1,-1
507,10,1427,618,81,139,-1,-1,-1,-1
508,10,1423,616,81,140,-1,-1,-1,-1
509,10,1429,619,79,135,-1,-1,-1,-1
510,10,1433,617,77,136,-1,-1,-1,-1
511,10,1435,615,74,137,-1,-1,-1,-1
512,10,1434,616,84,141,-1,-1,-1,-1
513,10,1432,615,89,143,-1,-1,-1,-1
514,10,1441,614,81,144,-1,-1,-1,-1
515,10,1449,615,74,138,-1,-1,-1,-1
516,10,1452,615,72,137,-1,-1,-1,-1
517,10,1450,614,77,140,-1,-1,-1,-1
518,10,1455,613,73,138,-1,-1,-1,-1
519,10,1457,611,72,138,-1,-1,-1,-1
520,10,1462,611,70,132,-1,-1,-1,-1
521,10,1465,611,67,129,-1,-1,-1,-1
522,10,1464,606,70,139,-1,-1,-1,-1
523,10,1461,609,74,137,-1,-1,-1,-1
524,10,1460,607,76,143,-1,-1,-1,-1
525,10,1460,600,82,149,-1,-1,-1,-1
526,10,1461,602,87,151,-1,-1,-1,-1
527,10,1463,600,83,148,-1,-1,-1,-1
528,10,1465,599,80,146,-1,-1,-1,-1
529,10,1466,598,85,149,-1,-1,-1,-1
530,10,1467,597,90,151,-1,-1,-1,-1
531,10,1469,598,86,150,-1,-1,-1,-1
532,10,1473,597,87,150,-1,-1,-1,-1
533,10,1473,596,84,149,-1,-1,-1,-1
534,10,1474,598,86,142,-1,-1,-1,-1
535,10,1478,596,82,138,-1,-1,-1,-1
536,10,1481,597,76,137,-1,-1,-1,-1
537,10,1485,597,71,135,-1,-1,-1,-1
538,10,1487,592,81,139,-1,-1,-1,-1
539,10,1489,593,77,139,-1,-1,-1,-1
540,10,1491,591,81,142,-1,-1,-1,-1
541,10,1491,591,78,143,-1,-1,-1,-1
542,10,1492,591,76,140,-1,-1,-1,-1
543,10,1494,592,75,136,-1,-1,-1,-1
544,10,1495,591,76,139,-1,-1,-1,-1
545,10,1497,592,70,139,-1,-1,-1,-1
546,10,1501,593,70,135,-1,-1,-1,-1
547,10,1498,592,84,138,-1,-1,-1,-1
548,10,1500,590,80,139,-1,-1,-1,-1
549,10,1498,589,83,142,-1,-1,-1,-1
550,10,1497,589,84,140,-1,-1,-1,-1
551,10,1501,590,79,135,-1,-1,-1,-1
552,10,1504,591,75,133,-1,-1,-1,-1
553,10,1510,589,77,133,-1,-1,-1,-1
554,10,1511,588,75,132,-1,-1,-1,-1
555,10,1513,590,69,127,-1,-1,-1,-1
556,10,1514,591,69,125,-1,-1,-1,-1
557,10,1514,588,68,128,-1,-1,-1,-1
558,10,1515,588,71,128,-1,-1,-1,-1
559,10,1518,586,72,135,-1,-1,-1,-1
560,10,1522,586,68,135,-1,-1,-1,-1
561,10,1526,585,65,130,-1,-1,-1,-1
562,10,1526,582,68,134,-1,-1,-1,-1
563,10,1528,581,66,133,-1,-1,-1,-1
564,10,1529,580,67,133,-1,-1,-1,-1
565,10,1528,579,70,134,-1,-1,-1,-1
566,10,1528,577,71,134,-1,-1,-1,-1
567,10,1528,576,71,135,-1,-1,-1,-1
568,10,1527,574,77,139,-1,-1,-1,-1
569,10,1528,574,74,138,-1,-1,-1,-1
570,10,1529,571,73,140,-1,-1,-1,-1
571,10,1529,570,72,137,-1,-1,-1,-1
572,10,1531,569,71,135,-1,-1,-1,-1
573,10,1531,569,71,137,-1,-1,-1,-1
574,10,1531,569,72,137,-1,-1,-1,-1
575,10,1533,569,69,137,-1,-1,-1,-1
576,10,1534,569,67,134,-1,-1,-1,-1
577,10,1536,568,67,134,-1,-1,-1,-1
578,10,1535,568,69,136,-1,-1,-1,-1
579,10,1535,567,70,140,-1,-1,-1,-1
580,10,1537,567,69,137,-1,-1,-1,-1
581,10,1540,567,68,138,-1,-1,-1,-1
582,10,1538,569,71,136,-1,-1,-1,-1
583,10,1542,570,67,133,-1,-1,-1,-1
584,10,1545,571,64,129,-1,-1,-1,-1
585,10,1546,571,66,130,-1,-1,-1,-1
586,10,1547,570,67,130,-1,-1,-1,-1
587,10,1546,566,69,134,-1,-1,-1,-1
588,10,1547,569,67,130,-1,-1,-1,-1
589,10,1549,567,68,133,-1,-1,-1,-1
590,10,1548,567,69,133,-1,-1,-1,-1
591,10,1547,567,70,134,-1,-1,-1,-1
592,10,1547,567,70,133,-1,-1,-1,-1
593,10,1547,566,71,135,-1,-1,-1,-1
594,10,1547,566,73,132,-1,-1,-1,-1
595,10,1551,565,69,130,-1,-1,-1,-1
596,10,1554,566,68,128,-1,-1,-1,-1
597,10,1557,565,68,126,-1,-1,-1,-1
598,10,1560,565,66,124,-1,-1,-1,-1
599,10,1561,567,65,121,-1,-1,-1,-1
600,10,1564,567,63,121,-1,-1,-1,-1
601,10,1565,565,64,125,-1,-1,-1,-1
602,10,1567,565,63,126,-1,-1,-1,-1
603,10,1565,563,74,131,-1,-1,-1,-1
604,10,1569,565,66,129,-1,-1,-1,-1
605,10,1570,564,64,128,-1,-1,-1,-1
606,10,1572,563,65,127,-1,-1,-1,-1
607,10,1573,560,67,130,-1,-1,-1,-1
608,10,1574,561,66,131,-1,-1,-1,-1
609,10,1572,560,69,132,-1,-1,-1,-1
610,10,1572,559,70,132,-1,-1,-1,-1
611,10,1574,560,70,131,-1,-1,-1,-1
612,10,1574,559,69,131,-1,-1,-1,-1
613,10,1575,558,68,132,-1,-1,-1,-1
614,10,1577,557,66,130,-1,-1,-1,-1
615,10,1578,556,66,131,-1,-1,-1,-1
616,10,1580,556,63,127,-1,-1,-1,-1
617,10,1582,556,61,125,-1,-1,-1,-1
618,10,1583,556,62,124,-1,-1,-1,-1
619,10,1584,557,61,123,-1,-1,-1,-1
620,10,1584,555,64,125,-1,-1,-1,-1
621,10,1590,556,57,121,-1,-1,-1,-1
622,10,1592,557,52,115,-1,-1,-1,-1
623,10,1592,558,53,110,-1,-1,-1,-1
624,10,1589,559,56,110,-1,-1,-1,-1
625,10,1588,560,58,105,-1,-1,-1,-1
626,10,1592,560,55,106,-1,-1,-1,-1
627,10,1590,556,60,115,-1,-1,-1,-1
628,10,1592,561,57,106,-1,-1,-1,-1
629,10,1595,560,57,110,-1,-1,-1,-1
630,10,1596,558,59,120,-1,-1,-1,-1
631,10,1591,554,70,135,-1,-1,-1,-1
632,10,1590,553,72,137,-1,-1,-1,-1
633,10,1590,552,72,137,-1,-1,-1,-1
634,10,1591,555,67,133,-1,-1,-1,-1
635,10,1596,557,62,132,-1,-1,-1,-1
636,10,1594,556,63,131,-1,-1,-1,-1
637,10,1599,557,59,131,-1,-1,-1,-1
638,10,1598,556,60,132,-1,-1,-1,-1
639,10,1600,557,58,131,-1,-1,-1,-1
640,10,1600,557,59,129,-1,-1,-1,-1
641,10,1601,559,59,125,-1,-1,-1,-1
642,10,1602,560,59,123,-1,-1,-1,-1
643,10,1600,558,62,128,-1,-1,-1,-1
644,10,1597,558,67,130,-1,-1,-1,-1
645,10,1595,558,68,128,-1,-1,-1,-1
646,10,1597,557,66,129,-1,-1,-1,-1
647,10,1599,559,63,126,-1,-1,-1,-1
648,10,1600,560,61,124,-1,-1,-1,-1
649,10,1599,558,62,125,-1,-1,-1,-1
650,10,1600,559,61,125,-1,-1,-1,-1
651,10,1600,559,61,124,-1,-1,-1,-1
652,10,1600,560,61,122,-1,-1,-1,-1
653,10,1601,560,60,122,-1,-1,-1,-1
654,10,1601,560,60,122,-1,-1,-1,-1
655,10,1601,561,60,123,-1,-1,-1,-1
656,10,1600,561,61,123,-1,-1,-1,-1
657,10,1600,559,62,126,-1,-1,-1,-1
658,10,1600,558,63,127,-1,-1,-1,-1
659,10,1600,558,62,126,-1,-1,-1,-1
660,10,1601,559,61,124,-1,-1,-1,-1
661,10,1601,559,61,125,-1,-1,-1,-1
662,10,1600,559,62,125,-1,-1,-1,-1
663,10,1600,559,62,125,-1,-1,-1,-1
664,10,1601,560,60,121,-1,-1,-1,-1
665,10,1600,559,62,124,-1,-1,-1,-1
666,10,1600,559,62,124,-1,-1,-1,-1
667,10,1599,560,63,124,-1,-1,-1,-1
668,10,1599,559,64,126,-1,-1,-1,-1
669,10,1599,559,64,130,-1,-1,-1,-1
670,10,1597,559,68,140,-1,-1,-1,-1
671,10,1597,559,68,142,-1,-1,-1,-1
672,10,1597,559,68,142,-1,-1,-1,-1
673,10,1598,558,67,146,-1,-1,-1,-1
674,10,1597,558,68,146,-1,-1,-1,-1
675,10,1594,559,71,147,-1,-1,-1,-1
676,10,1595,558,70,144,-1,-1,-1,-1
677,10,1596,559,69,139,-1,-1,-1,-1
678,10,1596,560,69,136,-1,-1,-1,-1
679,10,1596,560,69,136,-1,-1,-1,-1
680,10,1596,560,69,136,-1,-1,-1,-1
681,10,1596,560,69,137,-1,-1,-1,-1
682,10,1596,560,69,137,-1,-1,-1,-1
683,10,1596,559,69,138,-1,-1,-1,-1
684,10,1596,560,69,138,-1,-1,-1,-1
685,10,1596,560,69,138,-1,-1,-1,-1
686,10,1597,561,68,136,-1,-1,-1,-1
687,10,1598,561,66,133,-1,-1,-1,-1
688,10,1598,562,66,132,-1,-1,-1,-1
689,10,1597,562,67,135,-1,-1,-1,-1
690,10,1598,562,66,133,-1,-1,-1,-1
691,10,1598,563,66,131,-1,-1,-1,-1
692,10,1599,562,65,132,-1,-1,-1,-1
693,10,1599,563,66,133,-1,-1,-1,-1
694,10,1598,564,67,131,-1,-1,-1,-1
695,10,1599,564,66,132,-1,-1,-1,-1
696,10,1599,564,65,132,-1,-1,-1,-1
697,10,1599,564,65,131,-1,-1,-1,-1
698,10,1600,564,64,132,-1,-1,-1,-1
699,10,1601,562,63,133,-1,-1,-1,-1
700,10,1600,562,64,134,-1,-1,-1,-1
701,10,1599,561,65,137,-1,-1,-1,-1
702,10,1599,562,65,135,-1,-1,-1,-1
703,10,1599,560,65,137,-1,-1,-1,-1
704,10,1598,559,66,137,-1,-1,-1,-1
705,10,1598,559,69,136,-1,-1,-1,-1
706,10,1597,558,68,137,-1,-1,-1,-1
707,10,1597,558,69,135,-1,-1,-1,-1
708,10,1597,561,70,132,-1,-1,-1,-1
709,10,1598,560,69,132,-1,-1,-1,-1
710,10,1599,560,68,133,-1,-1,-1,-1
711,10,1600,558,67,134,-1,-1,-1,-1
712,10,1598,558,69,135,-1,-1,-1,-1
713,10,1598,557,69,136,-1,-1,-1,-1
714,10,1597,559,70,134,-1,-1,-1,-1
715,10,1595,560,71,135,-1,-1,-1,-1
716,10,1594,560,72,133,-1,-1,-1,-1
717,10,1594,560,72,132,-1,-1,-1,-1
718,10,1594,560,72,132,-1,-1,-1,-1
719,10,1594,558,73,135,-1,-1,-1,-1
720,10,1594,562,72,130,-1,-1,-1,-1
721,10,1594,560,72,132,-1,-1,-1,-1
722,10,1593,560,73,131,-1,-1,-1,-1
723,10,1593,559,74,132,-1,-1,-1,-1
724,10,1593,561,73,127,-1,-1,-1,-1
725,10,1593,559,73,130,-1,-1,-1,-1
726,10,1594,558,73,129,-1,-1,-1,-1
727,10,1593,559,73,129,-1,-1,-1,-1
728,10,1592,559,72,128,-1,-1,-1,-1
729,10,1592,560,72,126,-1,-1,-1,-1
730,10,1592,558,73,127,-1,-1,-1,-1
731,10,1592,557,72,128,-1,-1,-1,-1
732,10,1591,555,73,129,-1,-1,-1,-1
733,10,1592,557,71,127,-1,-1,-1,-1
734,10,1592,555,71,127,-1,-1,-1,-1
735,10,1592,556,68,127,-1,-1,-1,-1
736,10,1592,557,66,125,-1,-1,-1,-1
737,10,1592,555,66,126,-1,-1,-1,-1
738,10,1589,554,68,126,-1,-1,-1,-1
739,10,1587,554,70,128,-1,-1,-1,-1
740,10,1585,552,74,131,-1,-1,-1,-1
741,10,1583,551,74,132,-1,-1,-1,-1
742,10,1585,554,70,127,-1,-1,-1,-1
743,10,1584,552,69,130,-1,-1,-1,-1
744,10,1584,552,69,128,-1,-1,-1,-1
745,10,1583,552,68,128,-1,-1,-1,-1
746,10,1581,548,70,132,-1,-1,-1,-1
747,10,1581,549,69,130,-1,-1,-1,-1
748,10,1579,548,69,131,-1,-1,-1,-1
749,10,1576,544,69,134,-1,-1,-1,-1
750,10,1574,546,69,133,-1,-1,-1,-1
751,10,1574,545,70,137,-1,-1,-1,-1
752,10,1574,545,69,137,-1,-1,-1,-1
753,10,1574,547,67,133,-1,-1,-1,-1
754,10,1573,547,69,138,-1,-1,-1,-1
755,10,1574,547,68,137,-1,-1,-1,-1
756,10,1572,548,69,137,-1,-1,-1,-1
757,10,1573,548,68,135,-1,-1,-1,-1
758,10,1572,547,69,137,-1,-1,-1,-1
759,10,1571,547,69,136,-1,-1,-1,-1
760,10,1572,548,66,137,-1,-1,-1,-1
761,10,1572,549,65,136,-1,-1,-1,-1
762,10,1572,549,65,135,-1,-1,-1,-1
763,10,1573,551,62,131,-1,-1,-1,-1
764,10,1573,553,61,129,-1,-1,-1,-1
765,10,1574,554,61,128,-1,-1,-1,-1
766,10,1573,553,62,129,-1,-1,-1,-1
767,10,1573,552,61,130,-1,-1,-1,-1
768,10,1573,552,59,130,-1,-1,-1,-1
769,10,1572,552,60,130,-1,-1,-1,-1
770,10,1572,553,60,128,-1,-1,-1,-1
771,10,1571,553,60,128,-1,-1,-1,-1
772,10,1572,553,58,129,-1,-1,-1,-1
773,10,1571,554,59,126,-1,-1,-1,-1
774,10,1570,554,60,126,-1,-1,-1,-1
775,10,1570,554,59,127,-1,-1,-1,-1
776,10,1569,555,59,126,-1,-1,-1,-1
777,10,1569,554,58,128,-1,-1,-1,-1
778,10,1569,555,57,129,-1,-1,-1,-1
779,10,1568,555,57,131,-1,-1,-1,-1
780,10,1567,555,58,132,-1,-1,-1,-1
781,10,1568,555,57,131,-1,-1,-1,-1
782,10,1565,554,60,132,-1,-1,-1,-1
783,10,1565,553,60,133,-1,-1,-1,-1
784,10,1564,553,61,134,-1,-1,-1,-1
785,10,1563,553,61,132,-1,-1,-1,-1
786,10,1562,554,61,131,-1,-1,-1,-1
787,10,1559,553,62,132,-1,-1,-1,-1
788,10,1557,552,64,135,-1,-1,-1,-1
789,10,1557,553,63,133,-1,-1,-1,-1
790,10,1558,553,62,132,-1,-1,-1,-1
791,10,1557,552,62,134,-1,-1,-1,-1
792,10,1554,552,65,134,-1,-1,-1,-1
793,10,1555,553,65,134,-1,-1,-1,-1
794,10,1555,555,64,131,-1,-1,-1,-1
795,10,1553,554,66,132,-1,-1,-1,-1
796,10,1553,554,66,132,-1,-1,-1,-1
797,10,1553,554,66,132,-1,-1,-1,-1
798,10,1552,554,67,132,-1,-1,-1,-1
799,10,1555,556,64,129,-1,-1,-1,-1
800,10,1554,556,65,129,-1,-1,-1,-1
801,10,1552,556,66,129,-1,-1,-1,-1
802,10,1552,557,66,128,-1,-1,-1,-1
803,10,1552,557,65,129,-1,-1,-1,-1
804,10,1550,557,67,129,-1,-1,-1,-1
805,10,1552,557,65,129,-1,-1,-1,-1
806,10,1549,555,68,132,-1,-1,-1,-1
807,10,1549,557,67,129,-1,-1,-1,-1
808,10,1546,556,69,130,-1,-1,-1,-1
809,10,1544,557,70,130,-1,-1,-1,-1
810,10,1544,557,70,129,-1,-1,-1,-1
811,10,1543,553,70,133,-1,-1,-1,-1
812,10,1541,552,73,134,-1,-1,-1,-1
813,10,1541,555,69,130,-1,-1,-1,-1
814,10,1540,553,68,132,-1,-1,-1,-1
815,10,1540,554,67,131,-1,-1,-1,-1
816,10,1540,555,65,129,-1,-1,-1,-1
817,10,1539,553,69,132,-1,-1,-1,-1
818,10,1538,553,67,131,-1,-1,-1,-1
819,10,1536,554,69,131,-1,-1,-1,-1
820,10,1536,554,69,130,-1,-1,-1,-1
821,10,1536,554,68,130,-1,-1,-1,-1
822,10,1535,553,71,131,-1,-1,-1,-1
823,10,1535,551,72,134,-1,-1,-1,-1
824,10,1535,549,75,140,-1,-1,-1,-1
825,10,1535,554,71,134,-1,-1,-1,-1
826,10,1533,554,72,133,-1,-1,-1,-1
827,10,1534,556,68,131,-1,-1,-1,-1
828,10,1535,556,69,132,-1,-1,-1,-1
829,10,1535,556,69,132,-1,-1,-1,-1
830,10,1536,554,69,134,-1,-1,-1,-1
831,10,1536,554,71,135,-1,-1,-1,-1
832,10,1537,554,71,137,-1,-1,-1,-1
833,10,1538,555,69,136,-1,-1,-1,-1
834,10,1539,557,68,135,-1,-1,-1,-1
835,10,1539,557,68,135,-1,-1,-1,-1
836,10,1540,558,68,133,-1,-1,-1,-1
837,10,1539,557,68,134,-1,-1,-1,-1
838,10,1540,557,68,135,-1,-1,-1,-1
839,10,1539,558,69,133,-1,-1,-1,-1
840,10,1540,559,69,132,-1,-1,-1,-1
841,10,1540,557,69,135,-1,-1,-1,-1
842,10,1540,557,70,135,-1,-1,-1,-1
843,10,1538,558,73,134,-1,-1,-1,-1
844,10,1540,558,71,135,-1,-1,-1,-1
845,10,1540,559,71,135,-1,-1,-1,-1
846,10,1540,560,73,135,-1,-1,-1,-1
847,10,1540,561,75,134,-1,-1,-1,-1
848,10,1544,561,70,132,-1,-1,-1,-1
849,10,1541,562,74,133,-1,-1,-1,-1
850,10,1543,561,72,133,-1,-1,-1,-1
851,10,1544,563,71,131,-1,-1,-1,-1
852,10,1545,563,71,132,-1,-1,-1,-1
853,10,1543,563,73,132,-1,-1,-1,-1
854,10,1544,563,72,131,-1,-1,-1,-1
855,10,1545,563,71,131,-1,-1,-1,-1
856,10,1548,562,69,132,-1,-1,-1,-1
857,10,1548,563,68,130,-1,-1,-1,-1
858,10,1548,563,68,132,-1,-1,-1,-1
859,10,1548,563,68,133,-1,-1,-1,-1
860,10,1547,563,69,132,-1,-1,-1,-1
861,10,1546,563,69,133,-1,-1,-1,-1
862,10,1546,564,68,131,-1,-1,-1,-1
863,10,1546,564,69,131,-1,-1,-1,-1
864,10,1545,564,69,130,-1,-1,-1,-1
865,10,1545,564,68,130,-1,-1,-1,-1
866,10,1546,564,66,130,-1,-1,-1,-1
867,10,1544,564,69,130,-1,-1,-1,-1
868,10,1546,564,66,129,-1,-1,-1,-1
869,10,1545,564,67,129,-1,-1,-1,-1
870,10,1544,564,68,129,-1,-1,-1,-1
871,10,1544,563,68,130,-1,-1,-1,-1
872,10,1545,563,68,131,-1,-1,-1,-1
873,10,1545,563,67,130,-1,-1,-1,-1
874,10,1544,563,67,130,-1,-1,-1,-1
875,10,1545,563,66,129,-1,-1,-1,-1
876,10,1544,562,68,130,-1,-1,-1,-1
877,10,1546,562,67,131,-1,-1,-1,-1
878,10,1546,563,66,130,-1,-1,-1,-1
879,10,1546,563,67,129,-1,-1,-1,-1
880,10,1546,563,67,129,-1,-1,-1,-1
881,10,1546,562,67,130,-1,-1,-1,-1
882,10,1546,560,67,131,-1,-1,-1,-1
883,10,1546,561,67,130,-1,-1,-1,-1
884,10,1546,561,68,131,-1,-1,-1,-1
885,10,1545,561,68,130,-1,-1,-1,-1
886,10,1545,561,69,130,-1,-1,-1,-1
887,10,1545,560,69,131,-1,-1,-1,-1
888,10,1545,561,68,131,-1,-1,-1,-1
889,10,1544,561,69,131,-1,-1,-1,-1
890,10,1545,560,68,133,-1,-1,-1,-1
891,10,1544,560,70,133,-1,-1,-1,-1
892,10,1543,560,71,133,-1,-1,-1,-1
893,10,1544,560,69,133,-1,-1,-1,-1
894,10,1544,560,70,132,-1,-1,-1,-1
895,10,1545,561,69,131,-1,-1,-1,-1
896,10,1545,560,70,133,-1,-1,-1,-1
897,10,1546,561,68,131,-1,-1,-1,-1
898,10,1546,561,68,131,-1,-1,-1,-1
899,10,1545,561,69,130,-1,-1,-1,-1
900,10,1545,561,69,131,-1,-1,-1,-1
901,10,1546,563,68,128,-1,-1,-1,-1
902,10,1546,563,68,128,-1,-1,-1,-1
903,10,1546,563,68,127,-1,-1,-1,-1
904,10,1546,562,68,129,-1,-1,-1,-1
905,10,1547,563,67,128,-1,-1,-1,-1
906,10,1547,563,67,128,-1,-1,-1,-1
907,10,1547,564,66,127,-1,-1,-1,-1
908,10,1547,564,66,126,-1,-1,-1,-1
909,10,1547,564,66,126,-1,-1,-1,-1
910,10,1547,564,66,126,-1,-1,-1,-1
911,10,1546,564,66,126,-1,-1,-1,-1
912,10,1546,563,66,128,-1,-1,-1,-1
913,10,1546,564,67,127,-1,-1,-1,-1
914,10,1546,563,68,128,-1,-1,-1,-1
915,10,1546,563,68,128,-1,-1,-1,-1
916,10,1545,564,70,127,-1,-1,-1,-1
917,10,1546,564,70,128,-1,-1,-1,-1
918,10,1546,565,69,128,-1,-1,-1,-1
919,10,1547,564,69,128,-1,-1,-1,-1
920,10,1547,565,70,128,-1,-1,-1,-1
921,10,1548,565,69,129,-1,-1,-1,-1
922,10,1547,563,70,130,-1,-1,-1,-1
923,10,1548,563,69,130,-1,-1,-1,-1
924,10,1548,563,70,130,-1,-1,-1,-1
925,10,1549,564,68,129,-1,-1,-1,-1
926,10,1549,562,69,131,-1,-1,-1,-1
927,10,1549,562,70,131,-1,-1,-1,-1
928,10,1548,562,71,131,-1,-1,-1,-1
929,10,1548,563,71,130,-1,-1,-1,-1
930,10,1547,562,72,131,-1,-1,-1,-1
931,10,1548,564,71,128,-1,-1,-1,-1
932,10,1548,565,72,127,-1,-1,-1,-1
933,10,1548,566,73,126,-1,-1,-1,-1
934,10,1547,564,74,128,-1,-1,-1,-1
935,10,1547,563,74,130,-1,-1,-1,-1
936,10,1548,563,72,130,-1,-1,-1,-1
937,10,1548,563,73,129,-1,-1,-1,-1
938,10,1549,563,71,129,-1,-1,-1,-1
939,10,1548,563,73,128,-1,-1,-1,-1
940,10,1549,563,72,128,-1,-1,-1,-1
941,10,1549,563,71,130,-1,-1,-1,-1
942,10,1548,564,74,128,-1,-1,-1,-1
943,10,1548,565,73,128,-1,-1,-1,-1
944,10,1547,564,75,129,-1,-1,-1,-1
945,10,1548,565,73,129,-1,-1,-1,-1
946,10,1548,564,73,129,-1,-1,-1,-1
947,10,1547,563,73,129,-1,-1,-1,-1
948,10,1549,564,71,129,-1,-1,-1,-1
949,10,1548,564,71,132,-1,-1,-1,-1
950,10,1548,565,71,131,-1,-1,-1,-1
951,10,1548,566,71,132,-1,-1,-1,-1
952,10,1548,565,70,133,-1,-1,-1,-1
953,10,1547,565,71,135,-1,-1,-1,-1
954,10,1546,566,72,135,-1,-1,-1,-1
955,10,1545,568,72,134,-1,-1,-1,-1
956,10,1545,569,72,131,-1,-1,-1,-1
957,10,1545,570,71,131,-1,-1,-1,-1
958,10,1545,569,71,132,-1,-1,-1,-1
959,10,1546,569,70,131,-1,-1,-1,-1
960,10,1545,569,71,131,-1,-1,-1,-1
961,10,1545,568,71,132,-1,-1,-1,-1
962,10,1546,569,69,131,-1,-1,-1,-1
963,10,1546,570,68,130,-1,-1,-1,-1
964,10,1544,570,70,130,-1,-1,-1,-1
965,10,1544,571,69,129,-1,-1,-1,-1
966,10,1544,571,68,127,-1,-1,-1,-1
967,10,1543,571,69,127,-1,-1,-1,-1
968,10,1541,571,69,126,-1,-1,-1,-1
969,10,1540,571,70,127,-1,-1,-1,-1
970,10,1539,570,69,127,-1,-1,-1,-1
971,10,1537,571,71,126,-1,-1,-1,-1
972,10,1537,572,68,124,-1,-1,-1,-1
973,10,1536,572,69,125,-1,-1,-1,-1
974,10,1536,571,69,129,-1,-1,-1,-1
975,10,1536,572,69,129,-1,-1,-1,-1
976,10,1535,573,69,128,-1,-1,-1,-1
977,10,1537,572,66,130,-1,-1,-1,-1
978,10,1536,573,65,129,-1,-1,-1,-1
979,10,1536,573,64,128,-1,-1,-1,-1
980,10,1535,573,66,131,-1,-1,-1,-1
981,10,1533,571,68,136,-1,-1,-1,-1
982,10,1532,570,70,139,-1,-1,-1,-1
983,10,1531,570,71,140,-1,-1,-1,-1
984,10,1531,569,72,143,-1,-1,-1,-1
985,10,1532,570,72,144,-1,-1,-1,-1
986,10,1533,571,72,144,-1,-1,-1,-1
987,10,1534,572,72,143,-1,-1,-1,-1
988,10,1534,573,74,141,-1,-1,-1,-1
989,10,1534,575,74,141,-1,-1,-1,-1
990,10,1534,577,73,139,-1,-1,-1,-1
991,10,1534,577,73,142,-1,-1,-1,-1
992,10,1535,580,72,138,-1,-1,-1,-1
993,10,1536,580,72,140,-1,-1,-1,-1
994,10,1538,584,68,133,-1,-1,-1,-1
995,10,1539,586,68,131,-1,-1,-1,-1
996,10,1538,589,68,126,-1,-1,-1,-1
997,10,1537,591,70,121,-1,-1,-1,-1
998,10,1539,592,69,121,-1,-1,-1,-1
999,10,1537,593,68,121,-1,-1,-1,-1
1000,10,1536,593,69,119,-1,-1,-1,-1
1001,10,1534,592,70,122,-1,-1,-1,-1
1002,10,1532,591,70,129,-1,-1,-1,-1
1003,10,1530,592,74,129,-1,-1,-1,-1
1004,10,1527,593,76,131,-1,-1,-1,-1
1005,10,1525,592,78,132,-1,-1,-1,-1
1006,10,1524,593,79,130,-1,-1,-1,-1
1007,10,1526,593,76,128,-1,-1,-1,-1
1008,10,1528,596,76,127,-1,-1,-1,-1
1009,10,1526,597,75,127,-1,-1,-1,-1
1010,10,1528,600,71,124,-1,-1,-1,-1
1011,10,1527,601,71,120,-1,-1,-1,-1
1012,10,1522,601,77,124,-1,-1,-1,-1
1013,10,1517,601,79,126,-1,-1,-1,-1
1014,10,1518,598,75,125,-1,-1,-1,-1
1015,10,1518,598,74,125,-1,-1,-1,-1
1016,10,1518,599,73,125,-1,-1,-1,-1
1017,10,1517,599,74,127,-1,-1,-1,-1
1018,10,1516,599,70,129,-1,-1,-1,-1
1019,10,1516,602,70,121,-1,-1,-1,-1
1020,10,1510,602,73,123,-1,-1,-1,-1
1021,10,1509,603,69,129,-1,-1,-1,-1
1022,10,1508,604,67,128,-1,-1,-1,-1
1023,10,1507,606,68,129,-1,-1,-1,-1
1024,10,1507,607,67,126,-1,-1,-1,-1
1025,10,1506,606,68,132,-1,-1,-1,-1
1026,10,1504,610,69,124,-1,-1,-1,-1
1027,10,1502,614,70,125,-1,-1,-1,-1
1028,10,1502,617,69,124,-1,-1,-1,-1
1029,10,1498,616,72,125,-1,-1,-1,-1
1030,10,1498,618,73,125,-1,-1,-1,-1
1031,10,1492,618,80,133,-1,-1,-1,-1
1032,10,1494,618,80,131,-1,-1,-1,-1
1033,10,1491,619,76,124,-1,-1,-1,-1
1034,10,1488,620,81,129,-1,-1,-1,-1
1035,10,1484,620,84,133,-1,-1,-1,-1
1036,10,1483,620,84,137,-1,-1,-1,-1
1037,10,1484,623,82,130,-1,-1,-1,-1
1038,10,1483,623,78,129,-1,-1,-1,-1
1039,10,1481,624,78,132,-1,-1,-1,-1
1040,10,1475,626,80,140,-1,-1,-1,-1
1041,10,1472,626,83,147,-1,-1,-1,-1
1042,10,1474,631,82,140,-1,-1,-1,-1
1043,10,1470,633,84,141,-1,-1,-1,-1
1044,10,1470,636,83,139,-1,-1,-1,-1
1045,10,1465,637,87,142,-1,-1,-1,-1
1046,10,1465,641,87,141,-1,-1,-1,-1
1047,10,1463,644,89,139,-1,-1,-1,-1
1048,10,1463,647,86,138,-1,-1,-1,-1
1049,10,1461,646,89,144,-1,-1,-1,-1
1050,10,1459,648,91,148,-1,-1,-1,-1
1051,10,1459,650,91,143,-1,-1,-1,-1
1052,10,1464,650,90,142,-1,-1,-1,-1
1053,10,1463,650,89,141,-1,-1,-1,-1
1054,10,1461,651,87,140,-1,-1,-1,-1
1055,10,1467,657,80,133,-1,-1,-1,-1
1056,10,1464,656,83,135,-1,-1,-1,-1
1057,10,1460,657,87,145,-1,-1,-1,-1
1058,10,1459,660,90,149,-1,-1,-1,-1
1059,10,1462,661,94,157,-1,-1,-1,-1
1060,10,1461,665,93,150,-1,-1,-1,-1
1061,10,1466,670,89,156,-1,-1,-1,-1
1062,10,1466,678,87,147,-1,-1,-1,-1
1063,10,1463,682,87,145,-1,-1,-1,-1
1064,10,1461,684,91,145,-1,-1,-1,-1
1065,10,1463,685,94,143,-1,-1,-1,-1
1066,10,1466,688,92,140,-1,-1,-1,-1
1067,10,1464,689,97,137,-1,-1,-1,-1
1068,10,1461,691,98,137,-1,-1,-1,-1
1069,10,1464,693,95,146,-1,-1,-1,-1
1070,10,1461,694,99,151,-1,-1,-1,-1
1071,10,1461,694,104,154,-1,-1,-1,-1
1072,10,1465,698,102,157,-1,-1,-1,-1
1073,10,1470,698,96,160,-1,-1,-1,-1
1074,10,1479,704,94,157,-1,-1,-1,-1
1075,10,1486,703,89,155,-1,-1,-1,-1
1076,10,1485,706,93,153,-1,-1,-1,-1
1077,10,1487,710,87,154,-1,-1,-1,-1
1078,10,1488,719,89,147,-1,-1,-1,-1
1079,10,1494,724,85,140,-1,-1,-1,-1
1080,10,1495,723,85,145,-1,-1,-1,-1
1081,10,1500,725,89,143,-1,-1,-1,-1
1082,10,1501,723,95,151,-1,-1,-1,-1
1083,10,1513,721,80,156,-1,-1,-1,-1
1084,10,1514,728,83,149,-1,-1,-1,-1
1085,10,1517,728,86,155,-1,-1,-1,-1
1086,10,1518,725,83,165,-1,-1,-1,-1
1087,10,1521,726,81,164,-1,-1,-1,-1
1088,10,1520,727,88,167,-1,-1,-1,-1
1089,10,1522,728,98,165,-1,-1,-1,-1
1090,10,1536,735,87,159,-1,-1,-1,-1
1091,10,1544,735,87,155,-1,-1,-1,-1
1092,10,1542,739,90,152,-1,-1,-1,-1
1093,10,1547,745,82,147,-1,-1,-1,-1
1094,10,1550,743,84,148,-1,-1,-1,-1
1095,10,1551,745,89,138,-1,-1,-1,-1
1096,10,1562,744,87,142,-1,-1,-1,-1
1097,10,1565,739,85,156,-1,-1,-1,-1
1098,10,1559,741,94,160,-1,-1,-1,-1
1099,10,1570,743,91,151,-1,-1,-1,-1
1100,10,1570,741,90,160,-1,-1,-1,-1
1101,10,1566,741,103,169,-1,-1,-1,-1
1102,10,1558,747,119,155,-1,-1,-1,-1
1103,10,1586,746,99,150,-1,-1,-1,-1
1104,10,1583,740,104,163,-1,-1,-1,-1
1105,10,1597,751,91,154,-1,-1,-1,-1
1106,10,1609,749,79,160,-1,-1,-1,-1
1107,10,1622,756,69,141,-1,-1,-1,-1
1108,10,1633,754,64,121,-1,-1,-1,-1
1109,10,1633,758,64,115,-1,-1,-1,-1
1110,10,1621,758,79,150,-1,-1,-1,-1
1111,10,1609,752,101,156,-1,-1,-1,-1
1112,10,1633,753,78,144,-1,-1,-1,-1
1113,10,1619,756,94,163,-1,-1,-1,-1
1114,10,1618,749,95,171,-1,-1,-1,-1
1115,10,1623,758,85,161,-1,-1,-1,-1
1116,10,1618,763,97,155,-1,-1,-1,-1
1117,10,1619,762,101,156,-1,-1,-1,-1
1118,10,1628,765,104,152,-1,-1,-1,-1
1119,10,1632,760,101,167,-1,-1,-1,-1
1120,10,1634,755,103,165,-1,-1,-1,-1
1121,10,1639,758,102,159,-1,-1,-1,-1
1122,10,1645,758,98,160,-1,-1,-1,-1
1123,10,1660,755,93,159,-1,-1,-1,-1
1124,10,1657,762,108,163,-1,-1,-1,-1
1125,10,1675,759,87,163,-1,-1,-1,-1
1126,10,1677,757,87,161,-1,-1,-1,-1
1127,10,1677,758,82,166,-1,-1,-1,-1
1128,10,1676,755,89,172,-1,-1,-1,-1
1129,10,1675,754,99,167,-1,-1,-1,-1
1130,10,1680,754,88,166,-1,-1,-1,-1
1131,10,1677,757,95,159,-1,-1,-1,-1
1132,10,1678,752,98,166,-1,-1,-1,-1
1133,10,1684,756,97,167,-1,-1,-1,-1
1134,10,1685,761,102,161,-1,-1,-1,-1
1135,10,1684,761,98,161,-1,-1,-1,-1
1136,10,1689,764,92,155,-1,-1,-1,-1
1137,10,1695,754,93,168,-1,-1,-1,-1
1138,10,1697,753,92,169,-1,-1,-1,-1
1139,10,1701,748,88,173,-1,-1,-1,-1
1140,10,1703,744,85,175,-1,-1,-1,-1
1141,10,1702,746,85,171,-1,-1,-1,-1
1142,10,1702,746,85,171,-1,-1,-1,-1
1143,10,1703,746,85,173,-1,-1,-1,-1
1144,10,1705,745,83,173,-1,-1,-1,-1
1145,10,1702,739,87,181,-1,-1,-1,-1
1146,10,1701,743,85,179,-1,-1,-1,-1
1147,10,1701,741,86,181,-1,-1,-1,-1
1148,10,1700,748,83,170,-1,-1,-1,-1
1149,10,1702,748,84,169,-1,-1,-1,-1
1150,10,1707,741,82,175,-1,-1,-1,-1
1151,10,1707,742,83,171,-1,-1,-1,-1
1152,10,1705,749,81,162,-1,-1,-1,-1
1153,10,1697,747,87,163,-1,-1,-1,-1
1154,10,1698,742,90,173,-1,-1,-1,-1
1155,10,1704,741,84,172,-1,-1,-1,-1
1156,10,1701,746,84,165,-1,-1,-1,-1
1157,10,1699,746,86,165,-1,-1,-1,-1
1158,10,1698,746,88,164,-1,-1,-1,-1
1159,10,1696,745,89,167,-1,-1,-1,-1
1160,10,1698,745,87,166,-1,-1,-1,-1
1161,10,1696,745,87,168,-1,-1,-1,-1
1162,10,1702,746,85,164,-1,-1,-1,-1
1163,10,1697,745,86,167,-1,-1,-1,-1
1164,10,1696,745,87,167,-1,-1,-1,-1
1165,10,1698,746,86,166,-1,-1,-1,-1
1166,10,1697,747,87,164,-1,-1,-1,-1
1167,10,1704,748,83,163,-1,-1,-1,-1
1168,10,1702,749,86,161,-1,-1,-1,-1
1169,10,1705,744,83,167,-1,-1,-1,-1
1170,10,1701,747,84,162,-1,-1,-1,-1
1171,10,1704,748,82,160,-1,-1,-1,-1
1172,10,1700,747,84,163,-1,-1,-1,-1
1173,10,1701,749,83,163,-1,-1,-1,-1
1174,10,1707,746,83,172,-1,-1,-1,-1
1175,10,1701,750,86,167,-1,-1,-1,-1
1176,10,1703,748,88,170,-1,-1,-1,-1
1177,10,1703,748,83,169,-1,-1,-1,-1
1178,10,1705,746,79,170,-1,-1,-1,-1
1179,10,1704,746,87,173,-1,-1,-1,-1
1180,10,1706,749,82,168,-1,-1,-1,-1
1181,10,1706,748,81,170,-1,-1,-1,-1
1182,10,1705,747,82,171,-1,-1,-1,-1
1183,10,1704,746,80,173,-1,-1,-1,-1
1184,10,1704,744,81,176,-1,-1,-1,-1
1185,10,1704,748,85,170,-1,-1,-1,-1
1186,10,1706,746,81,171,-1,-1,-1,-1
1187,10,1708,744,82,174,-1,-1,-1,-1
1188,10,1704,749,83,166,-1,-1,-1,-1
1189,10,1706,750,82,164,-1,-1,-1,-1
1190,10,1704,749,85,165,-1,-1,-1,-1
1191,10,1704,748,84,169,-1,-1,-1,-1
1192,10,1707,750,84,164,-1,-1,-1,-1
1193,10,1706,751,81,165,-1,-1,-1,-1
1194,10,1707,751,84,163,-1,-1,-1,-1
1195,10,1704,749,83,167,-1,-1,-1,-1
1196,10,1706,749,85,168,-1,-1,-1,-1
1197,10,1706,745,85,172,-1,-1,-1,-1
1198,10,1705,746,85,170,-1,-1,-1,-1
1199,10,1705,746,84,170,-1,-1,-1,-1
1200,10,1697,744,92,170,-1,-1,-1,-1
1201,10,1703,740,87,178,-1,-1,-1,-1
1202,10,1696,743,89,175,-1,-1,-1,-1
1203,10,1694,747,93,171,-1,-1,-1,-1
1204,10,1687,747,101,168,-1,-1,-1,-1
1205,10,1687,742,95,171,-1,-1,-1,-1
1206,10,1686,743,96,171,-1,-1,-1,-1
1207,10,1688,745,92,168,-1,-1,-1,-1
1208,10,1691,743,93,171,-1,-1,-1,-1
1209,10,1689,742,94,172,-1,-1,-1,-1
1210,10,1688,741,91,172,-1,-1,-1,-1
1211,10,1685,739,93,176,-1,-1,-1,-1
1212,10,1680,738,99,176,-1,-1,-1,-1
1213,10,1688,735,93,178,-1,-1,-1,-1
1214,10,1688,734,92,181,-1,-1,-1,-1
1215,10,1687,729,93,185,-1,-1,-1,-1
1216,10,1686,726,93,185,-1,-1,-1,-1
1217,10,1685,725,93,188,-1,-1,-1,-1
1218,10,1685,724,93,188,-1,-1,-1,-1
1219,10,1687,725,91,188,-1,-1,-1,-1
1220,10,1687,728,91,184,-1,-1,-1,-1
1221,10,1684,725,90,187,-1,-1,-1,-1
1222,10,1687,727,91,185,-1,-1,-1,-1
1223,10,1686,725,93,189,-1,-1,-1,-1
1224,10,1683,725,91,187,-1,-1,-1,-1
1225,10,1684,721,94,193,-1,-1,-1,-1
1226,10,1685,724,90,186,-1,-1,-1,-1
1227,10,1685,724,89,185,-1,-1,-1,-1
1228,10,1684,725,90,185,-1,-1,-1,-1
1229,10,1685,724,88,189,-1,-1,-1,-1
1230,10,1684,723,90,190,-1,-1,-1,-1
1231,10,1685,724,89,190,-1,-1,-1,-1
1232,10,1681,722,91,190,-1,-1,-1,-1
1233,10,1684,727,88,183,-1,-1,-1,-1
1234,10,1682,727,92,185,-1,-1,-1,-1
1235,10,1683,727,91,187,-1,-1,-1,-1
1236,10,1683,729,91,185,-1,-1,-1,-1
1237,10,1684,731,86,182,-1,-1,-1,-1
1238,10,1683,738,87,174,-1,-1,-1,-1
1239,10,1684,741,86,170,-1,-1,-1,-1
1240,10,1684,740,85,171,-1,-1,-1,-1
1241,10,1687,738,84,178,-1,-1,-1,-1
1242,10,1685,736,86,175,-1,-1,-1,-1
1243,10,1686,736,85,177,-1,-1,-1,-1
1244,10,1687,737,85,175,-1,-1,-1,-1
1245,10,1687,739,84,171,-1,-1,-1,-1
1246,10,1687,741,83,168,-1,-1,-1,-1
1247,10,1687,741,82,166,-1,-1,-1,-1
1248,10,1686,742,83,165,-1,-1,-1,-1
1249,10,1687,740,81,172,-1,-1,-1,-1
1250,10,1685,741,83,171,-1,-1,-1,-1
1251,10,1686,741,82,169,-1,-1,-1,-1
1252,10,1686,740,83,167,-1,-1,-1,-1
1253,10,1688,741,81,163,-1,-1,-1,-1
1254,10,1689,740,77,159,-1,-1,-1,-1
1255,10,1688,738,77,162,-1,-1,-1,-1
1256,10,1688,738,81,159,-1,-1,-1,-1
1257,10,1689,733,83,164,-1,-1,-1,-1
1258,10,1691,734,80,161,-1,-1,-1,-1
1259,10,1686,729,86,167,-1,-1,-1,-1
1260,10,1687,727,86,170,-1,-1,-1,-1
1261,10,1689,728,83,168,-1,-1,-1,-1
1262,10,1688,726,85,170,-1,-1,-1,-1
1263,10,1686,728,87,169,-1,-1,-1,-1
1264,10,1687,727,87,171,-1,-1,-1,-1
1265,10,1686,728,89,168,-1,-1,-1,-1
1266,10,1687,728,89,168,-1,-1,-1,-1
1267,10,1688,729,90,167,-1,-1,-1,-1
1268,10,1694,732,87,165,-1,-1,-1,-1
1269,10,1694,730,86,166,-1,-1,-1,-1
1270,10,1697,728,88,168,-1,-1,-1,-1
1271,10,1697,728,85,165,-1,-1,-1,-1
1272,10,1697,726,85,167,-1,-1,-1,-1
1273,10,1698,728,89,163,-1,-1,-1,-1
1274,10,1696,729,91,162,-1,-1,-1,-1
1275,10,1698,729,89,159,-1,-1,-1,-1
1276,10,1699,728,87,159,-1,-1,-1,-1
1277,10,1698,724,88,165,-1,-1,-1,-1
1278,10,1701,725,86,165,-1,-1,-1,-1
1279,10,1701,724,89,166,-1,-1,-1,-1
1280,10,1702,723,90,167,-1,-1,-1,-1
1281,10,1703,722,90,166,-1,-1,-1,-1
1282,10,1704,723,89,164,-1,-1,-1,-1
1283,10,1703,723,91,164,-1,-1,-1,-1
1284,10,1707,723,89,164,-1,-1,-1,-1
1285,10,1707,722,92,163,-1,-1,-1,-1
1286,10,1708,721,87,165,-1,-1,-1,-1
1287,10,1709,720,85,165,-1,-1,-1,-1
1288,10,1712,721,84,161,-1,-1,-1,-1
1289,10,1713,721,82,158,-1,-1,-1,-1
1290,10,1711,721,86,156,-1,-1,-1,-1
1291,10,1711,721,85,155,-1,-1,-1,-1
1292,10,1710,722,84,154,-1,-1,-1,-1
1293,10,1707,721,87,157,-1,-1,-1,-1
1294,10,1708,717,87,163,-1,-1,-1,-1
1295,10,1706,721,87,157,-1,-1,-1,-1
1296,10,1707,720,86,159,-1,-1,-1,-1
1297,10,1706,721,88,158,-1,-1,-1,-1
1298,10,1706,721,89,157,-1,-1,-1,-1
1299,10,1707,720,86,157,-1,-1,-1,-1
1300,10,1706,720,87,157,-1,-1,-1,-1
1301,10,1706,721,88,158,-1,-1,-1,-1
1302,10,1708,719,88,158,-1,-1,-1,-1
1303,10,1706,717,91,162,-1,-1,-1,-1
1304,10,1710,717,87,161,-1,-1,-1,-1
1305,10,1709,721,91,157,-1,-1,-1,-1
1306,10,1710,722,88,154,-1,-1,-1,-1
1307,10,1711,720,85,157,-1,-1,-1,-1
1308,10,1712,722,87,156,-1,-1,-1,-1
1309,10,1715,721,85,155,-1,-1,-1,-1
1310,10,1715,718,86,162,-1,-1,-1,-1
1311,10,1713,720,86,159,-1,-1,-1,-1
1312,10,1710,721,87,160,-1,-1,-1,-1
1313,10,1710,719,87,165,-1,-1,-1,-1
1314,10,1709,720,89,162,-1,-1,-1,-1
1315,10,1710,721,88,160,-1,-1,-1,-1
1316,10,1711,718,86,162,-1,-1,-1,-1
1317,10,1713,719,88,161,-1,-1,-1,-1
1318,10,1712,719,90,159,-1,-1,-1,-1
1319,10,1715,719,86,158,-1,-1,-1,-1
1320,10,1715,719,89,157,-1,-1,-1,-1
1321,10,1713,719,89,159,-1,-1,-1,-1
1322,10,1716,715,88,162,-1,-1,-1,-1
1323,10,1715,713,87,165,-1,-1,-1,-1
1324,10,1714,712,89,165,-1,-1,-1,-1
1325,10,1715,713,87,160,-1,-1,-1,-1
1326,10,1713,713,93,158,-1,-1,-1,-1
1327,10,1718,708,96,158,-1,-1,-1,-1
1328,10,1719,712,91,153,-1,-1,-1,-1
1329,10,1719,711,91,152,-1,-1,-1,-1
1330,10,1723,709,88,153,-1,-1,-1,-1
1331,10,1724,706,89,153,-1,-1,-1,-1
1332,10,1721,706,91,155,-1,-1,-1,-1
1333,10,1728,703,90,153,-1,-1,-1,-1
1334,10,1726,704,90,156,-1,-1,-1,-1
1335,10,1722,703,91,161,-1,-1,-1,-1
1336,10,1725,701,91,158,-1,-1,-1,-1
1337,10,1726,703,90,155,-1,-1,-1,-1
1338,10,1729,701,88,157,-1,-1,-1,-1
1339,10,1729,703,88,154,-1,-1,-1,-1
1340,10,1728,703,87,154,-1,-1,-1,-1
1341,10,1726,704,90,156,-1,-1,-1,-1
1342,10,1726,704,92,152,-1,-1,-1,-1
1343,10,1720,702,95,156,-1,-1,-1,-1
1344,10,1726,703,91,152,-1,-1,-1,-1
1345,10,1728,702,91,153,-1,-1,-1,-1
1346,10,1729,702,90,153,-1,-1,-1,-1
1347,10,1727,704,90,150,-1,-1,-1,-1
1348,10,1727,705,89,150,-1,-1,-1,-1
1349,10,1725,705,91,148,-1,-1,-1,-1
1350,10,1726,709,87,143,-1,-1,-1,-1
1351,10,1725,708,86,145,-1,-1,-1,-1
1352,10,1723,708,88,145,-1,-1,-1,-1
1353,10,1724,708,91,145,-1,-1,-1,-1
1354,10,1721,711,93,143,-1,-1,-1,-1
1355,10,1719,713,90,139,-1,-1,-1,-1
1356,10,1720,714,89,136,-1,-1,-1,-1
1357,10,1721,716,79,134,-1,-1,-1,-1
1358,10,1713,717,79,136,-1,-1,-1,-1
1359,10,1712,716,74,131,-1,-1,-1,-1
1360,10,1714,716,75,135,-1,-1,-1,-1
1361,10,1709,717,76,134,-1,-1,-1,-1
1362,10,1714,721,72,132,-1,-1,-1,-1
1363,10,1711,723,71,128,-1,-1,-1,-1
1364,10,1710,724,68,127,-1,-1,-1,-1
1365,10,1714,722,62,123,-1,-1,-1,-1
1366,10,1712,721,61,122,-1,-1,-1,-1
1367,10,1709,723,62,119,-1,-1,-1,-1
1368,10,1704,721,66,119,-1,-1,-1,-1
1369,10,1702,724,63,107,-1,-1,-1,-1
1370,10,1704,725,64,105,-1,-1,-1,-1
1371,10,1708,725,60,102,-1,-1,-1,-1
1372,10,1711,723,52,98,-1,-1,-1,-1
1373,10,1714,727,54,96,-1,-1,-1,-1
1374,10,1711,727,53,84,-1,-1,-1,-1
1375,10,1715,726,51,94,-1,-1,-1,-1
1376,10,1712,726,56,92,-1,-1,-1,-1
1377,10,1715,723,55,92,-1,-1,-1,-1
1378,10,1714,723,57,83,-1,-1,-1,-1
1379,10,1712,726,60,80,-1,-1,-1,-1
1380,10,1712,723,59,87,-1,-1,-1,-1
1381,10,1714,728,56,94,-1,-1,-1,-1
1382,10,1716,730,57,92,-1,-1,-1,-1
1383,10,1713,727,57,87,-1,-1,-1,-1
1384,10,1703,727,65,83,-1,-1,-1,-1
1385,10,1704,727,56,80,-1,-1,-1,-1
1386,10,1698,731,58,70,-1,-1,-1,-1
1387,10,1698,724,55,80,-1,-1,-1,-1
1388,10,1700,728,55,77,-1,-1,-1,-1
1389,10,1706,724,53,90,-1,-1,-1,-1
1390,10,1708,723,51,93,-1,-1,-1,-1
1391,10,1712,723,50,94,-1,-1,-1,-1
1392,10,1711,726,53,98,-1,-1,-1,-1
1393,10,1713,724,54,106,-1,-1,-1,-1
1394,10,1715,723,52,104,-1,-1,-1,-1
1395,10,1714,722,52,105,-1,-1,-1,-1
1396,10,1712,722,53,100,-1,-1,-1,-1
1397,10,1707,723,58,101,-1,-1,-1,-1
1398,10,1710,724,54,94,-1,-1,-1,-1
1399,10,1710,724,54,89,-1,-1,-1,-1
1407,28,1731,744,54,100,-1,-1,-1,-1
1408,28,1733,747,56,100,-1,-1,-1,-1
1409,28,1716,732,68,110,-1,-1,-1,-1
1410,28,1720,743,54,97,-1,-1,-1,-1
1411,28,1717,735,53,95,-1,-1,-1,-1
1412,28,1718,736,50,84,-1,-1,-1,-1
1413,28,1715,738,48,83,-1,-1,-1,-1
1216,29,865,16,22,47,-1,-1,-1,-1
1217,29,865,16,22,47,-1,-1,-1,-1
1218,29,865,16,23,46,-1,-1,-1,-1
1219,29,866,16,23,45,-1,-1,-1,-1
1220,29,867,17,23,44,-1,-1,-1,-1
1221,29,869,17,22,44,-1,-1,-1,-1
1222,29,870,17,21,43,-1,-1,-1,-1
1223,29,870,16,22,44,-1,-1,-1,-1
1224,29,871,15,22,43,-1,-1,-1,-1
1225,29,871,13,22,45,-1,-1,-1,-1
1226,29,871,14,22,45,-1,-1,-1,-1
1227,29,873,15,21,43,-1,-1,-1,-1
1228,29,874,16,21,42,-1,-1,-1,-1
1229,29,874,15,22,44,-1,-1,-1,-1
1230,29,875,16,21,43,-1,-1,-1,-1
1231,29,875,16,22,43,-1,-1,-1,-1
1232,29,876,17,21,42,-1,-1,-1,-1
1233,29,876,17,22,43,-1,-1,-1,-1
1234,29,876,18,22,42,-1,-1,-1,-1
1235,29,877,18,21,41,-1,-1,-1,-1
1236,29,876,17,22,42,-1,-1,-1,-1
1237,29,877,17,20,42,-1,-1,-1,-1
1238,29,875,16,22,43,-1,-1,-1,-1
1239,29,875,17,23,43,-1,-1,-1,-1
1240,29,875,17,23,43,-1,-1,-1,-1
1241,29,877,17,23,44,-1,-1,-1,-1
1242,29,879,17,23,44,-1,-1,-1,-1
1243,29,880,17,24,43,-1,-1,-1,-1
1244,29,881,16,24,45,-1,-1,-1,-1
1245,29,881,16,25,45,-1,-1,-1,-1
1246,29,881,16,26,46,-1,-1,-1,-1
1247,29,882,16,25,46,-1,-1,-1,-1
1248,29,882,17,26,45,-1,-1,-1,-1
1249,29,881,16,27,46,-1,-1,-1,-1
1250,29,882,16,29,47,-1,-1,-1,-1
1251,29,882,17,29,47,-1,-1,-1,-1
1252,29,883,16,28,48,-1,-1,-1,-1
1253,29,883,16,28,47,-1,-1,-1,-1
1254,29,884,16,26,47,-1,-1,-1,-1
1255,29,885,16,25,47,-1,-1,-1,-1
1256,29,884,16,26,47,-1,-1,-1,-1
1257,29,885,17,26,46,-1,-1,-1,-1
1258,29,885,17,26,46,-1,-1,-1,-1
1259,29,887,18,24,44,-1,-1,-1,-1
1260,29,888,18,23,45,-1,-1,-1,-1
1261,29,888,18,23,46,-1,-1,-1,-1
1262,29,889,19,23,46,-1,-1,-1,-1
1263,29,890,19,22,46,-1,-1,-1,-1
1264,29,890,19,23,46,-1,-1,-1,-1
1265,29,891,20,22,45,-1,-1,-1,-1
1266,29,892,19,21,46,-1,-1,-1,-1
1267,29,892,19,21,45,-1,-1,-1,-1
1268,29,893,20,20,45,-1,-1,-1,-1
1269,29,893,21,21,44,-1,-1,-1,-1
1270,29,894,20,21,45,-1,-1,-1,-1
1271,29,894,21,22,44,-1,-1,-1,-1
1272,29,895,18,22,47,-1,-1,-1,-1
1273,29,895,18,23,46,-1,-1,-1,-1
1274,29,895,18,23,46,-1,-1,-1,-1
1275,29,896,18,23,46,-1,-1,-1,-1
1276,29,897,18,23,46,-1,-1,-1,-1
1277,29,897,19,23,46,-1,-1,-1,-1
1278,29,897,19,23,44,-1,-1,-1,-1
1279,29,898,19,23,45,-1,-1,-1,-1
1280,29,899,20,22,45,-1,-1,-1,-1
1281,29,900,21,22,44,-1,-1,-1,-1
1282,29,900,20,23,45,-1,-1,-1,-1
1283,29,901,21,22,44,-1,-1,-1,-1
1284,29,901,22,22,44,-1,-1,-1,-1
1285,29,900,22,22,43,-1,-1,-1,-1
1286,29,900,23,22,43,-1,-1,-1,-1
1287,29,901,22,23,45,-1,-1,-1,-1
1288,29,902,22,22,43,-1,-1,-1,-1
1289,29,902,22,23,45,-1,-1,-1,-1
1290,29,903,23,22,45,-1,-1,-1,-1
1291,29,903,21,24,47,-1,-1,-1,-1
1292,29,903,19,24,49,-1,-1,-1,-1
1293,29,903,20,24,49,-1,-1,-1,-1
1294,29,903,20,26,49,-1,-1,-1,-1
1295,29,904,20,25,48,-1,-1,-1,-1
1296,29,905,20,25,48,-1,-1,-1,-1
1297,29,905,20,26,47,-1,-1,-1,-1
1298,29,905,20,29,46,-1,-1,-1,-1
1299,29,905,20,29,46,-1,-1,-1,-1
1300,29,905,18,29,47,-1,-1,-1,-1
1301,29,906,17,28,48,-1,-1,-1,-1
1302,29,906,16,28,49,-1,-1,-1,-1
1303,29,907,17,27,47,-1,-1,-1,-1
1304,29,907,18,28,47,-1,-1,-1,-1
1305,29,908,19,27,46,-1,-1,-1,-1
1306,29,909,19,27,47,-1,-1,-1,-1
1307,29,909,21,27,45,-1,-1,-1,-1
1308,29,910,21,26,46,-1,-1,-1,-1
1309,29,909,20,27,46,-1,-1,-1,-1
1310,29,909,20,27,46,-1,-1,-1,-1
1311,29,911,19,25,46,-1,-1,-1,-1
1312,29,911,20,26,47,-1,-1,-1,-1
1313,29,912,21,25,47,-1,-1,-1,-1
1314,29,913,21,25,46,-1,-1,-1,-1
1315,29,914,22,24,45,-1,-1,-1,-1
1316,29,914,22,24,45,-1,-1,-1,-1
1317,29,915,23,23,44,-1,-1,-1,-1
1318,29,916,23,22,44,-1,-1,-1,-1
1319,29,916,22,24,44,-1,-1,-1,-1
1320,29,917,23,22,44,-1,-1,-1,-1
1321,29,916,22,25,45,-1,-1,-1,-1
1322,29,916,22,26,44,-1,-1,-1,-1
1323,29,917,23,24,43,-1,-1,-1,-1
1324,29,917,23,25,44,-1,-1,-1,-1
1325,29,917,24,25,45,-1,-1,-1,-1
1326,29,918,25,25,43,-1,-1,-1,-1
1327,29,919,24,24,45,-1,-1,-1,-1
1328,29,920,26,24,42,-1,-1,-1,-1
1329,29,921,26,23,43,-1,-1,-1,-1
1330,29,921,26,24,44,-1,-1,-1,-1
1331,29,921,26,25,44,-1,-1,-1,-1
1332,29,922,26,25,45,-1,-1,-1,-1
1333,29,922,27,25,44,-1,-1,-1,-1
1334,29,923,27,24,43,-1,-1,-1,-1
1335,29,923,26,24,44,-1,-1,-1,-1
1336,29,923,24,26,46,-1,-1,-1,-1
1337,29,924,22,27,48,-1,-1,-1,-1
1338,29,925,22,27,48,-1,-1,-1,-1
1339,29,924,22,26,47,-1,-1,-1,-1
1340,29,925,24,25,45,-1,-1,-1,-1
1341,29,925,23,26,46,-1,-1,-1,-1
1342,29,926,22,27,48,-1,-1,-1,-1
1343,29,927,22,27,47,-1,-1,-1,-1
1344,29,927,21,28,47,-1,-1,-1,-1
1345,29,928,20,27,47,-1,-1,-1,-1
1346,29,929,20,27,47,-1,-1,-1,-1
1347,29,929,21,27,46,-1,-1,-1,-1
1348,29,928,19,30,48,-1,-1,-1,-1
1349,29,929,19,29,48,-1,-1,-1,-1
1350,29,928,18,30,49,-1,-1,-1,-1
1351,29,929,19,29,49,-1,-1,-1,-1
1352,29,929,22,29,47,-1,-1,-1,-1
1353,29,929,22,29,49,-1,-1,-1,-1
1354,29,929,24,30,47,-1,-1,-1,-1
1355,29,930,24,28,47,-1,-1,-1,-1
1356,29,930,26,27,45,-1,-1,-1,-1
1357,29,929,26,27,46,-1,-1,-1,-1
1358,29,930,28,27,44,-1,-1,-1,-1
1359,29,930,27,27,45,-1,-1,-1,-1
1360,29,931,27,27,45,-1,-1,-1,-1
1361,29,932,27,26,45,-1,-1,-1,-1
1362,29,932,27,26,45,-1,-1,-1,-1
1363,29,933,28,26,44,-1,-1,-1,-1
1364,29,934,28,26,43,-1,-1,-1,-1
1365,29,935,27,26,44,-1,-1,-1,-1
1366,29,935,28,26,45,-1,-1,-1,-1
1367,29,935,27,26,46,-1,-1,-1,-1
1368,29,935,27,27,47,-1,-1,-1,-1
1369,29,936,26,25,47,-1,-1,-1,-1
1370,29,935,26,27,47,-1,-1,-1,-1
1371,29,935,25,27,49,-1,-1,-1,-1
1372,29,936,26,25,47,-1,-1,-1,-1
1373,29,936,24,28,49,-1,-1,-1,-1
1374,29,936,22,29,52,-1,-1,-1,-1
1375,29,936,23,29,51,-1,-1,-1,-1
1376,29,937,24,29,50,-1,-1,-1,-1
1377,29,938,25,28,50,-1,-1,-1,-1
1378,29,938,27,28,48,-1,-1,-1,-1
1379,29,938,25,29,49,-1,-1,-1,-1
1380,29,937,25,30,50,-1,-1,-1,-1
1381,29,938,27,28,48,-1,-1,-1,-1
1382,29,939,27,27,48,-1,-1,-1,-1
1383,29,940,28,26,46,-1,-1,-1,-1
1384,29,941,28,26,45,-1,-1,-1,-1
1385,29,941,29,26,44,-1,-1,-1,-1
1386,29,941,28,26,45,-1,-1,-1,-1
1387,29,941,29,26,44,-1,-1,-1,-1
1388,29,941,28,26,45,-1,-1,-1,-1
1389,29,943,28,24,45,-1,-1,-1,-1
1390,29,943,27,24,46,-1,-1,-1,-1
1391,29,943,27,25,46,-1,-1,-1,-1
1392,29,944,29,24,45,-1,-1,-1,-1
1393,29,944,28,23,46,-1,-1,-1,-1
1394,29,946,30,22,44,-1,-1,-1,-1
1395,29,947,31,22,43,-1,-1,-1,-1
1396,29,948,32,22,42,-1,-1,-1,-1
1397,29,947,31,23,44,-1,-1,-1,-1
1398,29,948,31,23,44,-1,-1,-1,-1
1399,29,950,31,21,44,-1,-1,-1,-1
1400,29,949,30,22,45,-1,-1,-1,-1
1401,29,949,31,23,44,-1,-1,-1,-1
1402,29,950,31,21,44,-1,-1,-1,-1
1403,29,950,31,22,44,-1,-1,-1,-1
1404,29,950,31,23,44,-1,-1,-1,-1
1405,29,949,31,24,44,-1,-1,-1,-1
1406,29,949,31,24,45,-1,-1,-1,-1
1407,29,949,31,25,45,-1,-1,-1,-1
1408,29,950,32,24,45,-1,-1,-1,-1
1409,29,950,31,25,45,-1,-1,-1,-1
1410,29,950,31,25,46,-1,-1,-1,-1
1411,29,951,31,25,46,-1,-1,-1,-1
1412,29,951,31,25,46,-1,-1,-1,-1
1413,29,951,31,25,46,-1,-1,-1,-1
1414,29,952,31,25,45,-1,-1,-1,-1
1415,29,953,31,25,45,-1,-1,-1,-1
1416,29,952,30,27,46,-1,-1,-1,-1
1417,29,952,31,28,46,-1,-1,-1,-1
1418,29,952,31,28,47,-1,-1,-1,-1
1419,29,954,31,26,47,-1,-1,-1,-1
1420,29,954,32,27,46,-1,-1,-1,-1
1421,29,954,33,26,45,-1,-1,-1,-1
1422,29,955,33,25,45,-1,-1,-1,-1
1423,29,956,33,24,43,-1,-1,-1,-1
1424,29,957,33,23,43,-1,-1,-1,-1
1425,29,957,34,22,42,-1,-1,-1,-1
1426,29,957,34,22,43,-1,-1,-1,-1
1427,29,957,34,22,44,-1,-1,-1,-1
1428,29,957,34,23,44,-1,-1,-1,-1
1429,29,957,34,23,45,-1,-1,-1,-1
1430,29,957,34,23,45,-1,-1,-1,-1
1431,29,957,34,23,44,-1,-1,-1,-1
1432,29,957,34,23,45,-1,-1,-1,-1
1433,29,957,34,23,45,-1,-1,-1,-1
1434,29,958,33,23,45,-1,-1,-1,-1
1435,29,958,33,23,46,-1,-1,-1,-1
1436,29,958,33,22,46,-1,-1,-1,-1
1437,29,958,32,23,47,-1,-1,-1,-1
1438,29,958,32,23,47,-1,-1,-1,-1
1439,29,959,32,22,47,-1,-1,-1,-1
1440,29,959,32,22,47,-1,-1,-1,-1
1441,29,958,32,23,47,-1,-1,-1,-1
1442,29,958,32,23,48,-1,-1,-1,-1
1443,29,958,32,24,48,-1,-1,-1,-1
1444,29,958,32,24,48,-1,-1,-1,-1
1445,29,958,33,25,48,-1,-1,-1,-1
1446,29,958,33,24,47,-1,-1,-1,-1
1447,29,958,34,26,47,-1,-1,-1,-1
1448,29,959,35,26,47,-1,-1,-1,-1
1449,29,960,36,26,46,-1,-1,-1,-1
1450,29,961,35,24,45,-1,-1,-1,-1
1451,29,962,35,24,45,-1,-1,-1,-1
1452,29,963,36,25,45,-1,-1,-1,-1
1453,29,963,36,25,46,-1,-1,-1,-1
1454,29,964,36,25,45,-1,-1,-1,-1
1455,29,964,36,25,46,-1,-1,-1,-1
1456,29,964,36,25,45,-1,-1,-1,-1
1457,29,964,36,26,47,-1,-1,-1,-1
1458,29,965,37,26,45,-1,-1,-1,-1
1459,29,965,38,25,44,-1,-1,-1,-1
1460,29,965,37,26,44,-1,-1,-1,-1
1461,29,966,37,26,45,-1,-1,-1,-1
1462,29,967,37,25,45,-1,-1,-1,-1
1463,29,968,36,24,45,-1,-1,-1,-1
1464,29,969,36,23,44,-1,-1,-1,-1
1465,29,969,37,23,44,-1,-1,-1,-1
1466,29,969,36,23,46,-1,-1,-1,-1
1467,29,969,36,23,45,-1,-1,-1,-1
1468,29,970,36,23,45,-1,-1,-1,-1
1469,29,970,36,24,45,-1,-1,-1,-1
1470,29,970,36,24,46,-1,-1,-1,-1
1471,29,970,36,26,47,-1,-1,-1,-1
1472,29,971,36,25,46,-1,-1,-1,-1
1473,29,971,37,26,46,-1,-1,-1,-1
1474,29,972,37,26,46,-1,-1,-1,-1
1475,29,973,38,27,46,-1,-1,-1,-1
1476,29,974,38,27,46,-1,-1,-1,-1
1477,29,975,38,28,47,-1,-1,-1,-1
1478,29,975,39,28,46,-1,-1,-1,-1
1479,29,976,39,27,47,-1,-1,-1,-1
1480,29,976,39,28,48,-1,-1,-1,-1
1481,29,977,39,28,47,-1,-1,-1,-1
1482,29,976,39,29,47,-1,-1,-1,-1
1483,29,976,39,29,48,-1,-1,-1,-1
1484,29,976,39,30,50,-1,-1,-1,-1
1485,29,975,40,33,52,-1,-1,-1,-1
1486,29,977,40,30,48,-1,-1,-1,-1
1487,29,978,39,28,48,-1,-1,-1,-1
1488,29,978,39,29,49,-1,-1,-1,-1
1489,29,979,38,27,51,-1,-1,-1,-1
1490,29,979,37,28,50,-1,-1,-1,-1
1491,29,979,37,28,50,-1,-1,-1,-1
1492,29,980,37,27,48,-1,-1,-1,-1
1493,29,981,37,26,48,-1,-1,-1,-1
1494,29,982,38,26,48,-1,-1,-1,-1
1495,29,983,38,25,49,-1,-1,-1,-1
1496,29,984,39,26,49,-1,-1,-1,-1
1497,29,983,40,27,47,-1,-1,-1,-1
1498,29,983,40,27,47,-1,-1,-1,-1
1499,29,984,40,27,47,-1,-1,-1,-1
1500,29,986,41,25,45,-1,-1,-1,-1
1501,29,986,41,26,46,-1,-1,-1,-1
1502,29,987,41,25,45,-1,-1,-1,-1
1503,29,987,41,26,46,-1,-1,-1,-1
1504,29,988,39,24,48,-1,-1,-1,-1
1505,29,988,39,25,48,-1,-1,-1,-1
1506,29,988,40,25,46,-1,-1,-1,-1
1507,29,988,39,26,48,-1,-1,-1,-1
1508,29,989,38,26,48,-1,-1,-1,-1
1509,29,990,38,25,48,-1,-1,-1,-1
1510,29,990,37,27,48,-1,-1,-1,-1
1511,29,991,36,25,49,-1,-1,-1,-1
1512,29,991,37,26,48,-1,-1,-1,-1
1513,29,991,36,26,48,-1,-1,-1,-1
1514,29,992,37,26,48,-1,-1,-1,-1
1515,29,993,37,26,48,-1,-1,-1,-1
1516,29,993,36,27,48,-1,-1,-1,-1
1517,29,994,35,27,49,-1,-1,-1,-1
1518,29,996,35,25,49,-1,-1,-1,-1
1519,29,996,35,26,49,-1,-1,-1,-1
1520,29,997,36,26,49,-1,-1,-1,-1
1521,29,998,36,25,49,-1,-1,-1,-1
1522,29,998,35,26,49,-1,-1,-1,-1
1523,29,998,35,26,50,-1,-1,-1,-1
1524,29,999,36,25,48,-1,-1,-1,-1
1525,29,998,36,26,49,-1,-1,-1,-1
1526,29,999,36,26,49,-1,-1,-1,-1
1527,29,999,36,26,49,-1,-1,-1,-1
1528,29,999,37,26,49,-1,-1,-1,-1
1529,29,999,38,26,49,-1,-1,-1,-1
1530,29,1000,38,25,49,-1,-1,-1,-1
1531,29,1000,38,25,49,-1,-1,-1,-1
1532,29,1000,38,25,48,-1,-1,-1,-1
1533,29,1001,39,23,46,-1,-1,-1,-1
1534,29,1002,40,23,46,-1,-1,-1,-1
1535,29,1002,40,24,46,-1,-1,-1,-1
1536,29,1003,40,23,45,-1,-1,-1,-1
1537,29,1003,40,24,45,-1,-1,-1,-1
1538,29,1003,40,24,46,-1,-1,-1,-1
1539,29,1003,40,25,47,-1,-1,-1,-1
1540,29,1004,40,24,48,-1,-1,-1,-1
1541,29,1004,40,24,48,-1,-1,-1,-1
1542,29,1006,40,23,49,-1,-1,-1,-1
1543,29,1007,41,23,48,-1,-1,-1,-1
1544,29,1007,40,24,50,-1,-1,-1,-1
1545,29,1007,40,24,50,-1,-1,-1,-1
1546,29,1008,39,23,50,-1,-1,-1,-1
1547,29,1009,39,23,50,-1,-1,-1,-1
1548,29,1009,41,26,47,-1,-1,-1,-1
1549,29,1010,42,24,47,-1,-1,-1,-1
1550,29,1010,42,24,46,-1,-1,-1,-1
1551,29,1011,44,23,44,-1,-1,-1,-1
1552,29,1011,43,24,45,-1,-1,-1,-1
1553,29,1012,41,24,46,-1,-1,-1,-1
1554,29,1012,42,25,46,-1,-1,-1,-1
1555,29,1012,43,25,46,-1,-1,-1,-1
1556,29,1013,43,25,47,-1,-1,-1,-1
1557,29,1013,43,25,46,-1,-1,-1,-1
1558,29,1013,43,24,44,-1,-1,-1,-1
1559,29,1013,44,25,46,-1,-1,-1,-1
1560,29,1014,45,25,46,-1,-1,-1,-1
1561,29,1015,44,22,44,-1,-1,-1,-1
1562,29,1015,45,23,45,-1,-1,-1,-1
1563,29,1017,44,22,45,-1,-1,-1,-1
1564,29,1017,44,25,49,-1,-1,-1,-1
1565,29,1017,44,26,48,-1,-1,-1,-1
1566,29,1018,44,26,48,-1,-1,-1,-1
1567,29,1019,44,26,48,-1,-1,-1,-1
1568,29,1019,43,27,50,-1,-1,-1,-1
1569,29,1020,43,26,50,-1,-1,-1,-1
1570,29,1020,43,27,48,-1,-1,-1,-1
1571,29,1022,42,27,48,-1,-1,-1,-1
1572,29,1021,44,26,47,-1,-1,-1,-1
1573,29,1023,43,26,46,-1,-1,-1,-1
1574,29,1024,44,25,46,-1,-1,-1,-1
1575,29,1023,43,26,47,-1,-1,-1,-1
1576,29,1024,42,25,47,-1,-1,-1,-1
1577,29,1025,43,24,46,-1,-1,-1,-1
1578,29,1026,43,24,48,-1,-1,-1,-1
1579,29,1027,43,24,47,-1,-1,-1,-1
1580,29,1027,44,25,47,-1,-1,-1,-1
1581,29,1028,44,25,48,-1,-1,-1,-1
1582,29,1028,44,25,49,-1,-1,-1,-1
1583,29,1028,44,26,49,-1,-1,-1,-1
1584,29,1028,45,26,50,-1,-1,-1,-1
1585,29,1032,48,22,46,-1,-1,-1,-1
1586,29,1032,49,22,46,-1,-1,-1,-1
1587,29,1031,48,24,46,-1,-1,-1,-1
1588,29,1032,47,24,47,-1,-1,-1,-1
1589,29,1033,46,23,46,-1,-1,-1,-1
1590,29,1033,44,24,46,-1,-1,-1,-1
1591,29,1033,42,27,50,-1,-1,-1,-1
1592,29,1033,43,28,49,-1,-1,-1,-1
1593,29,1034,42,26,49,-1,-1,-1,-1
1594,29,1034,42,27,50,-1,-1,-1,-1
1595,29,1034,41,27,51,-1,-1,-1,-1
1596,29,1034,44,27,48,-1,-1,-1,-1
1597,29,1035,45,26,48,-1,-1,-1,-1
1598,29,1037,49,24,46,-1,-1,-1,-1
1599,29,1038,48,24,47,-1,-1,-1,-1
1600,29,1039,48,24,47,-1,-1,-1,-1
1601,29,1039,46,25,49,-1,-1,-1,-1
1602,29,1037,43,28,52,-1,-1,-1,-1
1603,29,1037,46,28,50,-1,-1,-1,-1
1604,29,1037,45,29,52,-1,-1,-1,-1
1605,29,1037,42,30,53,-1,-1,-1,-1
1606,29,1039,42,29,53,-1,-1,-1,-1
1607,29,1040,40,29,54,-1,-1,-1,-1
1608,29,1039,40,31,55,-1,-1,-1,-1
1609,29,1038,39,31,56,-1,-1,-1,-1
1610,29,1039,40,31,55,-1,-1,-1,-1
1611,29,1040,40,30,55,-1,-1,-1,-1
1612,29,1041,42,29,53,-1,-1,-1,-1
1613,29,1042,44,26,49,-1,-1,-1,-1
1614,29,1042,45,25,49,-1,-1,-1,-1
1615,29,1042,44,26,49,-1,-1,-1,-1
1616,29,1045,45,25,50,-1,-1,-1,-1
1617,29,1050,47,22,48,-1,-1,-1,-1
1618,29,1050,48,22,47,-1,-1,-1,-1
1619,29,1048,46,24,50,-1,-1,-1,-1
1620,29,1049,46,23,50,-1,-1,-1,-1
1621,29,1050,46,23,50,-1,-1,-1,-1
1622,29,1051,48,22,49,-1,-1,-1,-1
1623,29,1050,48,23,50,-1,-1,-1,-1
1624,29,1050,49,24,49,-1,-1,-1,-1
1625,29,1049,49,25,50,-1,-1,-1,-1
1626,29,1050,50,24,49,-1,-1,-1,-1
1627,29,1052,52,21,47,-1,-1,-1,-1
1628,29,1051,53,22,46,-1,-1,-1,-1
1629,29,1051,52,23,47,-1,-1,-1,-1
1630,29,1052,53,22,46,-1,-1,-1,-1
1631,29,1052,53,22,46,-1,-1,-1,-1
1632,29,1052,50,23,49,-1,-1,-1,-1
1633,29,1051,50,24,49,-1,-1,-1,-1
1634,29,1052,50,23,49,-1,-1,-1,-1
1635,29,1052,50,24,49,-1,-1,-1,-1
1636,29,1052,51,25,48,-1,-1,-1,-1
1637,29,1055,52,21,46,-1,-1,-1,-1
1638,29,1056,53,21,46,-1,-1,-1,-1
1639,29,1056,52,21,46,-1,-1,-1,-1
1640,29,1057,52,21,47,-1,-1,-1,-1
1663,30,1073,57,23,48,-1,-1,-1,-1
1664,30,1074,58,23,48,-1,-1,-1,-1
1665,30,1072,55,26,50,-1,-1,-1,-1
1751,31,719,1,34,33,-1,-1,-1,-1
1752,31,719,1,34,33,-1,-1,-1,-1
1753,31,718,0,34,32,-1,-1,-1,-1
1739,32,1120,66,24,46,-1,-1,-1,-1
1740,32,1121,65,24,47,-1,-1,-1,-1
1741,32,1121,65,24,48,-1,-1,-1,-1
1742,32,1122,66,24,47,-1,-1,-1,-1
1743,32,1120,66,27,46,-1,-1,-1,-1
1744,32,1121,66,26,46,-1,-1,-1,-1
1745,32,1122,65,25,48,-1,-1,-1,-1
1746,32,1122,65,25,48,-1,-1,-1,-1
1747,32,1122,65,25,48,-1,-1,-1,-1
1748,32,1123,65,24,49,-1,-1,-1,-1
1749,32,1124,65,24,49,-1,-1,-1,-1
1750,32,1125,66,24,48,-1,-1,-1,-1
1751,32,1122,65,28,49,-1,-1,-1,-1
1752,32,1124,64,25,51,-1,-1,-1,-1
1753,32,1125,68,24,46,-1,-1,-1,-1
1754,32,1125,68,24,46,-1,-1,-1,-1
1755,32,1127,66,23,46,-1,-1,-1,-1
1756,32,1129,66,24,46,-1,-1,-1,-1
1757,32,1130,66,24,47,-1,-1,-1,-1
1758,32,1132,66,22,47,-1,-1,-1,-1
