539,0,0,376,22,30,-1,-1,-1,-1
540,0,1,375,26,35,-1,-1,-1,-1
541,0,6,374,21,37,-1,-1,-1,-1
542,0,7,373,22,36,-1,-1,-1,-1
543,0,13,374,19,34,-1,-1,-1,-1
544,0,15,375,22,34,-1,-1,-1,-1
545,0,19,374,22,31,-1,-1,-1,-1
547,1,22,372,24,33,-1,-1,-1,-1
548,1,26,373,23,31,-1,-1,-1,-1
549,1,29,373,23,30,-1,-1,-1,-1
550,1,34,373,22,29,-1,-1,-1,-1
577,2,133,386,18,36,-1,-1,-1,-1
578,2,131,381,22,41,-1,-1,-1,-1
579,2,132,381,22,42,-1,-1,-1,-1
572,3,113,377,22,42,-1,-1,-1,-1
573,3,114,379,24,41,-1,-1,-1,-1
574,3,115,381,28,38,-1,-1,-1,-1
575,3,120,382,21,39,-1,-1,-1,-1
576,3,120,382,22,39,-1,-1,-1,-1
577,3,121,382,26,39,-1,-1,-1,-1
578,3,124,381,19,41,-1,-1,-1,-1
579,3,122,381,20,41,-1,-1,-1,-1
580,3,125,377,29,46,-1,-1,-1,-1
581,3,126,376,20,47,-1,-1,-1,-1
581,2,133,379,22,44,-1,-1,-1,-1
582,2,134,381,21,43,-1,-1,-1,-1
583,2,138,384,19,39,-1,-1,-1,-1
584,2,135,384,26,38,-1,-1,-1,-1
585,2,137,385,24,38,-1,-1,-1,-1
586,2,138,384,20,39,-1,-1,-1,-1
587,2,141,386,18,37,-1,-1,-1,-1
580,5,143,381,20,39,-1,-1,-1,-1
581,5,144,380,21,41,-1,-1,-1,-1
582,5,141,379,25,44,-1,-1,-1,-1
583,5,149,379,22,41,-1,-1,-1,-1
584,5,141,379,29,42,-1,-1,-1,-1
585,5,149,379,22,43,-1,-1,-1,-1
586,5,149,378,22,44,-1,-1,-1,-1
587,5,150,381,21,42,-1,-1,-1,-1
588,5,152,384,18,38,-1,-1,-1,-1
587,6,162,386,20,35,-1,-1,-1,-1
588,6,158,379,25,42,-1,-1,-1,-1
589,6,162,377,21,43,-1,-1,-1,-1
590,6,163,376,23,46,-1,-1,-1,-1
591,6,160,376,30,47,-1,-1,-1,-1
592,6,170,377,31,46,-1,-1,-1,-1
593,6,167,376,29,48,-1,-1,-1,-1
594,6,179,381,22,40,-1,-1,-1,-1
595,6,180,382,21,38,-1,-1,-1,-1
596,6,187,385,20,38,-1,-1,-1,-1
597,6,188,384,19,39,-1,-1,-1,-1
598,6,189,383,18,38,-1,-1,-1,-1
599,6,192,388,19,34,-1,-1,-1,-1
600,6,193,386,17,37,-1,-1,-1,-1
607,7,236,382,19,37,-1,-1,-1,-1
608,7,237,385,17,37,-1,-1,-1,-1
609,7,239,385,18,37,-1,-1,-1,-1
610,7,242,384,19,40,-1,-1,-1,-1
611,7,238,381,22,41,-1,-1,-1,-1
601,8,205,386,22,36,-1,-1,-1,-1
602,8,205,387,21,36,-1,-1,-1,-1
603,8,203,385,19,37,-1,-1,-1,-1
604,8,204,387,22,33,-1,-1,-1,-1
605,8,212,386,23,35,-1,-1,-1,-1
606,8,219,386,21,35,-1,-1,-1,-1
607,8,222,382,20,40,-1,-1,-1,-1
608,8,220,384,19,38,-1,-1,-1,-1
609,8,226,384,20,37,-1,-1,-1,-1
610,8,228,383,20,39,-1,-1,-1,-1
611,8,229,381,22,41,-1,-1,-1,-1
612,8,235,377,24,46,-1,-1,-1,-1
613,8,234,377,28,45,-1,-1,-1,-1
614,8,241,381,24,40,-1,-1,-1,-1
615,8,240,377,28,41,-1,-1,-1,-1
616,8,245,386,21,35,-1,-1,-1,-1
617,8,251,382,22,40,-1,-1,-1,-1
618,8,248,381,20,38,-1,-1,-1,-1
621,9,265,383,15,41,-1,-1,-1,-1
622,9,264,386,16,36,-1,-1,-1,-1
623,9,266,383,22,41,-1,-1,-1,-1
624,9,267,383,22,39,-1,-1,-1,-1
629,10,283,384,21,35,-1,-1,-1,-1
630,10,285,382,27,35,-1,-1,-1,-1
631,10,285,382,24,36,-1,-1,-1,-1
632,10,287,380,24,37,-1,-1,-1,-1
631,11,303,380,20,36,-1,-1,-1,-1
632,11,305,378,19,39,-1,-1,-1,-1
633,11,303,380,22,38,-1,-1,-1,-1
634,11,309,383,20,36,-1,-1,-1,-1
635,11,306,380,19,36,-1,-1,-1,-1
636,11,308,380,26,33,-1,-1,-1,-1
657,12,373,369,22,43,-1,-1,-1,-1
658,12,374,374,21,38,-1,-1,-1,-1
659,12,374,368,23,43,-1,-1,-1,-1
660,12,378,369,22,37,-1,-1,-1,-1
661,12,380,370,23,38,-1,-1,-1,-1
662,12,384,372,20,36,-1,-1,-1,-1
663,12,387,372,19,35,-1,-1,-1,-1
664,12,388,372,22,38,-1,-1,-1,-1
665,12,392,366,26,44,-1,-1,-1,-1
666,12,393,369,25,40,-1,-1,-1,-1
667,12,394,370,25,40,-1,-1,-1,-1
668,12,399,366,22,41,-1,-1,-1,-1
669,12,402,362,19,38,-1,-1,-1,-1
670,12,401,359,23,45,-1,-1,-1,-1
671,12,403,359,25,49,-1,-1,-1,-1
672,12,406,362,23,46,-1,-1,-1,-1
673,12,409,363,21,40,-1,-1,-1,-1
674,12,412,369,20,34,-1,-1,-1,-1
675,12,414,370,22,38,-1,-1,-1,-1
676,12,416,367,20,39,-1,-1,-1,-1
677,12,417,366,23,43,-1,-1,-1,-1
678,12,421,370,22,40,-1,-1,-1,-1
679,12,422,370,23,38,-1,-1,-1,-1
680,12,429,368,17,36,-1,-1,-1,-1
681,12,427,370,20,35,-1,-1,-1,-1
682,12,431,372,20,36,-1,-1,-1,-1
683,12,432,372,19,35,-1,-1,-1,-1
684,12,434,372,18,32,-1,-1,-1,-1
685,12,436,369,19,32,-1,-1,-1,-1
686,12,439,369,19,31,-1,-1,-1,-1
687,12,442,369,19,31,-1,-1,-1,-1
688,12,443,370,18,30,-1,-1,-1,-1
689,12,445,368,18,29,-1,-1,-1,-1
690,12,448,365,17,31,-1,-1,-1,-1
691,12,448,366,18,30,-1,-1,-1,-1
692,12,449,365,17,30,-1,-1,-1,-1
693,12,453,370,17,30,-1,-1,-1,-1
694,12,454,369,17,30,-1,-1,-1,-1
695,12,458,367,16,32,-1,-1,-1,-1
696,12,456,366,22,30,-1,-1,-1,-1
697,12,459,366,16,33,-1,-1,-1,-1
698,12,460,366,17,32,-1,-1,-1,-1
699,12,461,366,18,32,-1,-1,-1,-1
700,12,461,368,16,29,-1,-1,-1,-1
701,12,463,367,15,28,-1,-1,-1,-1
711,13,478,364,19,25,-1,-1,-1,-1
712,13,483,361,13,29,-1,-1,-1,-1
713,13,481,361,15,31,-1,-1,-1,-1
715,14,494,361,17,29,-1,-1,-1,-1
716,14,496,361,16,29,-1,-1,-1,-1
717,14,496,359,19,30,-1,-1,-1,-1
718,14,497,355,22,36,-1,-1,-1,-1
719,14,498,356,21,34,-1,-1,-1,-1
720,14,499,355,21,35,-1,-1,-1,-1
721,14,501,356,22,28,-1,-1,-1,-1
722,14,506,356,18,25,-1,-1,-1,-1
723,14,510,356,16,26,-1,-1,-1,-1
724,14,511,351,20,30,-1,-1,-1,-1
725,14,512,353,20,29,-1,-1,-1,-1
726,14,513,355,21,27,-1,-1,-1,-1
727,14,515,353,22,28,-1,-1,-1,-1
728,14,518,353,20,29,-1,-1,-1,-1
729,14,520,351,18,29,-1,-1,-1,-1
730,14,521,352,20,28,-1,-1,-1,-1
731,14,523,352,19,27,-1,-1,-1,-1
732,14,525,350,22,30,-1,-1,-1,-1
733,14,525,348,24,34,-1,-1,-1,-1
734,14,526,349,23,33,-1,-1,-1,-1
735,14,527,350,24,33,-1,-1,-1,-1
736,14,528,350,25,33,-1,-1,-1,-1
737,14,531,348,25,34,-1,-1,-1,-1
738,14,532,348,24,34,-1,-1,-1,-1
739,14,536,348,24,33,-1,-1,-1,-1
740,14,539,347,24,34,-1,-1,-1,-1
741,14,540,347,23,33,-1,-1,-1,-1
742,14,540,347,24,33,-1,-1,-1,-1
743,14,542,347,24,33,-1,-1,-1,-1
744,14,545,347,23,33,-1,-1,-1,-1
745,14,548,347,22,33,-1,-1,-1,-1
746,14,549,347,21,32,-1,-1,-1,-1
747,14,549,348,22,31,-1,-1,-1,-1
748,14,552,347,22,32,-1,-1,-1,-1
749,14,554,347,21,32,-1,-1,-1,-1
750,14,554,345,24,35,-1,-1,-1,-1
751,14,555,344,24,36,-1,-1,-1,-1
752,14,555,343,27,39,-1,-1,-1,-1
753,14,556,343,29,45,-1,-1,-1,-1
754,14,558,343,28,43,-1,-1,-1,-1
755,14,560,345,24,37,-1,-1,-1,-1
756,14,562,346,23,35,-1,-1,-1,-1
757,14,564,346,22,33,-1,-1,-1,-1
758,14,565,344,24,36,-1,-1,-1,-1
759,14,566,344,23,35,-1,-1,-1,-1
760,14,568,344,23,34,-1,-1,-1,-1
761,14,569,343,23,36,-1,-1,-1,-1
762,14,571,343,22,35,-1,-1,-1,-1
763,14,573,343,24,35,-1,-1,-1,-1
764,14,575,343,24,35,-1,-1,-1,-1
765,14,576,343,23,34,-1,-1,-1,-1
766,14,577,344,21,32,-1,-1,-1,-1
767,14,579,343,21,32,-1,-1,-1,-1
768,14,581,344,22,32,-1,-1,-1,-1
769,14,585,343,19,34,-1,-1,-1,-1
770,14,585,342,21,35,-1,-1,-1,-1
771,14,587,342,20,34,-1,-1,-1,-1
772,14,588,343,20,35,-1,-1,-1,-1
773,14,588,343,23,34,-1,-1,-1,-1
774,14,589,343,22,35,-1,-1,-1,-1
775,14,591,342,19,34,-1,-1,-1,-1
776,14,591,342,18,34,-1,-1,-1,-1
777,14,593,342,19,34,-1,-1,-1,-1
778,14,595,343,20,33,-1,-1,-1,-1
779,14,597,344,20,32,-1,-1,-1,-1
780,14,598,343,20,33,-1,-1,-1,-1
781,14,599,341,21,36,-1,-1,-1,-1
782,14,600,340,21,37,-1,-1,-1,-1
783,14,601,341,21,35,-1,-1,-1,-1
784,14,603,342,21,34,-1,-1,-1,-1
785,14,605,342,20,31,-1,-1,-1,-1
786,14,605,341,22,32,-1,-1,-1,-1
787,14,607,342,19,31,-1,-1,-1,-1
788,14,607,340,21,31,-1,-1,-1,-1
789,14,608,339,21,33,-1,-1,-1,-1
790,14,609,338,22,33,-1,-1,-1,-1
791,14,613,339,19,32,-1,-1,-1,-1
792,14,614,340,19,32,-1,-1,-1,-1
793,14,616,340,19,32,-1,-1,-1,-1
794,14,617,339,19,32,-1,-1,-1,-1
795,14,618,338,19,33,-1,-1,-1,-1
796,14,618,338,20,32,-1,-1,-1,-1
797,14,619,339,19,31,-1,-1,-1,-1
798,14,620,340,20,30,-1,-1,-1,-1
799,14,621,339,21,30,-1,-1,-1,-1
800,14,623,339,19,27,-1,-1,-1,-1
801,14,623,337,22,32,-1,-1,-1,-1
802,14,625,338,21,29,-1,-1,-1,-1
803,14,628,338,19,29,-1,-1,-1,-1
804,14,629,338,18,29,-1,-1,-1,-1
805,14,631,338,17,29,-1,-1,-1,-1
806,14,632,338,16,27,-1,-1,-1,-1
807,14,634,334,17,29,-1,-1,-1,-1
808,14,635,334,17,31,-1,-1,-1,-1
809,14,635,334,18,33,-1,-1,-1,-1
810,14,636,334,18,32,-1,-1,-1,-1
811,14,637,334,18,31,-1,-1,-1,-1
812,14,638,334,17,30,-1,-1,-1,-1
813,14,638,333,18,31,-1,-1,-1,-1
814,14,640,333,17,31,-1,-1,-1,-1
815,14,641,333,17,30,-1,-1,-1,-1
816,14,643,334,16,30,-1,-1,-1,-1
817,14,643,334,17,32,-1,-1,-1,-1
818,14,644,334,17,31,-1,-1,-1,-1
819,14,646,333,17,32,-1,-1,-1,-1
820,14,647,332,18,33,-1,-1,-1,-1
821,14,647,332,18,33,-1,-1,-1,-1
822,14,647,332,19,34,-1,-1,-1,-1
823,14,648,332,19,34,-1,-1,-1,-1
824,14,648,331,23,37,-1,-1,-1,-1
825,14,648,330,24,39,-1,-1,-1,-1
826,14,649,330,23,39,-1,-1,-1,-1
827,14,649,329,25,41,-1,-1,-1,-1
828,14,651,328,24,41,-1,-1,-1,-1
829,14,653,329,23,39,-1,-1,-1,-1
830,14,654,329,22,37,-1,-1,-1,-1
831,14,655,329,23,38,-1,-1,-1,-1
832,14,657,330,22,36,-1,-1,-1,-1
833,14,659,330,21,36,-1,-1,-1,-1
834,14,660,329,21,36,-1,-1,-1,-1
835,14,661,329,21,37,-1,-1,-1,-1
836,14,662,329,20,38,-1,-1,-1,-1
837,14,663,328,20,36,-1,-1,-1,-1
838,14,663,327,22,37,-1,-1,-1,-1
839,14,663,326,22,39,-1,-1,-1,-1
840,14,664,326,22,38,-1,-1,-1,-1
841,14,665,327,22,38,-1,-1,-1,-1
842,14,666,326,22,37,-1,-1,-1,-1
843,14,666,326,22,37,-1,-1,-1,-1
844,14,668,326,20,36,-1,-1,-1,-1
845,14,668,326,21,36,-1,-1,-1,-1
846,14,670,325,22,38,-1,-1,-1,-1
847,14,671,326,22,37,-1,-1,-1,-1
848,14,674,328,20,33,-1,-1,-1,-1
849,14,675,327,20,34,-1,-1,-1,-1
850,14,675,327,21,35,-1,-1,-1,-1
851,14,676,325,21,36,-1,-1,-1,-1
852,14,677,324,21,38,-1,-1,-1,-1
853,14,678,324,22,38,-1,-1,-1,-1
854,14,678,324,23,38,-1,-1,-1,-1
855,14,680,325,21,34,-1,-1,-1,-1
856,14,681,325,22,34,-1,-1,-1,-1
857,14,682,325,22,35,-1,-1,-1,-1
858,14,683,325,21,35,-1,-1,-1,-1
859,14,683,325,22,36,-1,-1,-1,-1
860,14,684,325,22,36,-1,-1,-1,-1
861,14,685,325,22,36,-1,-1,-1,-1
862,14,687,325,21,35,-1,-1,-1,-1
863,14,688,326,20,34,-1,-1,-1,-1
864,14,689,325,20,34,-1,-1,-1,-1
865,14,691,325,19,33,-1,-1,-1,-1
866,14,691,324,20,35,-1,-1,-1,-1
867,14,692,325,19,34,-1,-1,-1,-1
868,14,693,323,19,35,-1,-1,-1,-1
869,14,694,323,19,35,-1,-1,-1,-1
870,14,695,322,20,36,-1,-1,-1,-1
871,14,696,321,20,36,-1,-1,-1,-1
872,14,696,322,21,35,-1,-1,-1,-1
873,14,697,322,21,36,-1,-1,-1,-1
874,14,698,322,21,36,-1,-1,-1,-1
875,14,698,322,21,37,-1,-1,-1,-1
876,14,699,322,21,37,-1,-1,-1,-1
877,14,699,321,22,38,-1,-1,-1,-1
878,14,699,321,23,37,-1,-1,-1,-1
879,14,701,320,22,38,-1,-1,-1,-1
880,14,702,322,22,36,-1,-1,-1,-1
881,14,704,323,21,33,-1,-1,-1,-1
882,14,705,323,20,33,-1,-1,-1,-1
883,14,706,322,20,36,-1,-1,-1,-1
884,14,708,322,19,33,-1,-1,-1,-1
885,14,709,320,19,35,-1,-1,-1,-1
886,14,710,319,20,35,-1,-1,-1,-1
887,14,710,319,20,37,-1,-1,-1,-1
888,14,711,319,20,35,-1,-1,-1,-1
889,14,713,320,20,34,-1,-1,-1,-1
890,14,713,320,20,34,-1,-1,-1,-1
891,14,713,320,21,34,-1,-1,-1,-1
892,14,714,319,21,36,-1,-1,-1,-1
893,14,715,318,21,38,-1,-1,-1,-1
894,14,716,318,21,37,-1,-1,-1,-1
895,14,716,317,22,37,-1,-1,-1,-1
896,14,718,317,21,38,-1,-1,-1,-1
897,14,719,318,20,36,-1,-1,-1,-1
898,14,721,319,19,33,-1,-1,-1,-1
899,14,722,319,19,33,-1,-1,-1,-1
900,14,723,319,18,33,-1,-1,-1,-1
901,14,724,319,18,32,-1,-1,-1,-1
902,14,725,317,19,33,-1,-1,-1,-1
903,14,725,318,19,32,-1,-1,-1,-1
904,14,725,318,20,32,-1,-1,-1,-1
905,14,727,317,19,33,-1,-1,-1,-1
906,14,727,317,20,33,-1,-1,-1,-1
907,14,727,317,20,33,-1,-1,-1,-1
908,14,728,317,20,33,-1,-1,-1,-1
909,14,729,316,20,34,-1,-1,-1,-1
910,14,731,317,18,32,-1,-1,-1,-1
911,14,733,317,17,32,-1,-1,-1,-1
912,14,734,317,16,31,-1,-1,-1,-1
913,14,734,316,17,32,-1,-1,-1,-1
914,14,735,317,16,31,-1,-1,-1,-1
915,14,736,317,17,31,-1,-1,-1,-1
916,14,736,316,18,32,-1,-1,-1,-1
917,14,737,316,17,31,-1,-1,-1,-1
918,14,738,316,17,31,-1,-1,-1,-1
919,14,739,315,18,32,-1,-1,-1,-1
920,14,739,315,18,32,-1,-1,-1,-1
921,14,740,315,18,33,-1,-1,-1,-1
922,14,740,315,19,32,-1,-1,-1,-1
923,14,741,316,19,31,-1,-1,-1,-1
924,14,742,315,18,32,-1,-1,-1,-1
925,14,742,314,19,33,-1,-1,-1,-1
926,14,743,314,18,34,-1,-1,-1,-1
927,14,744,314,19,34,-1,-1,-1,-1
928,14,745,314,19,33,-1,-1,-1,-1
929,14,746,315,17,32,-1,-1,-1,-1
930,14,746,315,18,32,-1,-1,-1,-1
931,14,747,316,17,31,-1,-1,-1,-1
932,14,748,314,19,32,-1,-1,-1,-1
933,14,750,315,17,31,-1,-1,-1,-1
934,14,750,315,18,31,-1,-1,-1,-1
935,14,751,315,19,31,-1,-1,-1,-1
936,14,752,315,18,32,-1,-1,-1,-1
937,14,753,315,18,32,-1,-1,-1,-1
938,14,753,314,19,32,-1,-1,-1,-1
939,14,753,314,19,32,-1,-1,-1,-1
940,14,754,313,19,32,-1,-1,-1,-1
941,14,755,312,19,33,-1,-1,-1,-1
942,14,755,312,19,33,-1,-1,-1,-1
943,14,756,312,20,33,-1,-1,-1,-1
944,14,756,312,21,33,-1,-1,-1,-1
945,14,758,313,20,32,-1,-1,-1,-1
946,14,758,312,20,32,-1,-1,-1,-1
947,14,759,313,20,32,-1,-1,-1,-1
948,14,761,314,18,31,-1,-1,-1,-1
949,14,763,313,16,29,-1,-1,-1,-1
950,14,764,313,16,29,-1,-1,-1,-1
951,14,765,314,16,28,-1,-1,-1,-1
952,14,765,315,17,28,-1,-1,-1,-1
953,14,766,315,16,29,-1,-1,-1,-1
954,14,767,314,17,27,-1,-1,-1,-1
955,14,768,314,16,27,-1,-1,-1,-1
956,14,769,313,16,29,-1,-1,-1,-1
957,14,770,313,17,30,-1,-1,-1,-1
958,14,771,311,17,30,-1,-1,-1,-1
959,14,772,311,17,31,-1,-1,-1,-1
960,14,773,311,17,32,-1,-1,-1,-1
961,14,772,312,19,33,-1,-1,-1,-1
962,14,773,313,18,31,-1,-1,-1,-1
963,14,774,312,18,31,-1,-1,-1,-1
964,14,775,312,18,29,-1,-1,-1,-1
965,14,777,313,19,28,-1,-1,-1,-1
966,14,777,311,18,29,-1,-1,-1,-1
967,14,779,311,17,29,-1,-1,-1,-1
968,14,780,311,17,29,-1,-1,-1,-1
969,14,780,311,17,29,-1,-1,-1,-1
970,14,781,311,17,30,-1,-1,-1,-1
971,14,782,311,16,29,-1,-1,-1,-1
972,14,782,312,17,29,-1,-1,-1,-1
973,14,784,311,17,31,-1,-1,-1,-1
974,14,786,311,16,30,-1,-1,-1,-1
975,14,786,310,18,32,-1,-1,-1,-1
976,14,786,310,18,32,-1,-1,-1,-1
977,14,787,308,19,33,-1,-1,-1,-1
978,14,788,308,19,33,-1,-1,-1,-1
979,14,789,309,21,30,-1,-1,-1,-1
980,14,790,310,21,29,-1,-1,-1,-1
981,14,790,310,20,30,-1,-1,-1,-1
982,14,791,310,20,28,-1,-1,-1,-1
983,14,791,310,20,29,-1,-1,-1,-1
984,14,791,309,20,31,-1,-1,-1,-1
985,14,793,309,20,28,-1,-1,-1,-1
986,14,795,309,18,28,-1,-1,-1,-1
987,14,795,310,19,28,-1,-1,-1,-1
988,14,796,310,19,28,-1,-1,-1,-1
989,14,797,310,19,28,-1,-1,-1,-1
990,14,798,309,20,29,-1,-1,-1,-1
991,14,799,307,21,29,-1,-1,-1,-1
992,14,800,308,21,28,-1,-1,-1,-1
993,14,801,307,21,29,-1,-1,-1,-1
994,14,803,307,21,30,-1,-1,-1,-1
995,14,803,306,21,32,-1,-1,-1,-1
996,14,803,307,22,31,-1,-1,-1,-1
997,14,803,308,21,29,-1,-1,-1,-1
998,14,804,307,22,31,-1,-1,-1,-1
999,14,806,308,22,29,-1,-1,-1,-1
1000,14,804,309,23,29,-1,-1,-1,-1
1001,14,808,308,21,30,-1,-1,-1,-1
1002,14,809,308,21,30,-1,-1,-1,-1
1003,14,808,309,21,30,-1,-1,-1,-1
1004,14,810,308,21,30,-1,-1,-1,-1
1005,14,811,308,21,30,-1,-1,-1,-1
1006,14,813,308,20,30,-1,-1,-1,-1
1007,14,813,309,20,29,-1,-1,-1,-1
1008,14,812,309,20,29,-1,-1,-1,-1
1009,14,814,308,20,32,-1,-1,-1,-1
1010,14,817,309,18,29,-1,-1,-1,-1
1011,14,818,308,18,30,-1,-1,-1,-1
1012,14,819,308,18,29,-1,-1,-1,-1
1013,14,820,307,18,30,-1,-1,-1,-1
1014,14,820,307,19,31,-1,-1,-1,-1
1015,14,820,307,19,31,-1,-1,-1,-1
1016,14,820,308,18,31,-1,-1,-1,-1
1017,14,820,307,20,31,-1,-1,-1,-1
1018,14,820,306,21,33,-1,-1,-1,-1
1019,14,821,308,19,31,-1,-1,-1,-1
1020,14,822,308,19,31,-1,-1,-1,-1
1021,14,822,308,20,31,-1,-1,-1,-1
1022,14,824,309,19,29,-1,-1,-1,-1
1023,14,825,308,19,29,-1,-1,-1,-1
1024,14,826,308,18,29,-1,-1,-1,-1
1025,14,827,309,17,28,-1,-1,-1,-1
1026,14,827,310,18,28,-1,-1,-1,-1
1027,14,828,310,17,26,-1,-1,-1,-1
1028,14,829,308,16,28,-1,-1,-1,-1
1029,14,831,307,18,27,-1,-1,-1,-1
1030,14,832,309,17,25,-1,-1,-1,-1
1031,14,833,306,18,28,-1,-1,-1,-1
1032,14,833,306,19,29,-1,-1,-1,-1
1033,14,833,305,20,30,-1,-1,-1,-1
1034,14,834,305,19,29,-1,-1,-1,-1
1035,14,835,307,17,26,-1,-1,-1,-1
1036,14,836,306,18,29,-1,-1,-1,-1
1037,14,837,307,19,29,-1,-1,-1,-1
1038,14,838,306,20,31,-1,-1,-1,-1
1039,14,839,305,19,31,-1,-1,-1,-1
1040,14,840,305,18,29,-1,-1,-1,-1
1041,14,839,305,22,34,-1,-1,-1,-1
1042,14,839,305,23,37,-1,-1,-1,-1
1044,14,842,306,21,34,-1,-1,-1,-1
1045,14,842,306,21,34,-1,-1,-1,-1
1046,14,843,306,20,32,-1,-1,-1,-1
1047,14,845,309,20,30,-1,-1,-1,-1
1048,14,846,309,19,30,-1,-1,-1,-1
1049,14,847,309,19,31,-1,-1,-1,-1
1050,14,848,308,18,30,-1,-1,-1,-1
1051,14,848,307,18,30,-1,-1,-1,-1
1052,14,848,306,19,32,-1,-1,-1,-1
1053,14,848,306,19,32,-1,-1,-1,-1
1054,14,848,307,19,30,-1,-1,-1,-1
1055,14,849,306,18,31,-1,-1,-1,-1
1056,14,850,305,18,31,-1,-1,-1,-1
1057,14,850,305,18,30,-1,-1,-1,-1
1058,14,852,305,16,28,-1,-1,-1,-1
1059,14,851,306,18,29,-1,-1,-1,-1
1060,14,853,306,16,26,-1,-1,-1,-1
1061,14,854,306,16,25,-1,-1,-1,-1
1062,14,855,306,15,26,-1,-1,-1,-1
1063,14,856,306,15,25,-1,-1,-1,-1
1064,14,857,305,15,25,-1,-1,-1,-1
1065,14,858,305,15,26,-1,-1,-1,-1
1066,14,858,305,15,26,-1,-1,-1,-1
1067,14,859,304,15,26,-1,-1,-1,-1
1068,14,861,303,15,27,-1,-1,-1,-1
1069,14,862,302,16,28,-1,-1,-1,-1
1070,14,862,301,18,28,-1,-1,-1,-1
1071,14,863,302,17,28,-1,-1,-1,-1
1072,14,863,301,19,29,-1,-1,-1,-1
1073,14,864,301,18,29,-1,-1,-1,-1
1074,14,864,301,18,29,-1,-1,-1,-1
1075,14,864,301,18,29,-1,-1,-1,-1
1076,14,864,300,19,29,-1,-1,-1,-1
1077,14,864,300,19,29,-1,-1,-1,-1
1078,14,865,300,18,30,-1,-1,-1,-1
1079,14,865,301,18,29,-1,-1,-1,-1
1080,14,866,301,17,29,-1,-1,-1,-1
1081,14,867,301,17,28,-1,-1,-1,-1
1082,14,868,303,15,27,-1,-1,-1,-1
1083,14,868,303,16,27,-1,-1,-1,-1
1084,14,868,302,16,29,-1,-1,-1,-1
1085,14,869,302,16,28,-1,-1,-1,-1
1086,14,869,302,16,29,-1,-1,-1,-1
1087,14,870,303,16,27,-1,-1,-1,-1
1088,14,871,302,16,28,-1,-1,-1,-1
1089,14,872,301,15,28,-1,-1,-1,-1
1090,14,873,300,15,29,-1,-1,-1,-1
1091,14,873,299,17,31,-1,-1,-1,-1
1092,14,873,298,17,32,-1,-1,-1,-1
1093,14,874,300,17,30,-1,-1,-1,-1
1094,14,874,300,18,30,-1,-1,-1,-1
1095,14,875,301,16,30,-1,-1,-1,-1
1096,14,875,300,17,30,-1,-1,-1,-1
1097,14,876,301,17,30,-1,-1,-1,-1
1098,14,876,300,17,30,-1,-1,-1,-1
1099,14,877,300,17,30,-1,-1,-1,-1
1100,14,878,299,17,31,-1,-1,-1,-1
1101,14,877,299,19,31,-1,-1,-1,-1
1102,14,878,299,18,31,-1,-1,-1,-1
1103,14,879,299,18,31,-1,-1,-1,-1
1104,14,879,299,18,31,-1,-1,-1,-1
1105,14,880,298,18,32,-1,-1,-1,-1
1106,14,880,298,18,32,-1,-1,-1,-1
1107,14,881,298,17,31,-1,-1,-1,-1
1108,14,881,298,17,31,-1,-1,-1,-1
1109,14,882,299,16,30,-1,-1,-1,-1
1110,14,883,298,17,31,-1,-1,-1,-1
1111,14,883,299,17,30,-1,-1,-1,-1
1112,14,883,299,18,30,-1,-1,-1,-1
1113,14,884,300,16,29,-1,-1,-1,-1
1114,14,885,299,16,30,-1,-1,-1,-1
1115,14,885,299,16,30,-1,-1,-1,-1
1116,14,885,299,16,30,-1,-1,-1,-1
1117,14,885,298,16,31,-1,-1,-1,-1
1118,14,885,298,17,31,-1,-1,-1,-1
1119,14,886,298,16,31,-1,-1,-1,-1
1120,14,886,298,17,31,-1,-1,-1,-1
1121,14,887,298,17,31,-1,-1,-1,-1
1122,14,887,298,17,31,-1,-1,-1,-1
1123,14,888,299,16,30,-1,-1,-1,-1
1124,14,888,299,17,30,-1,-1,-1,-1
1125,14,888,299,16,30,-1,-1,-1,-1
1126,14,890,299,15,29,-1,-1,-1,-1
1127,14,891,298,15,29,-1,-1,-1,-1
1128,14,891,299,15,28,-1,-1,-1,-1
1129,14,891,298,17,29,-1,-1,-1,-1
1130,14,891,298,17,30,-1,-1,-1,-1
1131,14,892,297,17,31,-1,-1,-1,-1
1132,14,892,296,17,31,-1,-1,-1,-1
1133,14,892,296,17,31,-1,-1,-1,-1
1134,14,892,295,18,32,-1,-1,-1,-1
1135,14,893,295,18,33,-1,-1,-1,-1
1136,14,893,295,19,34,-1,-1,-1,-1
1137,14,894,295,18,32,-1,-1,-1,-1
1138,14,895,291,19,37,-1,-1,-1,-1
1139,14,895,293,19,35,-1,-1,-1,-1
1140,14,895,293,20,35,-1,-1,-1,-1
1141,14,895,294,19,33,-1,-1,-1,-1
1142,14,896,293,19,35,-1,-1,-1,-1
1143,14,896,295,20,33,-1,-1,-1,-1
1144,14,898,294,19,32,-1,-1,-1,-1
1145,14,898,295,19,32,-1,-1,-1,-1
1146,14,898,294,19,33,-1,-1,-1,-1
1147,14,899,294,19,33,-1,-1,-1,-1
1148,14,900,294,18,32,-1,-1,-1,-1
1149,14,900,293,19,34,-1,-1,-1,-1
1150,14,900,294,20,33,-1,-1,-1,-1
1151,14,900,293,21,35,-1,-1,-1,-1
1152,14,900,292,21,35,-1,-1,-1,-1
1153,14,900,291,21,36,-1,-1,-1,-1
1154,14,902,293,20,33,-1,-1,-1,-1
1155,14,903,293,19,34,-1,-1,-1,-1
1156,14,903,293,19,34,-1,-1,-1,-1
1157,14,903,292,20,35,-1,-1,-1,-1
1158,14,905,294,18,32,-1,-1,-1,-1
1159,14,905,294,18,31,-1,-1,-1,-1
1160,14,907,295,17,30,-1,-1,-1,-1
1161,14,906,294,17,32,-1,-1,-1,-1
1162,14,907,295,17,31,-1,-1,-1,-1
1163,14,907,294,18,31,-1,-1,-1,-1
1164,14,908,295,17,30,-1,-1,-1,-1
1165,14,908,294,17,30,-1,-1,-1,-1
1166,14,908,294,17,31,-1,-1,-1,-1
1167,14,909,295,17,29,-1,-1,-1,-1
1168,14,909,293,18,31,-1,-1,-1,-1
1169,14,909,292,18,31,-1,-1,-1,-1
1170,14,910,291,18,31,-1,-1,-1,-1
1171,14,910,291,18,31,-1,-1,-1,-1
1172,14,910,290,19,32,-1,-1,-1,-1
1173,14,911,290,20,32,-1,-1,-1,-1
1174,14,912,290,19,32,-1,-1,-1,-1
1175,14,913,290,18,30,-1,-1,-1,-1
1176,14,913,291,18,30,-1,-1,-1,-1
1177,14,913,291,18,30,-1,-1,-1,-1
1178,14,914,290,17,30,-1,-1,-1,-1
1179,14,914,291,18,30,-1,-1,-1,-1
1180,14,915,291,17,29,-1,-1,-1,-1
1181,14,914,292,18,28,-1,-1,-1,-1
1182,14,915,292,18,29,-1,-1,-1,-1
1183,14,915,292,18,28,-1,-1,-1,-1
1184,14,915,291,18,29,-1,-1,-1,-1
1185,14,915,291,18,29,-1,-1,-1,-1
1186,14,916,291,17,29,-1,-1,-1,-1
1187,14,917,292,17,28,-1,-1,-1,-1
1188,14,918,291,17,29,-1,-1,-1,-1
1189,14,919,290,16,29,-1,-1,-1,-1
1190,14,918,291,18,29,-1,-1,-1,-1
1191,14,918,291,18,29,-1,-1,-1,-1
1192,14,919,291,17,29,-1,-1,-1,-1
1193,14,918,290,18,31,-1,-1,-1,-1
1194,14,918,290,19,32,-1,-1,-1,-1
1195,14,920,291,18,29,-1,-1,-1,-1
1196,14,920,291,18,29,-1,-1,-1,-1
1197,14,920,290,18,30,-1,-1,-1,-1
1198,14,920,291,18,29,-1,-1,-1,-1
1199,14,920,290,18,30,-1,-1,-1,-1
1200,14,921,290,17,29,-1,-1,-1,-1
1201,14,922,291,16,27,-1,-1,-1,-1
1202,14,922,290,16,28,-1,-1,-1,-1
1203,14,922,290,16,28,-1,-1,-1,-1
1204,14,923,289,16,27,-1,-1,-1,-1
1205,14,923,289,16,28,-1,-1,-1,-1
1206,14,924,289,16,28,-1,-1,-1,-1
1207,14,924,288,16,28,-1,-1,-1,-1
1208,14,925,288,16,28,-1,-1,-1,-1
1209,14,926,288,16,28,-1,-1,-1,-1
1210,14,926,287,16,29,-1,-1,-1,-1
1211,14,926,287,16,29,-1,-1,-1,-1
1212,14,926,287,17,29,-1,-1,-1,-1
1213,14,926,287,17,29,-1,-1,-1,-1
1214,14,926,286,18,30,-1,-1,-1,-1
1215,14,926,287,17,29,-1,-1,-1,-1
1216,14,926,286,18,30,-1,-1,-1,-1
1217,14,927,286,17,30,-1,-1,-1,-1
1218,14,927,286,17,29,-1,-1,-1,-1
1219,14,927,286,17,29,-1,-1,-1,-1
1220,14,927,286,17,29,-1,-1,-1,-1
1221,14,929,288,15,27,-1,-1,-1,-1
1222,14,930,288,15,27,-1,-1,-1,-1
1223,14,930,288,14,26,-1,-1,-1,-1
1224,14,931,288,14,27,-1,-1,-1,-1
1225,14,931,288,14,27,-1,-1,-1,-1
1226,14,931,288,15,27,-1,-1,-1,-1
1227,14,931,287,14,27,-1,-1,-1,-1
1228,14,931,287,15,28,-1,-1,-1,-1
1229,14,931,287,14,27,-1,-1,-1,-1
1230,14,931,287,15,27,-1,-1,-1,-1
1231,14,931,287,15,28,-1,-1,-1,-1
1232,14,932,287,15,28,-1,-1,-1,-1
1233,14,933,286,15,29,-1,-1,-1,-1
1234,14,934,286,15,29,-1,-1,-1,-1
1235,14,934,285,15,30,-1,-1,-1,-1
1236,14,934,286,16,29,-1,-1,-1,-1
1237,14,936,287,14,28,-1,-1,-1,-1
1238,14,936,287,15,28,-1,-1,-1,-1
1239,14,936,286,15,29,-1,-1,-1,-1
1240,14,936,285,14,29,-1,-1,-1,-1
1241,14,936,285,15,30,-1,-1,-1,-1
1242,14,937,285,15,30,-1,-1,-1,-1
1243,14,937,285,15,29,-1,-1,-1,-1
1244,14,937,286,15,28,-1,-1,-1,-1
1245,14,938,285,16,30,-1,-1,-1,-1
1246,14,938,285,16,29,-1,-1,-1,-1
1247,14,938,284,16,30,-1,-1,-1,-1
1248,14,938,285,15,29,-1,-1,-1,-1
1249,14,940,284,15,30,-1,-1,-1,-1
1250,14,940,284,16,30,-1,-1,-1,-1
1251,14,940,285,16,29,-1,-1,-1,-1
1252,14,940,284,16,30,-1,-1,-1,-1
1253,14,940,284,16,30,-1,-1,-1,-1
1254,14,941,285,16,29,-1,-1,-1,-1
1255,14,942,285,16,29,-1,-1,-1,-1
1256,14,942,285,16,29,-1,-1,-1,-1
1257,14,942,285,16,29,-1,-1,-1,-1
1258,14,944,285,15,28,-1,-1,-1,-1
1259,14,944,285,15,28,-1,-1,-1,-1
1260,14,944,286,15,28,-1,-1,-1,-1
1261,14,945,286,14,27,-1,-1,-1,-1
1262,14,945,285,14,28,-1,-1,-1,-1
1263,14,946,286,14,26,-1,-1,-1,-1
1264,14,946,286,14,26,-1,-1,-1,-1
1265,14,946,287,14,26,-1,-1,-1,-1
1266,14,947,286,14,27,-1,-1,-1,-1
1267,14,947,286,14,26,-1,-1,-1,-1
1268,14,948,286,13,26,-1,-1,-1,-1
1269,14,948,284,14,28,-1,-1,-1,-1
1270,14,950,283,14,28,-1,-1,-1,-1
1271,14,951,284,14,27,-1,-1,-1,-1
1272,14,951,283,15,29,-1,-1,-1,-1
1273,14,952,283,15,29,-1,-1,-1,-1
1274,14,952,283,16,30,-1,-1,-1,-1
1275,14,953,284,15,29,-1,-1,-1,-1
1276,14,952,284,16,29,-1,-1,-1,-1
1277,14,952,283,16,30,-1,-1,-1,-1
1278,14,953,284,16,30,-1,-1,-1,-1
1279,14,953,284,15,29,-1,-1,-1,-1
1280,14,954,285,15,28,-1,-1,-1,-1
1281,14,954,284,15,29,-1,-1,-1,-1
1282,14,955,284,16,30,-1,-1,-1,-1
1283,14,955,283,17,30,-1,-1,-1,-1
1284,14,955,284,17,29,-1,-1,-1,-1
1285,14,957,283,15,30,-1,-1,-1,-1
1286,14,957,283,16,30,-1,-1,-1,-1
1287,14,958,281,16,31,-1,-1,-1,-1
1288,14,958,281,16,31,-1,-1,-1,-1
1289,14,957,282,17,30,-1,-1,-1,-1
1290,14,959,280,15,31,-1,-1,-1,-1
1291,14,958,280,16,31,-1,-1,-1,-1
1292,14,957,278,18,32,-1,-1,-1,-1
1293,14,958,281,17,30,-1,-1,-1,-1
1294,14,959,280,17,30,-1,-1,-1,-1
1295,14,960,279,17,31,-1,-1,-1,-1
1296,14,961,282,15,29,-1,-1,-1,-1
1297,14,961,282,15,29,-1,-1,-1,-1
1298,14,961,281,16,30,-1,-1,-1,-1
1299,14,962,282,15,29,-1,-1,-1,-1
1300,14,962,283,14,28,-1,-1,-1,-1
1301,14,962,281,16,29,-1,-1,-1,-1
1302,14,962,281,16,29,-1,-1,-1,-1
1303,14,963,281,16,29,-1,-1,-1,-1
1304,14,963,280,16,30,-1,-1,-1,-1
1328,16,975,277,19,30,-1,-1,-1,-1
1329,16,975,277,19,30,-1,-1,-1,-1
1330,16,975,278,19,29,-1,-1,-1,-1
1331,16,975,277,20,30,-1,-1,-1,-1
1332,16,977,279,17,27,-1,-1,-1,-1
1333,16,978,279,16,27,-1,-1,-1,-1
1334,16,978,279,16,27,-1,-1,-1,-1
1335,16,979,279,16,28,-1,-1,-1,-1
1336,16,980,279,15,26,-1,-1,-1,-1
1337,16,981,279,15,26,-1,-1,-1,-1
1338,16,981,280,15,25,-1,-1,-1,-1
1339,16,982,280,14,26,-1,-1,-1,-1
1340,16,982,280,14,26,-1,-1,-1,-1
1341,16,982,281,14,26,-1,-1,-1,-1
1342,16,982,280,14,26,-1,-1,-1,-1
1343,16,982,280,15,26,-1,-1,-1,-1
1344,16,983,280,14,26,-1,-1,-1,-1
1345,16,982,280,15,27,-1,-1,-1,-1
1346,16,983,279,15,27,-1,-1,-1,-1
1347,16,983,279,15,27,-1,-1,-1,-1
1348,16,983,279,15,26,-1,-1,-1,-1
1349,16,984,279,15,26,-1,-1,-1,-1
1350,16,984,279,15,26,-1,-1,-1,-1
1351,16,985,280,14,25,-1,-1,-1,-1
1352,16,985,280,14,25,-1,-1,-1,-1
1353,16,986,281,14,24,-1,-1,-1,-1
1354,16,987,280,13,25,-1,-1,-1,-1
1355,16,987,280,14,25,-1,-1,-1,-1
1356,16,987,279,15,26,-1,-1,-1,-1
1357,16,988,279,14,27,-1,-1,-1,-1
1358,16,988,279,15,27,-1,-1,-1,-1
1359,16,988,278,16,26,-1,-1,-1,-1
1360,16,988,278,15,25,-1,-1,-1,-1
1361,16,988,277,16,26,-1,-1,-1,-1
1362,16,988,277,16,27,-1,-1,-1,-1
1363,16,988,276,16,27,-1,-1,-1,-1
1364,16,988,277,16,27,-1,-1,-1,-1
1365,16,988,276,16,28,-1,-1,-1,-1
1366,16,989,276,16,27,-1,-1,-1,-1
1367,16,989,276,16,26,-1,-1,-1,-1
1368,16,991,277,15,27,-1,-1,-1,-1
1369,16,991,277,16,27,-1,-1,-1,-1
1370,16,991,277,16,28,-1,-1,-1,-1
1371,16,992,277,16,27,-1,-1,-1,-1
1372,16,991,276,17,28,-1,-1,-1,-1
1373,16,992,277,16,28,-1,-1,-1,-1
1374,16,992,277,16,28,-1,-1,-1,-1
1375,16,993,277,16,27,-1,-1,-1,-1
1376,16,993,278,16,25,-1,-1,-1,-1
1377,16,993,277,16,27,-1,-1,-1,-1
1378,16,994,278,16,27,-1,-1,-1,-1
1379,16,995,278,15,25,-1,-1,-1,-1
1380,16,994,278,15,27,-1,-1,-1,-1
1381,16,995,278,15,26,-1,-1,-1,-1
1382,16,995,278,15,25,-1,-1,-1,-1
1383,16,996,277,15,26,-1,-1,-1,-1
1384,16,997,278,14,25,-1,-1,-1,-1
1385,16,997,278,14,25,-1,-1,-1,-1
1386,16,998,279,14,25,-1,-1,-1,-1
1387,16,998,277,14,26,-1,-1,-1,-1
1388,16,999,277,13,26,-1,-1,-1,-1
1389,16,999,278,13,26,-1,-1,-1,-1
1390,16,999,276,14,26,-1,-1,-1,-1
1391,16,1000,275,15,27,-1,-1,-1,-1
1392,16,1000,276,15,27,-1,-1,-1,-1
1393,16,1001,276,15,28,-1,-1,-1,-1
1394,16,1001,276,17,27,-1,-1,-1,-1
1395,16,1002,276,16,28,-1,-1,-1,-1
1396,16,1003,276,17,27,-1,-1,-1,-1
1397,16,1003,276,17,27,-1,-1,-1,-1
1398,16,1003,276,17,26,-1,-1,-1,-1
1399,16,1004,276,18,27,-1,-1,-1,-1
1400,16,1004,275,19,28,-1,-1,-1,-1
1401,16,1004,275,19,28,-1,-1,-1,-1
1402,16,1005,275,19,29,-1,-1,-1,-1
1403,16,1005,275,19,30,-1,-1,-1,-1
1404,16,1006,276,18,28,-1,-1,-1,-1
1405,16,1006,276,18,28,-1,-1,-1,-1
1406,16,1006,275,18,30,-1,-1,-1,-1
1407,16,1006,276,18,29,-1,-1,-1,-1
1408,16,1007,277,17,27,-1,-1,-1,-1
1409,16,1007,277,18,27,-1,-1,-1,-1
1410,16,1009,276,16,26,-1,-1,-1,-1
1411,16,1010,276,15,27,-1,-1,-1,-1
1412,16,1011,275,16,26,-1,-1,-1,-1
1413,16,1012,275,15,27,-1,-1,-1,-1
1414,16,1012,276,15,26,-1,-1,-1,-1
1415,16,1013,277,15,27,-1,-1,-1,-1
1416,16,1014,276,15,28,-1,-1,-1,-1
1417,16,1016,277,16,26,-1,-1,-1,-1
1418,16,1017,277,15,26,-1,-1,-1,-1
1419,16,1018,276,17,27,-1,-1,-1,-1
1420,16,1018,277,18,27,-1,-1,-1,-1
1421,16,1019,276,18,28,-1,-1,-1,-1
1422,16,1019,277,18,27,-1,-1,-1,-1
1423,16,1021,276,17,28,-1,-1,-1,-1
1424,16,1022,276,17,28,-1,-1,-1,-1
1425,16,1024,276,17,29,-1,-1,-1,-1
1426,16,1025,276,17,29,-1,-1,-1,-1
1427,16,1025,277,18,27,-1,-1,-1,-1
1428,16,1027,277,15,25,-1,-1,-1,-1
1429,16,1028,276,15,25,-1,-1,-1,-1
1430,16,1027,277,17,29,-1,-1,-1,-1
1431,16,1031,277,15,25,-1,-1,-1,-1
1432,16,1033,276,15,25,-1,-1,-1,-1
1433,16,1033,276,16,25,-1,-1,-1,-1
1434,16,1034,276,15,26,-1,-1,-1,-1
1435,16,1033,276,16,26,-1,-1,-1,-1
1436,16,1034,276,17,29,-1,-1,-1,-1
1437,16,1037,277,15,27,-1,-1,-1,-1
1438,16,1038,276,16,28,-1,-1,-1,-1
1439,16,1039,275,16,28,-1,-1,-1,-1
1444,17,1045,272,17,28,-1,-1,-1,-1
1445,17,1047,272,18,28,-1,-1,-1,-1
1446,17,1047,272,18,29,-1,-1,-1,-1
1447,17,1049,274,17,28,-1,-1,-1,-1
1448,17,1049,273,18,29,-1,-1,-1,-1
1449,17,1051,275,19,28,-1,-1,-1,-1
1450,17,1052,275,18,27,-1,-1,-1,-1
1451,17,1054,277,17,26,-1,-1,-1,-1
1452,17,1055,277,19,28,-1,-1,-1,-1
1453,17,1057,278,17,26,-1,-1,-1,-1
1454,17,1060,278,17,25,-1,-1,-1,-1
1455,17,1061,276,17,26,-1,-1,-1,-1
1456,17,1062,276,18,27,-1,-1,-1,-1
1457,17,1064,277,16,25,-1,-1,-1,-1
1458,17,1065,275,18,27,-1,-1,-1,-1
1459,17,1067,277,17,26,-1,-1,-1,-1
1460,17,1067,278,16,27,-1,-1,-1,-1
1461,17,1068,279,17,26,-1,-1,-1,-1
1462,17,1070,279,15,25,-1,-1,-1,-1
1463,17,1071,279,16,25,-1,-1,-1,-1
1464,17,1075,281,13,23,-1,-1,-1,-1
1465,17,1077,281,13,24,-1,-1,-1,-1
1466,17,1078,281,13,24,-1,-1,-1,-1
1467,17,1080,281,13,24,-1,-1,-1,-1
1468,17,1080,280,15,25,-1,-1,-1,-1
1469,17,1080,280,16,26,-1,-1,-1,-1
1470,17,1082,280,14,26,-1,-1,-1,-1
1471,17,1082,279,14,26,-1,-1,-1,-1
1472,17,1085,281,14,25,-1,-1,-1,-1
1473,17,1086,279,14,25,-1,-1,-1,-1
1474,17,1086,279,14,25,-1,-1,-1,-1
1475,17,1090,278,13,24,-1,-1,-1,-1
1476,17,1092,279,15,25,-1,-1,-1,-1
1477,17,1095,280,14,27,-1,-1,-1,-1
1478,17,1094,278,13,26,-1,-1,-1,-1
1479,17,1096,279,16,29,-1,-1,-1,-1
1480,17,1098,279,16,29,-1,-1,-1,-1
1481,17,1098,278,18,30,-1,-1,-1,-1
1482,17,1098,276,18,31,-1,-1,-1,-1
1483,17,1098,278,19,29,-1,-1,-1,-1
1484,17,1100,278,17,28,-1,-1,-1,-1
1485,17,1100,279,18,27,-1,-1,-1,-1
1486,17,1102,278,15,26,-1,-1,-1,-1
1487,17,1103,278,16,27,-1,-1,-1,-1
1488,17,1104,277,16,28,-1,-1,-1,-1
1489,17,1106,278,15,26,-1,-1,-1,-1
1490,17,1109,278,15,26,-1,-1,-1,-1
1491,17,1112,280,14,27,-1,-1,-1,-1
1492,17,1112,282,15,26,-1,-1,-1,-1
1493,17,1114,281,15,26,-1,-1,-1,-1
1494,17,1114,280,17,27,-1,-1,-1,-1
1495,17,1115,279,16,28,-1,-1,-1,-1
1496,17,1115,279,19,28,-1,-1,-1,-1
1497,17,1116,279,19,28,-1,-1,-1,-1
1498,17,1118,281,17,25,-1,-1,-1,-1
1499,17,1118,281,18,26,-1,-1,-1,-1
1500,17,1122,283,16,25,-1,-1,-1,-1
1501,17,1125,284,14,24,-1,-1,-1,-1
1502,17,1126,284,14,24,-1,-1,-1,-1
1503,17,1127,283,14,27,-1,-1,-1,-1
1504,17,1127,283,15,26,-1,-1,-1,-1
1505,17,1127,283,15,25,-1,-1,-1,-1
1506,17,1130,284,15,26,-1,-1,-1,-1
1507,17,1131,284,15,26,-1,-1,-1,-1
1509,18,1136,282,14,26,-1,-1,-1,-1
1510,18,1136,284,14,25,-1,-1,-1,-1
1511,18,1138,283,14,26,-1,-1,-1,-1
1512,18,1140,284,13,26,-1,-1,-1,-1
1513,18,1140,285,14,26,-1,-1,-1,-1
1514,18,1141,284,15,27,-1,-1,-1,-1
1515,18,1143,284,14,27,-1,-1,-1,-1
1523,19,1153,286,16,25,-1,-1,-1,-1
1524,19,1155,286,16,26,-1,-1,-1,-1
1525,19,1156,286,16,27,-1,-1,-1,-1
1526,19,1159,285,16,26,-1,-1,-1,-1
1527,19,1160,285,15,25,-1,-1,-1,-1
1528,19,1161,287,14,25,-1,-1,-1,-1
1529,19,1163,290,14,24,-1,-1,-1,-1
1530,19,1162,288,15,25,-1,-1,-1,-1
1531,19,1163,288,16,25,-1,-1,-1,-1
1532,19,1167,289,15,25,-1,-1,-1,-1
1533,19,1168,289,16,25,-1,-1,-1,-1
1534,19,1170,287,16,26,-1,-1,-1,-1
1535,19,1171,287,16,26,-1,-1,-1,-1
1536,19,1172,286,16,26,-1,-1,-1,-1
1537,19,1173,286,17,27,-1,-1,-1,-1
1538,19,1174,286,16,27,-1,-1,-1,-1
1539,19,1176,289,15,25,-1,-1,-1,-1
1540,19,1178,289,14,25,-1,-1,-1,-1
1541,19,1180,290,15,23,-1,-1,-1,-1
1542,19,1181,289,15,25,-1,-1,-1,-1
1543,19,1183,290,15,24,-1,-1,-1,-1
1544,19,1183,287,16,26,-1,-1,-1,-1
1545,19,1185,287,16,26,-1,-1,-1,-1
1546,19,1186,287,18,27,-1,-1,-1,-1
1547,19,1187,288,18,26,-1,-1,-1,-1
1548,19,1189,288,16,26,-1,-1,-1,-1
1549,19,1191,290,16,25,-1,-1,-1,-1
1550,19,1192,290,15,25,-1,-1,-1,-1
1551,19,1193,290,15,24,-1,-1,-1,-1
1552,19,1194,291,15,24,-1,-1,-1,-1
1553,19,1197,292,15,24,-1,-1,-1,-1
1554,19,1198,293,15,23,-1,-1,-1,-1
1555,19,1198,292,16,24,-1,-1,-1,-1
1556,19,1202,290,16,25,-1,-1,-1,-1
1557,19,1202,290,16,25,-1,-1,-1,-1
1558,19,1203,288,16,27,-1,-1,-1,-1
1559,19,1204,289,16,27,-1,-1,-1,-1
1560,19,1205,290,16,27,-1,-1,-1,-1
1561,19,1207,292,16,25,-1,-1,-1,-1
1562,19,1207,292,16,26,-1,-1,-1,-1
1563,19,1209,292,16,28,-1,-1,-1,-1
1564,19,1211,293,16,29,-1,-1,-1,-1
1565,19,1213,294,16,25,-1,-1,-1,-1
1566,19,1215,294,15,26,-1,-1,-1,-1
1567,19,1215,293,18,32,-1,-1,-1,-1
1568,19,1217,294,17,27,-1,-1,-1,-1
1569,19,1220,290,17,28,-1,-1,-1,-1
1570,19,1220,291,16,28,-1,-1,-1,-1
1571,19,1221,291,18,28,-1,-1,-1,-1
1572,19,1223,291,17,25,-1,-1,-1,-1
1573,19,1224,293,17,26,-1,-1,-1,-1
1574,19,1225,294,17,25,-1,-1,-1,-1
