1,0,975,266,18,33,-1,-1,-1,-1
2,0,974,266,19,33,-1,-1,-1,-1
3,0,975,268,18,31,-1,-1,-1,-1
4,0,974,268,19,31,-1,-1,-1,-1
5,0,974,269,19,31,-1,-1,-1,-1
6,0,975,269,18,31,-1,-1,-1,-1
7,0,974,269,19,31,-1,-1,-1,-1
8,0,975,270,18,30,-1,-1,-1,-1
9,0,974,269,19,31,-1,-1,-1,-1
10,0,974,268,19,32,-1,-1,-1,-1
11,0,975,268,18,31,-1,-1,-1,-1
12,0,975,269,18,30,-1,-1,-1,-1
13,0,975,269,18,31,-1,-1,-1,-1
14,0,975,269,18,31,-1,-1,-1,-1
15,0,975,268,18,31,-1,-1,-1,-1
16,0,975,268,18,31,-1,-1,-1,-1
17,0,975,268,18,31,-1,-1,-1,-1
18,0,975,269,18,30,-1,-1,-1,-1
19,0,975,269,18,30,-1,-1,-1,-1
20,0,975,268,18,31,-1,-1,-1,-1
21,0,975,268,18,30,-1,-1,-1,-1
22,0,975,268,18,31,-1,-1,-1,-1
23,0,975,268,18,31,-1,-1,-1,-1
24,0,975,267,17,32,-1,-1,-1,-1
25,0,975,267,17,32,-1,-1,-1,-1
26,0,975,267,18,32,-1,-1,-1,-1
27,0,975,267,18,32,-1,-1,-1,-1
28,0,975,267,18,33,-1,-1,-1,-1
29,0,975,267,18,33,-1,-1,-1,-1
30,0,975,267,18,32,-1,-1,-1,-1
31,0,974,267,19,33,-1,-1,-1,-1
32,0,974,268,19,32,-1,-1,-1,-1
33,0,974,267,19,32,-1,-1,-1,-1
34,0,974,267,19,33,-1,-1,-1,-1
35,0,974,267,19,33,-1,-1,-1,-1
36,0,974,266,19,33,-1,-1,-1,-1
37,0,975,267,18,32,-1,-1,-1,-1
38,0,975,266,18,33,-1,-1,-1,-1
39,0,975,266,18,33,-1,-1,-1,-1
40,0,975,267,18,33,-1,-1,-1,-1
41,0,975,266,18,33,-1,-1,-1,-1
42,0,975,267,17,32,-1,-1,-1,-1
43,0,975,267,17,32,-1,-1,-1,-1
44,0,975,267,18,32,-1,-1,-1,-1
45,0,975,268,17,31,-1,-1,-1,-1
46,0,975,269,18,30,-1,-1,-1,-1
47,0,975,267,18,32,-1,-1,-1,-1
48,0,974,268,18,32,-1,-1,-1,-1
49,0,974,268,18,32,-1,-1,-1,-1
50,0,975,268,17,32,-1,-1,-1,-1
51,0,975,268,17,32,-1,-1,-1,-1
52,0,974,268,18,31,-1,-1,-1,-1
53,0,974,268,18,31,-1,-1,-1,-1
54,0,974,268,18,32,-1,-1,-1,-1
55,0,974,269,18,30,-1,-1,-1,-1
56,0,975,268,17,31,-1,-1,-1,-1
57,0,975,268,17,31,-1,-1,-1,-1
58,0,974,268,18,31,-1,-1,-1,-1
59,0,975,268,17,31,-1,-1,-1,-1
60,0,974,268,19,32,-1,-1,-1,-1
61,0,974,268,19,32,-1,-1,-1,-1
62,0,974,268,19,32,-1,-1,-1,-1
63,0,974,268,18,32,-1,-1,-1,-1
64,0,974,268,18,32,-1,-1,-1,-1
65,0,975,268,18,32,-1,-1,-1,-1
66,0,975,268,17,31,-1,-1,-1,-1
67,0,975,268,17,31,-1,-1,-1,-1
68,0,975,268,17,32,-1,-1,-1,-1
69,0,975,269,17,31,-1,-1,-1,-1
70,0,975,268,18,31,-1,-1,-1,-1
71,0,975,267,18,32,-1,-1,-1,-1
72,0,974,267,19,33,-1,-1,-1,-1
73,0,974,268,19,32,-1,-1,-1,-1
74,0,975,267,18,31,-1,-1,-1,-1
75,0,975,268,18,31,-1,-1,-1,-1
76,0,975,268,18,31,-1,-1,-1,-1
77,0,975,268,18,31,-1,-1,-1,-1
78,0,975,268,18,32,-1,-1,-1,-1
79,0,975,270,18,30,-1,-1,-1,-1
80,0,975,268,18,32,-1,-1,-1,-1
81,0,975,269,18,31,-1,-1,-1,-1
82,0,974,269,19,31,-1,-1,-1,-1
83,0,975,269,18,31,-1,-1,-1,-1
84,0,975,268,17,32,-1,-1,-1,-1
85,0,975,268,18,32,-1,-1,-1,-1
86,0,975,268,17,32,-1,-1,-1,-1
87,0,975,269,18,30,-1,-1,-1,-1
88,0,975,269,17,30,-1,-1,-1,-1
89,0,976,269,16,30,-1,-1,-1,-1
90,0,976,269,16,30,-1,-1,-1,-1
91,0,976,269,16,30,-1,-1,-1,-1
92,0,976,268,16,31,-1,-1,-1,-1
93,0,976,269,16,30,-1,-1,-1,-1
94,0,976,269,17,29,-1,-1,-1,-1
95,0,976,269,17,29,-1,-1,-1,-1
96,0,976,270,17,29,-1,-1,-1,-1
97,0,976,270,17,28,-1,-1,-1,-1
98,0,976,270,17,28,-1,-1,-1,-1
99,0,976,270,17,28,-1,-1,-1,-1
100,0,976,270,17,28,-1,-1,-1,-1
101,0,976,270,17,29,-1,-1,-1,-1
102,0,976,270,17,28,-1,-1,-1,-1
103,0,976,269,17,29,-1,-1,-1,-1
104,0,976,269,17,28,-1,-1,-1,-1
105,0,977,269,16,28,-1,-1,-1,-1
106,0,976,268,17,29,-1,-1,-1,-1
107,0,976,269,17,28,-1,-1,-1,-1
108,0,976,269,17,28,-1,-1,-1,-1
109,0,976,268,17,29,-1,-1,-1,-1
110,0,976,269,17,29,-1,-1,-1,-1
111,0,977,269,16,29,-1,-1,-1,-1
112,0,976,269,17,28,-1,-1,-1,-1
113,0,977,269,16,29,-1,-1,-1,-1
114,0,976,268,17,29,-1,-1,-1,-1
115,0,976,268,17,29,-1,-1,-1,-1
116,0,976,269,17,27,-1,-1,-1,-1
117,0,976,268,17,29,-1,-1,-1,-1
118,0,976,269,17,28,-1,-1,-1,-1
119,0,976,268,17,29,-1,-1,-1,-1
120,0,976,268,17,29,-1,-1,-1,-1
121,0,976,268,18,29,-1,-1,-1,-1
122,0,976,268,18,29,-1,-1,-1,-1
123,0,976,268,17,29,-1,-1,-1,-1
124,0,976,268,17,30,-1,-1,-1,-1
125,0,976,268,18,30,-1,-1,-1,-1
126,0,976,268,17,29,-1,-1,-1,-1
127,0,976,267,18,31,-1,-1,-1,-1
128,0,976,267,18,31,-1,-1,-1,-1
129,0,977,268,17,30,-1,-1,-1,-1
130,0,977,268,17,30,-1,-1,-1,-1
131,0,977,268,17,30,-1,-1,-1,-1
132,0,977,269,17,29,-1,-1,-1,-1
133,0,977,269,17,29,-1,-1,-1,-1
134,0,977,268,17,30,-1,-1,-1,-1
135,0,976,269,17,29,-1,-1,-1,-1
136,0,977,269,17,29,-1,-1,-1,-1
137,0,977,269,17,29,-1,-1,-1,-1
138,0,978,271,16,27,-1,-1,-1,-1
139,0,978,270,16,28,-1,-1,-1,-1
140,0,978,270,16,28,-1,-1,-1,-1
141,0,978,270,17,28,-1,-1,-1,-1
142,0,979,271,16,27,-1,-1,-1,-1
143,0,979,270,17,28,-1,-1,-1,-1
144,0,979,271,16,27,-1,-1,-1,-1
145,0,979,270,16,28,-1,-1,-1,-1
146,0,979,270,16,28,-1,-1,-1,-1
147,0,979,270,16,28,-1,-1,-1,-1
148,0,979,269,17,29,-1,-1,-1,-1
149,0,978,268,17,30,-1,-1,-1,-1
150,0,978,268,17,30,-1,-1,-1,-1
151,0,978,268,18,30,-1,-1,-1,-1
152,0,978,268,18,30,-1,-1,-1,-1
153,0,978,268,18,30,-1,-1,-1,-1
154,0,978,268,18,30,-1,-1,-1,-1
155,0,977,267,19,31,-1,-1,-1,-1
156,0,978,267,18,30,-1,-1,-1,-1
157,0,978,267,17,31,-1,-1,-1,-1
158,0,978,267,18,31,-1,-1,-1,-1
159,0,978,267,18,30,-1,-1,-1,-1
160,0,978,267,18,30,-1,-1,-1,-1
161,0,978,267,18,31,-1,-1,-1,-1
162,0,978,267,18,31,-1,-1,-1,-1
163,0,978,267,18,31,-1,-1,-1,-1
164,0,979,269,17,29,-1,-1,-1,-1
165,0,979,268,17,30,-1,-1,-1,-1
166,0,979,268,16,30,-1,-1,-1,-1
167,0,979,268,17,30,-1,-1,-1,-1
168,0,979,269,17,29,-1,-1,-1,-1
169,0,979,269,17,29,-1,-1,-1,-1
170,0,979,269,17,29,-1,-1,-1,-1
171,0,980,269,16,29,-1,-1,-1,-1
172,0,979,268,17,30,-1,-1,-1,-1
173,0,980,269,16,29,-1,-1,-1,-1
174,0,980,269,16,29,-1,-1,-1,-1
175,0,980,270,16,28,-1,-1,-1,-1
176,0,980,270,16,28,-1,-1,-1,-1
177,0,980,271,16,27,-1,-1,-1,-1
178,0,980,270,16,28,-1,-1,-1,-1
179,0,980,270,16,28,-1,-1,-1,-1
180,0,980,270,16,28,-1,-1,-1,-1
181,0,981,271,16,26,-1,-1,-1,-1
182,0,982,271,15,26,-1,-1,-1,-1
183,0,980,270,16,28,-1,-1,-1,-1
184,0,982,271,15,26,-1,-1,-1,-1
185,0,982,271,16,25,-1,-1,-1,-1
186,0,980,271,16,27,-1,-1,-1,-1
187,0,980,271,16,27,-1,-1,-1,-1
188,0,982,272,15,25,-1,-1,-1,-1
189,0,982,272,16,25,-1,-1,-1,-1
190,0,981,272,15,26,-1,-1,-1,-1
191,0,981,272,15,26,-1,-1,-1,-1
192,0,982,272,16,25,-1,-1,-1,-1
193,0,982,273,16,24,-1,-1,-1,-1
194,0,982,272,16,25,-1,-1,-1,-1
195,0,982,272,16,25,-1,-1,-1,-1
196,0,980,272,17,26,-1,-1,-1,-1
197,0,980,272,16,26,-1,-1,-1,-1
198,0,981,273,17,24,-1,-1,-1,-1
199,0,982,273,15,24,-1,-1,-1,-1
200,0,981,273,16,24,-1,-1,-1,-1
201,0,981,272,16,25,-1,-1,-1,-1
202,0,981,273,16,24,-1,-1,-1,-1
203,0,981,272,16,25,-1,-1,-1,-1
204,0,980,271,16,27,-1,-1,-1,-1
205,0,980,272,16,26,-1,-1,-1,-1
206,0,980,272,16,26,-1,-1,-1,-1
207,0,979,271,17,27,-1,-1,-1,-1
208,0,980,272,16,26,-1,-1,-1,-1
209,0,979,272,17,26,-1,-1,-1,-1
210,0,980,272,16,26,-1,-1,-1,-1
211,0,980,271,16,27,-1,-1,-1,-1
212,0,979,271,17,27,-1,-1,-1,-1
213,0,979,271,17,27,-1,-1,-1,-1
214,0,979,271,17,27,-1,-1,-1,-1
215,0,979,270,17,28,-1,-1,-1,-1
216,0,979,270,16,28,-1,-1,-1,-1
217,0,979,270,17,28,-1,-1,-1,-1
218,0,979,270,16,28,-1,-1,-1,-1
219,0,979,270,17,28,-1,-1,-1,-1
220,0,979,270,16,28,-1,-1,-1,-1
221,0,979,270,16,28,-1,-1,-1,-1
222,0,979,270,16,28,-1,-1,-1,-1
223,0,979,269,16,29,-1,-1,-1,-1
224,0,979,269,16,29,-1,-1,-1,-1
225,0,978,270,17,28,-1,-1,-1,-1
226,0,978,269,17,29,-1,-1,-1,-1
227,0,978,269,17,29,-1,-1,-1,-1
228,0,978,269,17,29,-1,-1,-1,-1
229,0,978,270,17,28,-1,-1,-1,-1
230,0,978,269,17,29,-1,-1,-1,-1
231,0,978,270,17,28,-1,-1,-1,-1
232,0,979,270,16,28,-1,-1,-1,-1
233,0,979,270,16,28,-1,-1,-1,-1
234,0,981,271,16,26,-1,-1,-1,-1
235,0,981,272,16,24,-1,-1,-1,-1
236,0,980,270,16,28,-1,-1,-1,-1
237,0,979,270,17,28,-1,-1,-1,-1
238,0,979,270,17,28,-1,-1,-1,-1
239,0,982,271,15,25,-1,-1,-1,-1
240,0,979,270,17,28,-1,-1,-1,-1
241,0,979,269,17,29,-1,-1,-1,-1
242,0,979,270,17,28,-1,-1,-1,-1
243,0,981,271,16,25,-1,-1,-1,-1
244,0,980,269,16,29,-1,-1,-1,-1
245,0,980,269,16,29,-1,-1,-1,-1
246,0,982,271,15,25,-1,-1,-1,-1
247,0,982,272,15,25,-1,-1,-1,-1
248,0,982,272,15,25,-1,-1,-1,-1
249,0,982,272,15,25,-1,-1,-1,-1
250,0,982,272,16,25,-1,-1,-1,-1
251,0,981,272,16,26,-1,-1,-1,-1
252,0,982,273,16,24,-1,-1,-1,-1
253,0,982,273,16,24,-1,-1,-1,-1
254,0,982,273,16,24,-1,-1,-1,-1
255,0,981,272,17,26,-1,-1,-1,-1
256,0,982,272,17,24,-1,-1,-1,-1
257,0,981,272,17,26,-1,-1,-1,-1
258,0,983,273,15,23,-1,-1,-1,-1
259,0,983,273,16,23,-1,-1,-1,-1
260,0,982,272,17,25,-1,-1,-1,-1
261,0,983,272,16,24,-1,-1,-1,-1
262,0,983,272,16,24,-1,-1,-1,-1
263,0,983,273,16,23,-1,-1,-1,-1
264,0,983,273,15,23,-1,-1,-1,-1
265,0,983,273,15,23,-1,-1,-1,-1
266,0,983,273,16,23,-1,-1,-1,-1
267,0,983,273,16,23,-1,-1,-1,-1
268,0,983,273,16,24,-1,-1,-1,-1
269,0,982,273,16,24,-1,-1,-1,-1
270,0,983,273,15,24,-1,-1,-1,-1
271,0,983,273,15,24,-1,-1,-1,-1
272,0,983,274,16,23,-1,-1,-1,-1
273,0,983,273,16,24,-1,-1,-1,-1
274,0,983,274,16,23,-1,-1,-1,-1
275,0,984,273,16,23,-1,-1,-1,-1
276,0,984,273,16,24,-1,-1,-1,-1
277,0,984,273,16,24,-1,-1,-1,-1
278,0,984,273,16,24,-1,-1,-1,-1
279,0,985,274,14,23,-1,-1,-1,-1
280,0,983,274,15,24,-1,-1,-1,-1
281,0,985,274,14,23,-1,-1,-1,-1
282,0,983,273,16,25,-1,-1,-1,-1
283,0,984,273,15,25,-1,-1,-1,-1
284,0,984,274,15,24,-1,-1,-1,-1
285,0,984,273,15,25,-1,-1,-1,-1
286,0,984,273,15,25,-1,-1,-1,-1
287,0,984,273,15,25,-1,-1,-1,-1
288,0,984,273,15,25,-1,-1,-1,-1
289,0,984,273,15,25,-1,-1,-1,-1
290,0,984,273,15,25,-1,-1,-1,-1
291,0,984,273,15,26,-1,-1,-1,-1
292,0,984,273,15,25,-1,-1,-1,-1
293,0,984,274,15,24,-1,-1,-1,-1
294,0,984,274,15,25,-1,-1,-1,-1
295,0,984,273,15,25,-1,-1,-1,-1
296,0,984,273,15,25,-1,-1,-1,-1
297,0,984,273,15,25,-1,-1,-1,-1
298,0,983,272,16,26,-1,-1,-1,-1
299,0,984,273,15,25,-1,-1,-1,-1
300,0,984,272,15,26,-1,-1,-1,-1
301,0,984,272,15,26,-1,-1,-1,-1
302,0,984,273,15,25,-1,-1,-1,-1
303,0,984,272,15,26,-1,-1,-1,-1
304,0,984,272,15,26,-1,-1,-1,-1
305,0,984,272,15,26,-1,-1,-1,-1
306,0,984,273,15,25,-1,-1,-1,-1
307,0,984,272,15,26,-1,-1,-1,-1
308,0,984,272,15,26,-1,-1,-1,-1
309,0,984,273,15,25,-1,-1,-1,-1
313,1,984,272,15,26,-1,-1,-1,-1
314,1,984,273,15,25,-1,-1,-1,-1
315,1,984,273,15,25,-1,-1,-1,-1
316,1,984,273,15,25,-1,-1,-1,-1
317,1,984,273,15,25,-1,-1,-1,-1
318,1,984,273,15,25,-1,-1,-1,-1
319,1,984,272,15,26,-1,-1,-1,-1
320,1,985,273,15,24,-1,-1,-1,-1
323,0,984,273,15,25,-1,-1,-1,-1
324,0,985,273,16,23,-1,-1,-1,-1
325,0,985,273,16,23,-1,-1,-1,-1
326,0,985,273,15,23,-1,-1,-1,-1
327,0,985,272,16,25,-1,-1,-1,-1
328,0,985,272,16,25,-1,-1,-1,-1
329,0,983,273,16,25,-1,-1,-1,-1
330,0,985,273,15,24,-1,-1,-1,-1
331,0,984,273,15,25,-1,-1,-1,-1
332,0,983,273,16,25,-1,-1,-1,-1
333,0,985,273,15,23,-1,-1,-1,-1
334,0,983,273,15,25,-1,-1,-1,-1
335,0,985,272,15,25,-1,-1,-1,-1
336,0,985,273,15,24,-1,-1,-1,-1
337,0,983,273,16,25,-1,-1,-1,-1
338,0,984,273,15,25,-1,-1,-1,-1
339,0,984,274,15,24,-1,-1,-1,-1
340,0,984,273,15,25,-1,-1,-1,-1
341,0,984,274,15,24,-1,-1,-1,-1
342,0,984,274,15,25,-1,-1,-1,-1
343,0,984,274,16,25,-1,-1,-1,-1
344,0,985,274,15,25,-1,-1,-1,-1
345,0,985,274,15,25,-1,-1,-1,-1
346,0,985,274,15,25,-1,-1,-1,-1
347,0,984,274,16,24,-1,-1,-1,-1
348,0,984,274,16,24,-1,-1,-1,-1
349,0,984,273,16,25,-1,-1,-1,-1
350,0,984,274,16,25,-1,-1,-1,-1
351,0,984,273,16,25,-1,-1,-1,-1
352,0,984,273,16,26,-1,-1,-1,-1
353,0,984,273,16,26,-1,-1,-1,-1
354,0,984,274,16,24,-1,-1,-1,-1
355,0,985,274,16,25,-1,-1,-1,-1
356,0,985,274,16,25,-1,-1,-1,-1
357,0,985,274,16,25,-1,-1,-1,-1
358,0,984,274,16,25,-1,-1,-1,-1
359,0,984,274,17,25,-1,-1,-1,-1
360,0,985,274,16,25,-1,-1,-1,-1
361,0,984,274,17,25,-1,-1,-1,-1
362,0,985,274,16,25,-1,-1,-1,-1
363,0,985,274,16,25,-1,-1,-1,-1
364,0,985,274,17,25,-1,-1,-1,-1
365,0,985,274,17,25,-1,-1,-1,-1
366,0,985,275,17,24,-1,-1,-1,-1
367,0,985,274,17,25,-1,-1,-1,-1
368,0,985,274,17,25,-1,-1,-1,-1
369,0,985,274,17,25,-1,-1,-1,-1
370,0,985,274,17,25,-1,-1,-1,-1
371,0,985,274,17,25,-1,-1,-1,-1
372,0,985,274,17,25,-1,-1,-1,-1
373,0,985,275,17,23,-1,-1,-1,-1
374,0,985,275,17,24,-1,-1,-1,-1
375,0,985,275,17,24,-1,-1,-1,-1
376,0,985,275,17,23,-1,-1,-1,-1
377,0,985,275,17,23,-1,-1,-1,-1
378,0,985,275,17,24,-1,-1,-1,-1
379,0,985,274,17,25,-1,-1,-1,-1
380,0,986,275,17,24,-1,-1,-1,-1
381,0,985,275,17,23,-1,-1,-1,-1
382,0,985,274,17,24,-1,-1,-1,-1
383,0,985,274,17,24,-1,-1,-1,-1
384,0,985,275,17,24,-1,-1,-1,-1
385,0,985,274,17,24,-1,-1,-1,-1
386,0,985,274,16,24,-1,-1,-1,-1
387,0,985,274,16,24,-1,-1,-1,-1
388,0,985,274,16,24,-1,-1,-1,-1
389,0,985,274,16,25,-1,-1,-1,-1
390,0,985,274,16,24,-1,-1,-1,-1
391,0,985,274,16,24,-1,-1,-1,-1
392,0,985,274,15,24,-1,-1,-1,-1
393,0,985,274,15,24,-1,-1,-1,-1
394,0,985,274,15,25,-1,-1,-1,-1
395,0,985,274,15,24,-1,-1,-1,-1
396,0,985,274,15,24,-1,-1,-1,-1
397,0,985,274,15,24,-1,-1,-1,-1
398,0,984,274,16,24,-1,-1,-1,-1
399,0,984,274,15,24,-1,-1,-1,-1
400,0,984,274,16,24,-1,-1,-1,-1
401,0,984,274,16,24,-1,-1,-1,-1
402,0,984,273,17,25,-1,-1,-1,-1
403,0,984,273,17,25,-1,-1,-1,-1
405,1,984,273,17,25,-1,-1,-1,-1
406,1,985,273,16,25,-1,-1,-1,-1
407,1,984,273,17,25,-1,-1,-1,-1
408,1,985,273,17,25,-1,-1,-1,-1
409,1,985,273,17,26,-1,-1,-1,-1
410,1,985,273,17,26,-1,-1,-1,-1
411,1,985,274,17,25,-1,-1,-1,-1
412,1,985,274,17,24,-1,-1,-1,-1
413,1,986,274,16,25,-1,-1,-1,-1
414,1,986,274,17,25,-1,-1,-1,-1
415,1,986,274,17,25,-1,-1,-1,-1
416,1,986,273,18,25,-1,-1,-1,-1
417,1,986,273,18,25,-1,-1,-1,-1
418,1,986,273,18,25,-1,-1,-1,-1
419,1,987,273,17,25,-1,-1,-1,-1
420,1,986,272,18,26,-1,-1,-1,-1
421,1,987,272,17,27,-1,-1,-1,-1
422,1,987,273,17,26,-1,-1,-1,-1
423,1,987,272,18,27,-1,-1,-1,-1
424,1,987,273,18,26,-1,-1,-1,-1
425,1,987,273,18,26,-1,-1,-1,-1
426,1,987,272,18,27,-1,-1,-1,-1
427,1,987,272,18,27,-1,-1,-1,-1
428,1,987,272,18,27,-1,-1,-1,-1
429,1,987,273,18,26,-1,-1,-1,-1
430,1,987,272,18,27,-1,-1,-1,-1
431,1,987,272,18,27,-1,-1,-1,-1
432,1,987,272,18,28,-1,-1,-1,-1
433,1,987,272,18,28,-1,-1,-1,-1
434,1,987,272,18,27,-1,-1,-1,-1
435,1,987,272,18,27,-1,-1,-1,-1
436,1,987,272,18,27,-1,-1,-1,-1
437,1,987,272,18,27,-1,-1,-1,-1
438,1,987,272,18,27,-1,-1,-1,-1
439,1,987,271,18,28,-1,-1,-1,-1
440,1,987,271,17,28,-1,-1,-1,-1
441,1,987,272,18,27,-1,-1,-1,-1
442,1,987,272,18,27,-1,-1,-1,-1
443,1,987,272,17,27,-1,-1,-1,-1
444,1,987,272,18,27,-1,-1,-1,-1
445,1,987,272,18,26,-1,-1,-1,-1
446,1,987,272,18,27,-1,-1,-1,-1
447,1,987,273,18,26,-1,-1,-1,-1
448,1,987,274,17,25,-1,-1,-1,-1
449,1,987,274,17,25,-1,-1,-1,-1
450,1,987,273,18,26,-1,-1,-1,-1
451,1,987,274,17,25,-1,-1,-1,-1
452,1,987,273,17,25,-1,-1,-1,-1
453,1,987,272,17,26,-1,-1,-1,-1
454,1,987,273,17,25,-1,-1,-1,-1
455,1,987,274,17,24,-1,-1,-1,-1
456,1,986,274,18,24,-1,-1,-1,-1
457,1,986,274,18,24,-1,-1,-1,-1
458,1,986,274,17,24,-1,-1,-1,-1
459,1,985,274,17,24,-1,-1,-1,-1
460,1,986,274,17,24,-1,-1,-1,-1
461,1,986,274,17,24,-1,-1,-1,-1
462,1,986,274,17,24,-1,-1,-1,-1
463,1,986,274,17,25,-1,-1,-1,-1
464,1,986,274,17,24,-1,-1,-1,-1
465,1,986,274,17,24,-1,-1,-1,-1
466,1,985,273,18,25,-1,-1,-1,-1
467,1,986,273,17,24,-1,-1,-1,-1
468,1,985,273,18,25,-1,-1,-1,-1
469,1,986,273,17,25,-1,-1,-1,-1
470,1,985,273,17,25,-1,-1,-1,-1
471,1,985,272,18,26,-1,-1,-1,-1
472,1,986,273,17,24,-1,-1,-1,-1
473,1,986,273,16,25,-1,-1,-1,-1
474,1,985,273,17,24,-1,-1,-1,-1
475,1,986,273,17,24,-1,-1,-1,-1
476,1,986,273,17,24,-1,-1,-1,-1
477,1,986,273,17,25,-1,-1,-1,-1
478,1,986,274,17,24,-1,-1,-1,-1
479,1,987,274,17,24,-1,-1,-1,-1
480,1,986,275,18,24,-1,-1,-1,-1
481,1,987,275,17,23,-1,-1,-1,-1
482,1,987,274,17,24,-1,-1,-1,-1
483,1,987,274,17,24,-1,-1,-1,-1
484,1,987,274,17,24,-1,-1,-1,-1
485,1,987,274,17,25,-1,-1,-1,-1
486,1,987,274,17,24,-1,-1,-1,-1
487,1,987,273,17,25,-1,-1,-1,-1
488,1,987,274,17,24,-1,-1,-1,-1
489,1,987,273,17,26,-1,-1,-1,-1
490,1,987,273,17,25,-1,-1,-1,-1
491,1,987,273,17,25,-1,-1,-1,-1
492,1,987,273,17,25,-1,-1,-1,-1
493,1,987,273,18,25,-1,-1,-1,-1
494,1,987,272,18,26,-1,-1,-1,-1
495,1,987,272,18,26,-1,-1,-1,-1
496,1,987,272,18,26,-1,-1,-1,-1
497,1,987,272,17,26,-1,-1,-1,-1
498,1,987,272,18,27,-1,-1,-1,-1
499,1,987,272,18,27,-1,-1,-1,-1
500,1,987,272,18,27,-1,-1,-1,-1
501,1,987,272,18,27,-1,-1,-1,-1
502,1,987,273,18,26,-1,-1,-1,-1
503,1,987,272,18,26,-1,-1,-1,-1
504,1,987,273,18,26,-1,-1,-1,-1
505,1,987,272,18,27,-1,-1,-1,-1
506,1,987,272,18,27,-1,-1,-1,-1
507,1,987,272,18,27,-1,-1,-1,-1
508,1,987,272,18,27,-1,-1,-1,-1
509,1,987,272,18,27,-1,-1,-1,-1
510,1,987,272,18,27,-1,-1,-1,-1
511,1,987,272,18,27,-1,-1,-1,-1
512,1,987,272,18,27,-1,-1,-1,-1
513,1,987,272,18,27,-1,-1,-1,-1
514,1,987,272,18,27,-1,-1,-1,-1
515,1,987,272,18,28,-1,-1,-1,-1
516,1,986,273,18,26,-1,-1,-1,-1
517,1,986,274,18,26,-1,-1,-1,-1
518,1,986,273,18,26,-1,-1,-1,-1
519,1,987,272,17,27,-1,-1,-1,-1
520,1,987,272,17,26,-1,-1,-1,-1
521,1,987,273,18,26,-1,-1,-1,-1
522,1,987,272,18,27,-1,-1,-1,-1
523,1,987,272,17,26,-1,-1,-1,-1
524,1,987,272,17,26,-1,-1,-1,-1
525,1,987,273,17,25,-1,-1,-1,-1
526,1,987,273,17,25,-1,-1,-1,-1
527,1,987,274,17,24,-1,-1,-1,-1
528,1,987,273,17,25,-1,-1,-1,-1
529,1,987,274,17,24,-1,-1,-1,-1
530,1,986,273,18,25,-1,-1,-1,-1
531,1,986,273,18,25,-1,-1,-1,-1
532,1,986,273,18,25,-1,-1,-1,-1
533,1,986,273,17,24,-1,-1,-1,-1
534,1,986,273,17,25,-1,-1,-1,-1
535,1,986,273,17,24,-1,-1,-1,-1
536,1,986,273,17,24,-1,-1,-1,-1
537,1,985,273,18,24,-1,-1,-1,-1
538,1,986,273,17,24,-1,-1,-1,-1
539,1,986,273,17,25,-1,-1,-1,-1
540,1,986,273,17,24,-1,-1,-1,-1
541,1,985,272,17,25,-1,-1,-1,-1
542,1,986,272,17,26,-1,-1,-1,-1
543,1,986,273,16,24,-1,-1,-1,-1
544,1,986,272,17,26,-1,-1,-1,-1
545,1,986,273,17,24,-1,-1,-1,-1
546,1,985,273,17,25,-1,-1,-1,-1
547,1,985,273,18,25,-1,-1,-1,-1
548,1,986,273,17,25,-1,-1,-1,-1
549,1,985,273,18,24,-1,-1,-1,-1
550,1,986,273,17,24,-1,-1,-1,-1
551,1,986,272,17,25,-1,-1,-1,-1
552,1,986,273,17,24,-1,-1,-1,-1
553,1,986,273,18,24,-1,-1,-1,-1
554,1,986,273,18,24,-1,-1,-1,-1
555,1,986,273,17,24,-1,-1,-1,-1
556,1,987,273,17,24,-1,-1,-1,-1
557,1,986,273,17,24,-1,-1,-1,-1
558,1,986,273,18,24,-1,-1,-1,-1
559,1,987,273,16,24,-1,-1,-1,-1
560,1,987,273,17,24,-1,-1,-1,-1
561,1,987,273,17,24,-1,-1,-1,-1
562,1,987,273,17,24,-1,-1,-1,-1
563,1,987,273,17,24,-1,-1,-1,-1
564,1,986,273,17,24,-1,-1,-1,-1
565,1,987,273,16,24,-1,-1,-1,-1
566,1,987,273,16,24,-1,-1,-1,-1
567,1,986,272,17,25,-1,-1,-1,-1
568,1,986,273,17,24,-1,-1,-1,-1
569,1,986,273,18,24,-1,-1,-1,-1
570,1,986,274,18,23,-1,-1,-1,-1
571,1,987,273,17,25,-1,-1,-1,-1
572,1,986,273,18,24,-1,-1,-1,-1
573,1,987,273,17,24,-1,-1,-1,-1
574,1,987,272,17,26,-1,-1,-1,-1
575,1,987,273,17,25,-1,-1,-1,-1
576,1,986,272,18,26,-1,-1,-1,-1
577,1,986,272,18,26,-1,-1,-1,-1
578,1,987,271,17,27,-1,-1,-1,-1
579,1,987,271,17,27,-1,-1,-1,-1
580,1,986,271,18,27,-1,-1,-1,-1
581,1,987,271,17,27,-1,-1,-1,-1
582,1,987,271,18,27,-1,-1,-1,-1
583,1,987,271,18,27,-1,-1,-1,-1
584,1,987,272,18,27,-1,-1,-1,-1
585,1,987,272,18,26,-1,-1,-1,-1
586,1,987,272,18,26,-1,-1,-1,-1
587,1,987,272,18,26,-1,-1,-1,-1
588,1,986,272,19,27,-1,-1,-1,-1
589,1,986,272,19,27,-1,-1,-1,-1
590,1,986,273,19,26,-1,-1,-1,-1
591,1,987,272,17,26,-1,-1,-1,-1
592,1,987,272,17,26,-1,-1,-1,-1
593,1,986,272,18,26,-1,-1,-1,-1
594,1,986,272,17,25,-1,-1,-1,-1
595,1,986,273,17,24,-1,-1,-1,-1
596,1,986,273,17,24,-1,-1,-1,-1
597,1,986,274,17,23,-1,-1,-1,-1
598,1,986,275,17,22,-1,-1,-1,-1
599,1,986,275,17,22,-1,-1,-1,-1
600,1,987,274,16,23,-1,-1,-1,-1
601,1,986,275,17,21,-1,-1,-1,-1
602,1,986,275,17,22,-1,-1,-1,-1
603,1,986,275,17,22,-1,-1,-1,-1
604,1,985,275,17,21,-1,-1,-1,-1
605,1,985,273,17,23,-1,-1,-1,-1
606,1,984,273,17,23,-1,-1,-1,-1
607,1,984,272,17,24,-1,-1,-1,-1
608,1,983,272,18,25,-1,-1,-1,-1
627,1,984,271,16,25,-1,-1,-1,-1
628,1,984,271,17,24,-1,-1,-1,-1
629,1,984,272,16,23,-1,-1,-1,-1
630,1,985,272,16,24,-1,-1,-1,-1
639,5,713,484,27,29,-1,-1,-1,-1
640,5,715,483,26,31,-1,-1,-1,-1
641,5,714,483,27,30,-1,-1,-1,-1
642,5,715,483,26,30,-1,-1,-1,-1
643,5,715,482,26,32,-1,-1,-1,-1
644,5,715,482,25,32,-1,-1,-1,-1
645,5,714,482,26,31,-1,-1,-1,-1
646,5,714,481,25,30,-1,-1,-1,-1
647,5,713,481,26,30,-1,-1,-1,-1
648,5,713,481,26,30,-1,-1,-1,-1
649,5,713,482,25,29,-1,-1,-1,-1
650,5,712,481,26,29,-1,-1,-1,-1
651,5,711,482,27,28,-1,-1,-1,-1
652,5,711,483,27,28,-1,-1,-1,-1
653,5,711,482,26,28,-1,-1,-1,-1
654,5,711,482,27,28,-1,-1,-1,-1
655,5,711,482,26,27,-1,-1,-1,-1
656,5,711,482,27,27,-1,-1,-1,-1
657,5,711,482,27,28,-1,-1,-1,-1
658,5,711,482,28,28,-1,-1,-1,-1
659,5,711,482,26,28,-1,-1,-1,-1
660,5,711,482,28,28,-1,-1,-1,-1
661,5,711,482,27,28,-1,-1,-1,-1
662,5,711,482,27,28,-1,-1,-1,-1
663,5,711,482,28,29,-1,-1,-1,-1
664,5,711,482,27,29,-1,-1,-1,-1
665,5,711,482,28,28,-1,-1,-1,-1
666,5,711,482,27,28,-1,-1,-1,-1
667,5,711,482,27,28,-1,-1,-1,-1
668,5,711,481,27,29,-1,-1,-1,-1
669,5,711,482,27,28,-1,-1,-1,-1
670,5,711,482,28,28,-1,-1,-1,-1
671,5,710,482,28,31,-1,-1,-1,-1
672,5,711,481,26,29,-1,-1,-1,-1
673,5,711,481,26,28,-1,-1,-1,-1
674,5,711,481,27,28,-1,-1,-1,-1
675,5,711,481,26,28,-1,-1,-1,-1
676,5,710,481,27,28,-1,-1,-1,-1
677,5,711,482,26,27,-1,-1,-1,-1
678,5,710,481,27,28,-1,-1,-1,-1
679,5,711,481,27,29,-1,-1,-1,-1
680,5,710,481,27,28,-1,-1,-1,-1
681,5,710,481,27,28,-1,-1,-1,-1
682,5,710,483,28,30,-1,-1,-1,-1
683,5,710,482,28,28,-1,-1,-1,-1
684,5,711,482,27,27,-1,-1,-1,-1
685,5,711,482,28,28,-1,-1,-1,-1
686,5,711,482,28,28,-1,-1,-1,-1
687,5,709,482,29,30,-1,-1,-1,-1
688,5,711,482,28,28,-1,-1,-1,-1
689,5,711,482,27,28,-1,-1,-1,-1
690,5,711,482,28,28,-1,-1,-1,-1
691,5,709,482,28,30,-1,-1,-1,-1
692,5,711,482,28,28,-1,-1,-1,-1
693,5,710,482,27,30,-1,-1,-1,-1
694,5,709,483,28,31,-1,-1,-1,-1
695,5,711,483,28,28,-1,-1,-1,-1
696,5,709,482,28,31,-1,-1,-1,-1
697,5,709,482,28,31,-1,-1,-1,-1
698,5,710,482,29,28,-1,-1,-1,-1
699,5,711,482,28,28,-1,-1,-1,-1
700,5,711,482,28,28,-1,-1,-1,-1
701,5,711,482,28,28,-1,-1,-1,-1
702,5,709,483,28,31,-1,-1,-1,-1
703,5,710,483,27,33,-1,-1,-1,-1
704,5,711,484,26,31,-1,-1,-1,-1
705,5,711,483,28,27,-1,-1,-1,-1
706,5,710,483,27,30,-1,-1,-1,-1
707,5,709,483,28,31,-1,-1,-1,-1
708,5,709,483,28,32,-1,-1,-1,-1
709,5,709,483,29,31,-1,-1,-1,-1
710,5,713,483,26,28,-1,-1,-1,-1
711,5,712,483,27,29,-1,-1,-1,-1
712,5,709,484,28,31,-1,-1,-1,-1
713,5,709,484,28,32,-1,-1,-1,-1
714,5,711,484,27,28,-1,-1,-1,-1
715,5,711,484,27,29,-1,-1,-1,-1
742,6,703,484,28,31,-1,-1,-1,-1
743,6,703,484,28,31,-1,-1,-1,-1
744,6,703,484,28,30,-1,-1,-1,-1
745,6,702,483,29,30,-1,-1,-1,-1
746,6,702,483,29,30,-1,-1,-1,-1
785,7,704,479,35,41,-1,-1,-1,-1
786,7,704,479,35,41,-1,-1,-1,-1
787,7,704,479,35,42,-1,-1,-1,-1
788,7,704,479,35,42,-1,-1,-1,-1
789,7,705,479,34,42,-1,-1,-1,-1
643,1,986,273,17,23,-1,-1,-1,-1
644,1,985,274,17,23,-1,-1,-1,-1
645,1,986,274,16,23,-1,-1,-1,-1
646,1,986,275,17,22,-1,-1,-1,-1
647,1,986,275,17,22,-1,-1,-1,-1
648,1,986,274,17,23,-1,-1,-1,-1
649,1,987,273,17,25,-1,-1,-1,-1
650,1,986,274,18,24,-1,-1,-1,-1
651,1,986,274,18,24,-1,-1,-1,-1
652,1,987,273,17,25,-1,-1,-1,-1
653,1,987,273,17,25,-1,-1,-1,-1
654,1,987,273,17,25,-1,-1,-1,-1
655,1,986,272,18,26,-1,-1,-1,-1
656,1,987,272,17,26,-1,-1,-1,-1
657,1,987,272,17,26,-1,-1,-1,-1
658,1,987,272,17,27,-1,-1,-1,-1
659,1,987,271,17,27,-1,-1,-1,-1
660,1,987,272,17,27,-1,-1,-1,-1
661,1,987,271,17,27,-1,-1,-1,-1
662,1,987,271,17,27,-1,-1,-1,-1
663,1,987,272,17,26,-1,-1,-1,-1
664,1,987,272,17,26,-1,-1,-1,-1
665,1,987,273,17,25,-1,-1,-1,-1
666,1,987,274,17,25,-1,-1,-1,-1
667,1,987,274,17,25,-1,-1,-1,-1
668,1,987,273,17,25,-1,-1,-1,-1
669,1,987,274,17,24,-1,-1,-1,-1
670,1,987,273,17,25,-1,-1,-1,-1
671,1,987,274,17,24,-1,-1,-1,-1
672,1,987,273,17,25,-1,-1,-1,-1
673,1,987,273,17,25,-1,-1,-1,-1
674,1,987,273,17,25,-1,-1,-1,-1
675,1,987,273,17,25,-1,-1,-1,-1
676,1,987,272,17,26,-1,-1,-1,-1
677,1,986,272,18,26,-1,-1,-1,-1
678,1,986,272,18,26,-1,-1,-1,-1
679,1,986,273,18,25,-1,-1,-1,-1
680,1,987,273,17,25,-1,-1,-1,-1
681,1,987,273,17,25,-1,-1,-1,-1
682,1,987,273,17,25,-1,-1,-1,-1
683,1,987,273,17,25,-1,-1,-1,-1
684,1,986,273,17,25,-1,-1,-1,-1
685,1,986,273,17,25,-1,-1,-1,-1
686,1,986,273,17,25,-1,-1,-1,-1
687,1,986,273,17,25,-1,-1,-1,-1
688,1,986,273,17,24,-1,-1,-1,-1
689,1,986,273,17,24,-1,-1,-1,-1
690,1,986,273,17,24,-1,-1,-1,-1
691,1,986,273,17,24,-1,-1,-1,-1
692,1,986,273,17,24,-1,-1,-1,-1
693,1,986,273,17,24,-1,-1,-1,-1
694,1,986,272,17,25,-1,-1,-1,-1
695,1,986,273,17,24,-1,-1,-1,-1
696,1,986,273,17,24,-1,-1,-1,-1
697,1,986,273,17,24,-1,-1,-1,-1
698,1,986,273,17,24,-1,-1,-1,-1
699,1,986,272,17,25,-1,-1,-1,-1
700,1,986,273,17,24,-1,-1,-1,-1
701,1,987,272,16,25,-1,-1,-1,-1
702,1,986,272,17,25,-1,-1,-1,-1
703,1,986,272,17,25,-1,-1,-1,-1
704,1,986,273,17,24,-1,-1,-1,-1
705,1,986,273,17,24,-1,-1,-1,-1
706,1,986,272,18,26,-1,-1,-1,-1
707,1,987,272,17,26,-1,-1,-1,-1
708,1,987,272,17,26,-1,-1,-1,-1
709,1,986,271,18,27,-1,-1,-1,-1
710,1,987,271,17,27,-1,-1,-1,-1
711,1,987,271,17,27,-1,-1,-1,-1
712,1,987,271,17,26,-1,-1,-1,-1
713,1,987,270,17,28,-1,-1,-1,-1
714,1,987,271,17,26,-1,-1,-1,-1
715,1,987,271,17,27,-1,-1,-1,-1
716,1,987,271,18,27,-1,-1,-1,-1
717,1,987,271,18,27,-1,-1,-1,-1
718,1,987,271,18,27,-1,-1,-1,-1
719,1,987,271,18,27,-1,-1,-1,-1
720,1,987,271,18,27,-1,-1,-1,-1
721,1,987,270,18,28,-1,-1,-1,-1
722,1,988,270,17,28,-1,-1,-1,-1
723,1,987,270,18,28,-1,-1,-1,-1
724,1,987,271,19,28,-1,-1,-1,-1
725,1,987,271,18,27,-1,-1,-1,-1
726,1,987,271,18,28,-1,-1,-1,-1
727,1,987,271,19,28,-1,-1,-1,-1
728,1,988,271,18,27,-1,-1,-1,-1
729,1,987,271,19,27,-1,-1,-1,-1
730,1,988,270,18,28,-1,-1,-1,-1
731,1,987,270,19,28,-1,-1,-1,-1
732,1,988,270,17,28,-1,-1,-1,-1
733,1,987,271,19,27,-1,-1,-1,-1
734,1,988,271,18,27,-1,-1,-1,-1
735,1,988,271,18,27,-1,-1,-1,-1
736,1,987,271,19,27,-1,-1,-1,-1
737,1,987,270,19,27,-1,-1,-1,-1
738,1,988,271,18,26,-1,-1,-1,-1
739,1,987,270,19,28,-1,-1,-1,-1
740,1,988,271,18,27,-1,-1,-1,-1
741,1,988,271,18,27,-1,-1,-1,-1
742,1,988,271,18,27,-1,-1,-1,-1
743,1,988,271,18,27,-1,-1,-1,-1
744,1,988,270,17,28,-1,-1,-1,-1
745,1,988,270,17,28,-1,-1,-1,-1
746,1,987,270,19,28,-1,-1,-1,-1
747,1,987,270,19,28,-1,-1,-1,-1
748,1,987,270,19,28,-1,-1,-1,-1
749,1,987,270,19,28,-1,-1,-1,-1
750,1,987,270,18,28,-1,-1,-1,-1
751,1,987,270,19,28,-1,-1,-1,-1
752,1,988,271,18,27,-1,-1,-1,-1
753,1,988,270,18,28,-1,-1,-1,-1
754,1,988,270,18,28,-1,-1,-1,-1
755,1,988,270,18,28,-1,-1,-1,-1
756,1,988,270,18,28,-1,-1,-1,-1
757,1,988,270,18,28,-1,-1,-1,-1
758,1,988,270,18,28,-1,-1,-1,-1
759,1,988,271,18,27,-1,-1,-1,-1
760,1,987,271,19,27,-1,-1,-1,-1
761,1,988,270,18,27,-1,-1,-1,-1
762,1,988,270,18,28,-1,-1,-1,-1
763,1,988,270,18,28,-1,-1,-1,-1
764,1,988,270,17,28,-1,-1,-1,-1
765,1,988,270,17,28,-1,-1,-1,-1
766,1,988,271,17,27,-1,-1,-1,-1
767,1,987,270,18,28,-1,-1,-1,-1
768,1,988,270,17,28,-1,-1,-1,-1
769,1,988,270,17,28,-1,-1,-1,-1
770,1,987,271,18,27,-1,-1,-1,-1
771,1,987,270,18,28,-1,-1,-1,-1
772,1,987,270,18,28,-1,-1,-1,-1
773,1,987,270,18,28,-1,-1,-1,-1
774,1,987,270,18,28,-1,-1,-1,-1
775,1,987,270,18,28,-1,-1,-1,-1
776,1,987,271,18,27,-1,-1,-1,-1
777,1,987,271,18,27,-1,-1,-1,-1
778,1,987,270,18,28,-1,-1,-1,-1
779,1,987,270,18,28,-1,-1,-1,-1
780,1,987,270,18,28,-1,-1,-1,-1
781,1,987,270,18,28,-1,-1,-1,-1
782,1,987,270,18,28,-1,-1,-1,-1
783,1,987,271,18,27,-1,-1,-1,-1
784,1,987,270,18,28,-1,-1,-1,-1
785,1,987,270,18,28,-1,-1,-1,-1
786,1,987,270,18,28,-1,-1,-1,-1
787,1,987,270,18,28,-1,-1,-1,-1
788,1,987,270,18,28,-1,-1,-1,-1
789,1,987,270,18,28,-1,-1,-1,-1
790,1,987,270,18,28,-1,-1,-1,-1
791,1,987,269,18,29,-1,-1,-1,-1
792,1,987,269,18,29,-1,-1,-1,-1
793,1,987,269,18,29,-1,-1,-1,-1
794,1,987,269,18,29,-1,-1,-1,-1
795,1,987,269,18,29,-1,-1,-1,-1
796,1,987,269,18,29,-1,-1,-1,-1
797,1,987,269,18,28,-1,-1,-1,-1
798,1,987,270,18,27,-1,-1,-1,-1
799,1,987,270,18,27,-1,-1,-1,-1
800,1,987,270,18,27,-1,-1,-1,-1
801,1,987,270,18,27,-1,-1,-1,-1
802,1,987,270,18,28,-1,-1,-1,-1
803,1,987,269,18,29,-1,-1,-1,-1
804,1,987,270,18,28,-1,-1,-1,-1
805,1,987,270,18,27,-1,-1,-1,-1
806,1,987,270,18,28,-1,-1,-1,-1
807,1,987,269,18,29,-1,-1,-1,-1
808,1,987,269,18,28,-1,-1,-1,-1
809,1,987,269,18,29,-1,-1,-1,-1
810,1,987,270,18,28,-1,-1,-1,-1
811,1,986,270,19,28,-1,-1,-1,-1
812,1,987,270,18,28,-1,-1,-1,-1
813,1,986,270,19,28,-1,-1,-1,-1
814,1,986,270,19,28,-1,-1,-1,-1
815,1,986,270,19,28,-1,-1,-1,-1
816,1,986,270,19,28,-1,-1,-1,-1
817,1,986,269,19,29,-1,-1,-1,-1
818,1,986,270,19,28,-1,-1,-1,-1
819,1,986,270,19,28,-1,-1,-1,-1
820,1,986,270,19,28,-1,-1,-1,-1
821,1,986,270,19,28,-1,-1,-1,-1
822,1,986,270,19,28,-1,-1,-1,-1
823,1,987,270,18,28,-1,-1,-1,-1
824,1,986,271,18,27,-1,-1,-1,-1
825,1,986,270,19,28,-1,-1,-1,-1
826,1,986,270,19,28,-1,-1,-1,-1
827,1,986,270,19,28,-1,-1,-1,-1
828,1,986,270,19,28,-1,-1,-1,-1
829,1,986,269,19,29,-1,-1,-1,-1
830,1,986,270,19,28,-1,-1,-1,-1
831,1,986,270,19,28,-1,-1,-1,-1
832,1,986,270,19,28,-1,-1,-1,-1
833,1,987,270,18,28,-1,-1,-1,-1
834,1,987,270,18,28,-1,-1,-1,-1
835,1,987,270,18,28,-1,-1,-1,-1
836,1,987,269,18,29,-1,-1,-1,-1
837,1,986,269,19,29,-1,-1,-1,-1
838,1,987,270,18,28,-1,-1,-1,-1
839,1,987,269,18,29,-1,-1,-1,-1
840,1,987,269,18,28,-1,-1,-1,-1
841,1,987,269,18,29,-1,-1,-1,-1
842,1,987,269,18,28,-1,-1,-1,-1
843,1,987,270,18,27,-1,-1,-1,-1
844,1,987,270,18,27,-1,-1,-1,-1
845,1,987,270,18,28,-1,-1,-1,-1
846,1,987,270,18,28,-1,-1,-1,-1
847,1,987,270,18,27,-1,-1,-1,-1
848,1,987,270,18,28,-1,-1,-1,-1
849,1,987,271,18,27,-1,-1,-1,-1
850,1,987,271,18,27,-1,-1,-1,-1
851,1,987,271,18,27,-1,-1,-1,-1
852,1,987,271,18,27,-1,-1,-1,-1
853,1,987,271,18,27,-1,-1,-1,-1
854,1,987,270,18,28,-1,-1,-1,-1
855,1,987,271,18,27,-1,-1,-1,-1
856,1,987,271,18,27,-1,-1,-1,-1
857,1,987,271,18,27,-1,-1,-1,-1
858,1,987,271,18,27,-1,-1,-1,-1
859,1,988,272,17,27,-1,-1,-1,-1
860,1,987,272,18,27,-1,-1,-1,-1
861,1,987,272,18,27,-1,-1,-1,-1
862,1,987,273,18,26,-1,-1,-1,-1
863,1,988,273,17,26,-1,-1,-1,-1
864,1,987,273,18,26,-1,-1,-1,-1
865,1,988,273,17,25,-1,-1,-1,-1
866,1,987,273,18,25,-1,-1,-1,-1
867,1,987,273,18,25,-1,-1,-1,-1
868,1,987,272,17,26,-1,-1,-1,-1
869,1,987,272,17,26,-1,-1,-1,-1
870,1,987,271,17,27,-1,-1,-1,-1
871,1,987,272,17,26,-1,-1,-1,-1
872,1,987,272,17,26,-1,-1,-1,-1
873,1,987,272,18,26,-1,-1,-1,-1
874,1,987,273,18,26,-1,-1,-1,-1
875,1,987,272,17,26,-1,-1,-1,-1
876,1,987,272,17,26,-1,-1,-1,-1
877,1,987,274,17,24,-1,-1,-1,-1
878,1,987,273,17,25,-1,-1,-1,-1
879,1,986,274,18,24,-1,-1,-1,-1
880,1,986,274,18,24,-1,-1,-1,-1
881,1,986,274,17,23,-1,-1,-1,-1
882,1,986,275,17,22,-1,-1,-1,-1
883,1,986,274,17,23,-1,-1,-1,-1
884,1,986,273,18,23,-1,-1,-1,-1
885,1,985,273,19,23,-1,-1,-1,-1
886,1,984,274,18,22,-1,-1,-1,-1
751,6,702,484,28,29,-1,-1,-1,-1
752,6,702,483,27,30,-1,-1,-1,-1
753,6,702,483,28,29,-1,-1,-1,-1
754,6,703,483,27,28,-1,-1,-1,-1
755,6,704,483,27,29,-1,-1,-1,-1
756,6,705,483,26,28,-1,-1,-1,-1
757,6,704,483,27,28,-1,-1,-1,-1
758,6,704,483,26,28,-1,-1,-1,-1
759,6,703,482,25,26,-1,-1,-1,-1
760,6,704,482,27,28,-1,-1,-1,-1
761,6,704,481,27,29,-1,-1,-1,-1
762,6,704,481,27,29,-1,-1,-1,-1
763,6,705,481,27,29,-1,-1,-1,-1
764,6,705,481,27,30,-1,-1,-1,-1
765,6,705,480,27,30,-1,-1,-1,-1
766,6,704,480,28,31,-1,-1,-1,-1
767,6,704,480,28,30,-1,-1,-1,-1
768,6,705,480,27,30,-1,-1,-1,-1
769,6,707,480,26,30,-1,-1,-1,-1
770,6,707,480,26,30,-1,-1,-1,-1
771,6,707,480,26,30,-1,-1,-1,-1
772,6,709,479,24,27,-1,-1,-1,-1
773,6,707,479,27,30,-1,-1,-1,-1
774,6,708,479,26,30,-1,-1,-1,-1
775,6,708,479,26,30,-1,-1,-1,-1
776,6,708,479,26,30,-1,-1,-1,-1
777,6,707,478,28,31,-1,-1,-1,-1
778,6,706,478,31,33,-1,-1,-1,-1
779,6,708,477,25,29,-1,-1,-1,-1
780,6,707,478,28,31,-1,-1,-1,-1
781,6,706,477,30,32,-1,-1,-1,-1
782,6,707,477,27,29,-1,-1,-1,-1
783,6,708,478,25,28,-1,-1,-1,-1
784,6,707,478,29,32,-1,-1,-1,-1
785,6,708,478,26,28,-1,-1,-1,-1
786,6,708,478,25,28,-1,-1,-1,-1
787,6,708,478,25,28,-1,-1,-1,-1
788,6,708,479,25,28,-1,-1,-1,-1
789,6,708,478,25,28,-1,-1,-1,-1
790,6,708,478,25,28,-1,-1,-1,-1
791,6,708,479,25,27,-1,-1,-1,-1
792,6,709,479,25,30,-1,-1,-1,-1
793,6,708,479,26,30,-1,-1,-1,-1
794,6,707,479,27,30,-1,-1,-1,-1
795,6,707,478,27,31,-1,-1,-1,-1
796,6,707,479,27,30,-1,-1,-1,-1
797,6,708,479,26,30,-1,-1,-1,-1
798,6,707,478,27,31,-1,-1,-1,-1
799,6,707,479,26,30,-1,-1,-1,-1
800,6,707,479,26,29,-1,-1,-1,-1
801,6,708,479,26,29,-1,-1,-1,-1
802,6,707,479,27,30,-1,-1,-1,-1
803,6,707,479,26,30,-1,-1,-1,-1
804,6,706,479,28,29,-1,-1,-1,-1
805,6,705,479,29,30,-1,-1,-1,-1
806,6,703,480,30,29,-1,-1,-1,-1
807,6,703,481,29,28,-1,-1,-1,-1
808,6,703,481,29,28,-1,-1,-1,-1
809,6,704,480,24,27,-1,-1,-1,-1
810,6,704,480,24,28,-1,-1,-1,-1
811,6,703,480,23,27,-1,-1,-1,-1
812,6,702,481,25,27,-1,-1,-1,-1
813,6,701,482,24,26,-1,-1,-1,-1
814,6,700,481,24,26,-1,-1,-1,-1
815,6,700,481,24,26,-1,-1,-1,-1
816,6,700,481,24,25,-1,-1,-1,-1
817,6,699,482,25,28,-1,-1,-1,-1
818,6,698,481,26,29,-1,-1,-1,-1
819,6,697,481,25,29,-1,-1,-1,-1
820,6,697,481,26,31,-1,-1,-1,-1
821,6,697,479,23,29,-1,-1,-1,-1
822,6,695,479,24,29,-1,-1,-1,-1
823,6,693,481,27,27,-1,-1,-1,-1
824,6,696,481,26,31,-1,-1,-1,-1
825,6,694,479,26,32,-1,-1,-1,-1
826,6,693,479,27,32,-1,-1,-1,-1
827,6,690,478,30,33,-1,-1,-1,-1
828,6,693,478,26,34,-1,-1,-1,-1
829,6,692,479,27,32,-1,-1,-1,-1
830,6,692,477,27,35,-1,-1,-1,-1
831,6,692,478,27,33,-1,-1,-1,-1
832,6,692,478,27,34,-1,-1,-1,-1
833,6,692,478,26,33,-1,-1,-1,-1
834,6,692,478,27,34,-1,-1,-1,-1
835,6,692,478,27,35,-1,-1,-1,-1
836,6,692,478,27,36,-1,-1,-1,-1
837,6,692,477,26,36,-1,-1,-1,-1
838,6,692,478,26,36,-1,-1,-1,-1
839,6,691,478,27,35,-1,-1,-1,-1
840,6,692,478,26,37,-1,-1,-1,-1
841,6,689,479,27,31,-1,-1,-1,-1
842,6,689,477,27,35,-1,-1,-1,-1
843,6,689,478,26,33,-1,-1,-1,-1
844,6,688,479,26,32,-1,-1,-1,-1
845,6,686,479,27,35,-1,-1,-1,-1
846,6,686,480,26,35,-1,-1,-1,-1
847,6,686,480,25,35,-1,-1,-1,-1
848,6,686,480,25,35,-1,-1,-1,-1
849,6,685,480,25,34,-1,-1,-1,-1
850,6,687,479,22,32,-1,-1,-1,-1
851,6,685,479,24,33,-1,-1,-1,-1
852,6,684,479,25,32,-1,-1,-1,-1
853,6,683,479,23,31,-1,-1,-1,-1
854,6,683,479,23,31,-1,-1,-1,-1
855,6,684,477,24,32,-1,-1,-1,-1
856,6,684,477,24,32,-1,-1,-1,-1
857,6,682,477,27,32,-1,-1,-1,-1
858,6,684,476,26,32,-1,-1,-1,-1
859,6,684,475,26,33,-1,-1,-1,-1
860,6,684,475,27,32,-1,-1,-1,-1
861,6,684,474,26,33,-1,-1,-1,-1
862,6,682,472,26,34,-1,-1,-1,-1
863,6,683,474,26,37,-1,-1,-1,-1
864,6,682,473,27,34,-1,-1,-1,-1
865,6,681,472,26,36,-1,-1,-1,-1
866,6,682,473,26,34,-1,-1,-1,-1
867,6,680,473,26,34,-1,-1,-1,-1
868,6,680,473,25,34,-1,-1,-1,-1
869,6,681,473,26,34,-1,-1,-1,-1
870,6,681,473,26,34,-1,-1,-1,-1
871,6,681,473,26,35,-1,-1,-1,-1
872,6,680,472,27,35,-1,-1,-1,-1
873,6,681,472,25,35,-1,-1,-1,-1
874,6,681,472,25,34,-1,-1,-1,-1
875,6,682,473,25,34,-1,-1,-1,-1
876,6,683,474,25,32,-1,-1,-1,-1
877,6,682,473,26,33,-1,-1,-1,-1
878,6,682,473,27,34,-1,-1,-1,-1
879,6,683,474,25,33,-1,-1,-1,-1
880,6,682,474,27,33,-1,-1,-1,-1
881,6,683,474,26,32,-1,-1,-1,-1
882,6,683,474,26,32,-1,-1,-1,-1
883,6,683,474,25,33,-1,-1,-1,-1
884,6,682,475,25,32,-1,-1,-1,-1
885,6,683,475,25,33,-1,-1,-1,-1
886,6,682,476,25,31,-1,-1,-1,-1
887,6,682,476,25,31,-1,-1,-1,-1
888,6,684,475,24,32,-1,-1,-1,-1
889,6,684,476,24,31,-1,-1,-1,-1
890,6,684,476,24,31,-1,-1,-1,-1
891,6,683,476,26,32,-1,-1,-1,-1
892,6,684,476,26,31,-1,-1,-1,-1
893,6,683,475,26,32,-1,-1,-1,-1
894,6,684,474,25,32,-1,-1,-1,-1
895,6,685,478,25,34,-1,-1,-1,-1
896,6,685,479,25,35,-1,-1,-1,-1
897,6,685,478,26,35,-1,-1,-1,-1
898,6,683,478,27,33,-1,-1,-1,-1
899,6,686,479,24,33,-1,-1,-1,-1
900,6,688,481,24,28,-1,-1,-1,-1
906,10,986,274,18,24,-1,-1,-1,-1
907,10,986,274,18,24,-1,-1,-1,-1
908,10,987,274,17,24,-1,-1,-1,-1
909,10,986,274,18,24,-1,-1,-1,-1
910,10,986,274,18,25,-1,-1,-1,-1
911,10,987,274,17,25,-1,-1,-1,-1
912,10,987,275,17,24,-1,-1,-1,-1
913,10,987,275,17,24,-1,-1,-1,-1
914,10,987,274,17,25,-1,-1,-1,-1
915,10,987,274,17,25,-1,-1,-1,-1
916,10,986,275,18,24,-1,-1,-1,-1
917,10,987,275,17,24,-1,-1,-1,-1
918,10,987,274,17,25,-1,-1,-1,-1
919,10,986,272,18,27,-1,-1,-1,-1
920,10,987,273,17,26,-1,-1,-1,-1
921,10,987,273,17,26,-1,-1,-1,-1
922,10,987,272,17,26,-1,-1,-1,-1
923,10,986,274,18,25,-1,-1,-1,-1
924,10,987,274,17,25,-1,-1,-1,-1
925,10,987,275,17,24,-1,-1,-1,-1
926,10,987,275,17,24,-1,-1,-1,-1
927,10,987,275,17,24,-1,-1,-1,-1
928,10,987,275,16,23,-1,-1,-1,-1
929,10,987,274,16,24,-1,-1,-1,-1
930,10,987,274,17,24,-1,-1,-1,-1
931,10,986,274,17,24,-1,-1,-1,-1
932,10,986,274,17,23,-1,-1,-1,-1
933,10,986,274,16,23,-1,-1,-1,-1
934,10,986,274,16,23,-1,-1,-1,-1
935,10,985,274,17,23,-1,-1,-1,-1
936,10,986,272,17,24,-1,-1,-1,-1
962,1,984,274,18,24,-1,-1,-1,-1
963,1,985,274,18,22,-1,-1,-1,-1
964,1,985,275,17,22,-1,-1,-1,-1
965,1,986,274,17,23,-1,-1,-1,-1
966,1,986,274,17,23,-1,-1,-1,-1
967,1,986,274,17,23,-1,-1,-1,-1
968,1,986,274,17,23,-1,-1,-1,-1
969,1,986,274,17,23,-1,-1,-1,-1
970,1,986,274,17,23,-1,-1,-1,-1
971,1,986,273,17,24,-1,-1,-1,-1
972,1,986,274,17,23,-1,-1,-1,-1
973,1,986,274,17,23,-1,-1,-1,-1
974,1,986,274,17,23,-1,-1,-1,-1
975,1,986,274,17,24,-1,-1,-1,-1
976,1,986,274,17,24,-1,-1,-1,-1
977,1,986,274,17,24,-1,-1,-1,-1
978,1,986,273,18,25,-1,-1,-1,-1
979,1,986,274,18,24,-1,-1,-1,-1
980,1,986,273,18,25,-1,-1,-1,-1
981,1,986,273,18,25,-1,-1,-1,-1
982,1,986,273,18,25,-1,-1,-1,-1
983,1,986,273,18,25,-1,-1,-1,-1
984,1,986,273,18,25,-1,-1,-1,-1
985,1,986,273,18,24,-1,-1,-1,-1
986,1,986,273,18,25,-1,-1,-1,-1
987,1,986,273,18,25,-1,-1,-1,-1
988,1,987,273,17,25,-1,-1,-1,-1
989,1,986,274,18,24,-1,-1,-1,-1
990,1,987,274,17,24,-1,-1,-1,-1
991,1,987,274,17,24,-1,-1,-1,-1
992,1,987,274,17,24,-1,-1,-1,-1
993,1,987,274,17,24,-1,-1,-1,-1
994,1,987,275,17,23,-1,-1,-1,-1
995,1,987,275,17,24,-1,-1,-1,-1
996,1,987,275,16,24,-1,-1,-1,-1
997,1,987,275,17,23,-1,-1,-1,-1
998,1,987,276,17,23,-1,-1,-1,-1
999,1,987,276,17,23,-1,-1,-1,-1
1000,1,987,275,17,24,-1,-1,-1,-1
1001,1,987,274,17,25,-1,-1,-1,-1
1002,1,987,274,17,25,-1,-1,-1,-1
1003,1,987,274,17,24,-1,-1,-1,-1
1004,1,987,274,17,24,-1,-1,-1,-1
1005,1,987,274,17,25,-1,-1,-1,-1
1006,1,987,274,17,25,-1,-1,-1,-1
1007,1,987,274,17,24,-1,-1,-1,-1
1008,1,987,274,17,25,-1,-1,-1,-1
1009,1,987,274,17,24,-1,-1,-1,-1
1010,1,987,275,17,24,-1,-1,-1,-1
1011,1,987,274,17,25,-1,-1,-1,-1
1012,1,987,274,17,25,-1,-1,-1,-1
1013,1,987,274,17,25,-1,-1,-1,-1
1014,1,987,274,17,25,-1,-1,-1,-1
1015,1,987,274,17,25,-1,-1,-1,-1
1016,1,987,273,17,26,-1,-1,-1,-1
1017,1,987,273,17,25,-1,-1,-1,-1
1018,1,987,273,17,26,-1,-1,-1,-1
1019,1,987,273,17,26,-1,-1,-1,-1
1020,1,987,273,17,25,-1,-1,-1,-1
1021,1,987,273,17,26,-1,-1,-1,-1
1022,1,987,274,17,24,-1,-1,-1,-1
1023,1,987,274,17,24,-1,-1,-1,-1
1024,1,987,275,17,24,-1,-1,-1,-1
1025,1,987,274,17,24,-1,-1,-1,-1
1026,1,987,274,17,24,-1,-1,-1,-1
1027,1,987,274,16,24,-1,-1,-1,-1
1028,1,987,274,16,23,-1,-1,-1,-1
1080,10,986,273,16,24,-1,-1,-1,-1
1081,10,986,274,16,23,-1,-1,-1,-1
1082,10,986,274,17,23,-1,-1,-1,-1
1083,10,987,274,16,24,-1,-1,-1,-1
1084,10,987,275,16,23,-1,-1,-1,-1
1085,10,987,275,16,23,-1,-1,-1,-1
1086,10,987,275,16,23,-1,-1,-1,-1
1087,10,987,274,17,24,-1,-1,-1,-1
1088,10,987,275,17,24,-1,-1,-1,-1
1089,10,987,275,17,23,-1,-1,-1,-1
1090,10,987,276,17,23,-1,-1,-1,-1
1091,10,987,275,18,24,-1,-1,-1,-1
1092,10,987,276,18,23,-1,-1,-1,-1
1093,10,987,276,18,23,-1,-1,-1,-1
1094,10,987,276,18,23,-1,-1,-1,-1
1095,10,987,276,17,23,-1,-1,-1,-1
1096,10,987,276,17,23,-1,-1,-1,-1
1097,10,987,276,18,23,-1,-1,-1,-1
1098,10,987,275,18,24,-1,-1,-1,-1
1099,10,987,275,17,24,-1,-1,-1,-1
1100,10,987,275,17,24,-1,-1,-1,-1
1101,10,987,275,18,24,-1,-1,-1,-1
1102,10,987,275,17,24,-1,-1,-1,-1
1103,10,987,276,17,23,-1,-1,-1,-1
1104,10,987,275,17,24,-1,-1,-1,-1
1105,10,987,275,17,23,-1,-1,-1,-1
1106,10,987,276,17,23,-1,-1,-1,-1
1107,10,987,274,18,25,-1,-1,-1,-1
1108,10,987,275,18,24,-1,-1,-1,-1
1109,10,987,274,18,25,-1,-1,-1,-1
1110,10,987,274,18,24,-1,-1,-1,-1
1111,10,987,275,17,24,-1,-1,-1,-1
1112,10,987,274,17,24,-1,-1,-1,-1
1113,10,987,274,17,25,-1,-1,-1,-1
1114,10,987,274,18,24,-1,-1,-1,-1
1115,10,987,274,18,24,-1,-1,-1,-1
1116,10,987,275,17,23,-1,-1,-1,-1
1117,10,987,275,17,23,-1,-1,-1,-1
1118,10,987,274,17,24,-1,-1,-1,-1
1119,10,987,275,17,23,-1,-1,-1,-1
1120,10,986,274,18,24,-1,-1,-1,-1
1121,10,986,275,17,23,-1,-1,-1,-1
1122,10,986,275,18,23,-1,-1,-1,-1
1123,10,986,275,17,23,-1,-1,-1,-1
1124,10,986,275,17,23,-1,-1,-1,-1
1125,10,985,274,17,23,-1,-1,-1,-1
1126,10,985,274,16,23,-1,-1,-1,-1
1127,10,985,273,16,24,-1,-1,-1,-1
1128,10,985,274,16,23,-1,-1,-1,-1
1129,10,985,274,16,23,-1,-1,-1,-1
1130,10,985,274,16,23,-1,-1,-1,-1
1131,10,984,274,17,23,-1,-1,-1,-1
1132,10,985,274,16,23,-1,-1,-1,-1
1133,10,985,274,16,23,-1,-1,-1,-1
1134,10,985,275,16,22,-1,-1,-1,-1
1136,1,985,275,16,22,-1,-1,-1,-1
1137,1,985,275,16,22,-1,-1,-1,-1
1138,1,985,276,17,22,-1,-1,-1,-1
1139,1,985,275,17,22,-1,-1,-1,-1
1140,1,985,275,17,22,-1,-1,-1,-1
1141,1,985,275,17,22,-1,-1,-1,-1
1142,1,985,275,17,22,-1,-1,-1,-1
1143,1,986,275,16,22,-1,-1,-1,-1
1144,1,986,274,17,24,-1,-1,-1,-1
1145,1,986,274,17,23,-1,-1,-1,-1
1146,1,986,275,17,22,-1,-1,-1,-1
1147,1,987,275,17,22,-1,-1,-1,-1
1148,1,987,275,17,22,-1,-1,-1,-1
1149,1,987,275,17,22,-1,-1,-1,-1
1150,1,987,275,17,23,-1,-1,-1,-1
1151,1,987,274,17,23,-1,-1,-1,-1
1152,1,987,274,17,24,-1,-1,-1,-1
1153,1,987,275,17,23,-1,-1,-1,-1
1154,1,987,274,17,24,-1,-1,-1,-1
1155,1,987,274,18,25,-1,-1,-1,-1
1156,1,987,275,18,24,-1,-1,-1,-1
1157,1,987,275,18,24,-1,-1,-1,-1
1158,1,987,274,18,25,-1,-1,-1,-1
1159,1,987,274,18,24,-1,-1,-1,-1
1160,1,987,274,18,24,-1,-1,-1,-1
1161,1,988,274,17,24,-1,-1,-1,-1
1162,1,988,274,17,24,-1,-1,-1,-1
1163,1,988,274,17,25,-1,-1,-1,-1
1164,1,987,274,18,25,-1,-1,-1,-1
1165,1,987,274,18,25,-1,-1,-1,-1
1166,1,987,274,17,24,-1,-1,-1,-1
1167,1,987,274,18,25,-1,-1,-1,-1
1168,1,987,274,18,25,-1,-1,-1,-1
1169,1,987,273,18,25,-1,-1,-1,-1
1170,1,988,273,17,25,-1,-1,-1,-1
1171,1,987,274,17,24,-1,-1,-1,-1
1172,1,987,274,17,25,-1,-1,-1,-1
1173,1,987,274,18,25,-1,-1,-1,-1
1174,1,987,273,18,26,-1,-1,-1,-1
1175,1,988,274,17,25,-1,-1,-1,-1
1176,1,987,272,18,26,-1,-1,-1,-1
1177,1,987,274,17,25,-1,-1,-1,-1
1178,1,987,274,17,25,-1,-1,-1,-1
1179,1,987,273,17,26,-1,-1,-1,-1
1180,1,987,275,17,24,-1,-1,-1,-1
1181,1,987,272,17,27,-1,-1,-1,-1
1182,1,987,273,18,26,-1,-1,-1,-1
1183,1,987,272,17,27,-1,-1,-1,-1
1184,1,987,272,17,26,-1,-1,-1,-1
1185,1,987,273,17,25,-1,-1,-1,-1
1186,1,987,272,17,26,-1,-1,-1,-1
1187,1,987,274,17,24,-1,-1,-1,-1
1188,1,987,274,17,24,-1,-1,-1,-1
1189,1,987,274,17,24,-1,-1,-1,-1
1190,1,987,274,17,24,-1,-1,-1,-1
1191,1,987,274,16,24,-1,-1,-1,-1
1192,1,987,274,16,24,-1,-1,-1,-1
1193,1,987,274,17,24,-1,-1,-1,-1
1194,1,986,274,17,24,-1,-1,-1,-1
1195,1,986,274,17,24,-1,-1,-1,-1
1196,1,986,275,17,22,-1,-1,-1,-1
1197,1,986,275,16,22,-1,-1,-1,-1
1198,1,985,274,17,23,-1,-1,-1,-1
1199,1,985,275,17,22,-1,-1,-1,-1
1200,1,985,274,17,23,-1,-1,-1,-1
1201,1,985,273,17,23,-1,-1,-1,-1
1202,1,984,273,17,24,-1,-1,-1,-1
1208,10,985,271,15,25,-1,-1,-1,-1
1209,10,984,271,16,24,-1,-1,-1,-1
1210,10,984,271,16,25,-1,-1,-1,-1
1211,10,984,271,16,24,-1,-1,-1,-1
1212,10,983,271,17,24,-1,-1,-1,-1
1213,10,983,271,17,24,-1,-1,-1,-1
1214,10,983,270,16,25,-1,-1,-1,-1
1215,10,983,270,17,25,-1,-1,-1,-1
1216,10,983,270,17,25,-1,-1,-1,-1
1178,15,686,481,29,27,-1,-1,-1,-1
1179,15,687,482,28,27,-1,-1,-1,-1
1180,15,687,481,27,30,-1,-1,-1,-1
1181,15,686,481,28,29,-1,-1,-1,-1
1182,15,688,482,26,29,-1,-1,-1,-1
1183,15,689,482,24,31,-1,-1,-1,-1
1184,15,690,480,25,34,-1,-1,-1,-1
1185,15,688,480,27,29,-1,-1,-1,-1
1186,15,688,480,26,30,-1,-1,-1,-1
1187,15,688,479,26,30,-1,-1,-1,-1
1188,15,688,478,26,31,-1,-1,-1,-1
1189,15,689,479,25,33,-1,-1,-1,-1
1190,15,686,479,23,32,-1,-1,-1,-1
1191,15,690,478,23,33,-1,-1,-1,-1
1192,15,688,476,24,33,-1,-1,-1,-1
1193,15,685,474,26,31,-1,-1,-1,-1
1194,15,686,477,23,32,-1,-1,-1,-1
1195,15,685,477,23,31,-1,-1,-1,-1
1196,15,684,477,24,32,-1,-1,-1,-1
1197,15,684,477,26,31,-1,-1,-1,-1
1198,15,684,477,26,31,-1,-1,-1,-1
1199,15,683,477,27,33,-1,-1,-1,-1
1200,15,682,475,28,32,-1,-1,-1,-1
1201,15,682,477,28,32,-1,-1,-1,-1
1202,15,681,476,29,31,-1,-1,-1,-1
1203,15,684,477,27,33,-1,-1,-1,-1
1204,15,684,478,27,33,-1,-1,-1,-1
1205,15,686,479,25,32,-1,-1,-1,-1
1206,15,685,478,27,33,-1,-1,-1,-1
1207,15,685,475,27,32,-1,-1,-1,-1
1208,15,686,478,25,32,-1,-1,-1,-1
1209,15,685,476,26,34,-1,-1,-1,-1
1210,15,687,477,26,31,-1,-1,-1,-1
1211,15,687,477,26,31,-1,-1,-1,-1
1212,15,684,478,27,33,-1,-1,-1,-1
1213,15,684,478,26,33,-1,-1,-1,-1
1214,15,684,477,28,34,-1,-1,-1,-1
1215,15,684,477,27,33,-1,-1,-1,-1
1216,15,685,477,26,33,-1,-1,-1,-1
1217,15,685,478,26,32,-1,-1,-1,-1
1218,15,685,478,25,33,-1,-1,-1,-1
1219,15,685,479,25,33,-1,-1,-1,-1
1220,15,686,477,25,35,-1,-1,-1,-1
1221,15,683,475,29,35,-1,-1,-1,-1
1222,15,684,475,27,35,-1,-1,-1,-1
1223,15,683,477,28,32,-1,-1,-1,-1
1224,15,685,477,25,32,-1,-1,-1,-1
1225,15,685,478,25,32,-1,-1,-1,-1
1235,16,689,478,24,29,-1,-1,-1,-1
1236,16,689,478,24,29,-1,-1,-1,-1
1237,16,685,479,24,30,-1,-1,-1,-1
1238,16,689,479,25,28,-1,-1,-1,-1
1233,17,979,271,16,26,-1,-1,-1,-1
1234,17,979,271,16,27,-1,-1,-1,-1
1235,17,978,269,16,28,-1,-1,-1,-1
1236,17,978,270,17,27,-1,-1,-1,-1
1237,17,978,269,17,28,-1,-1,-1,-1
1238,17,976,268,18,29,-1,-1,-1,-1
1239,17,976,268,18,29,-1,-1,-1,-1
1240,17,976,267,18,30,-1,-1,-1,-1
1241,17,976,267,17,30,-1,-1,-1,-1
1242,17,976,266,18,31,-1,-1,-1,-1
1243,17,976,266,17,31,-1,-1,-1,-1
1244,17,976,267,17,31,-1,-1,-1,-1
1245,17,976,267,17,31,-1,-1,-1,-1
1246,17,976,267,17,31,-1,-1,-1,-1
1247,17,976,266,17,32,-1,-1,-1,-1
1248,17,976,266,17,32,-1,-1,-1,-1
1249,17,976,266,16,31,-1,-1,-1,-1
1250,17,976,267,16,31,-1,-1,-1,-1
1251,17,975,266,18,32,-1,-1,-1,-1
1252,17,975,266,17,33,-1,-1,-1,-1
1253,17,974,266,17,32,-1,-1,-1,-1
1254,17,973,267,18,32,-1,-1,-1,-1
1255,17,973,269,18,31,-1,-1,-1,-1
1256,17,973,268,18,31,-1,-1,-1,-1
1257,17,973,268,18,31,-1,-1,-1,-1
1258,17,973,267,18,32,-1,-1,-1,-1
1259,17,972,267,19,32,-1,-1,-1,-1
1260,17,973,266,18,33,-1,-1,-1,-1
1262,17,973,266,17,31,-1,-1,-1,-1
1263,17,972,265,18,32,-1,-1,-1,-1
1264,17,972,266,18,32,-1,-1,-1,-1
1265,17,972,266,18,32,-1,-1,-1,-1
1266,17,972,266,17,32,-1,-1,-1,-1
1269,19,972,268,16,29,-1,-1,-1,-1
1270,19,972,269,16,29,-1,-1,-1,-1
1271,19,972,269,16,28,-1,-1,-1,-1
1272,19,972,269,16,28,-1,-1,-1,-1
1273,19,971,268,17,29,-1,-1,-1,-1
1287,20,684,480,25,32,-1,-1,-1,-1
1288,20,684,481,25,30,-1,-1,-1,-1
1289,20,684,480,26,33,-1,-1,-1,-1
1290,20,684,479,26,33,-1,-1,-1,-1
1291,20,684,478,27,33,-1,-1,-1,-1
1292,20,684,480,26,32,-1,-1,-1,-1
1293,20,684,479,26,32,-1,-1,-1,-1
1294,20,683,479,28,33,-1,-1,-1,-1
1295,20,684,479,27,32,-1,-1,-1,-1
1296,20,685,479,25,30,-1,-1,-1,-1
1298,15,683,478,26,33,-1,-1,-1,-1
1299,15,681,476,27,33,-1,-1,-1,-1
1300,15,683,477,26,33,-1,-1,-1,-1
1301,15,683,476,26,35,-1,-1,-1,-1
1302,15,681,477,26,33,-1,-1,-1,-1
1303,15,681,476,27,34,-1,-1,-1,-1
1304,15,683,475,24,33,-1,-1,-1,-1
1305,15,683,475,23,33,-1,-1,-1,-1
1306,15,683,475,23,32,-1,-1,-1,-1
1307,15,684,475,22,32,-1,-1,-1,-1
1308,15,683,475,23,32,-1,-1,-1,-1
1309,15,681,477,25,31,-1,-1,-1,-1
1310,15,682,479,25,30,-1,-1,-1,-1
1311,15,681,479,24,31,-1,-1,-1,-1
1312,15,677,480,20,29,-1,-1,-1,-1
1313,15,676,479,22,31,-1,-1,-1,-1
1314,15,677,479,23,30,-1,-1,-1,-1
1315,15,676,479,22,29,-1,-1,-1,-1
1316,15,676,479,22,29,-1,-1,-1,-1
1317,15,675,479,24,30,-1,-1,-1,-1
1318,15,676,479,23,29,-1,-1,-1,-1
1319,15,675,479,23,26,-1,-1,-1,-1
1320,15,673,480,23,26,-1,-1,-1,-1
1321,15,672,478,23,32,-1,-1,-1,-1
1326,15,669,479,25,30,-1,-1,-1,-1
1327,15,670,479,25,30,-1,-1,-1,-1
1328,15,668,478,26,32,-1,-1,-1,-1
1329,15,668,477,26,33,-1,-1,-1,-1
1330,15,667,476,26,37,-1,-1,-1,-1
1331,15,666,476,27,37,-1,-1,-1,-1
1332,15,664,477,31,36,-1,-1,-1,-1
1333,15,665,476,29,36,-1,-1,-1,-1
1334,15,665,476,29,41,-1,-1,-1,-1
1335,15,665,476,30,39,-1,-1,-1,-1
1336,15,664,476,29,40,-1,-1,-1,-1
1337,15,664,476,29,39,-1,-1,-1,-1
1338,15,663,476,30,40,-1,-1,-1,-1
1339,15,663,477,30,40,-1,-1,-1,-1
1340,15,662,478,32,38,-1,-1,-1,-1
1341,15,662,477,31,41,-1,-1,-1,-1
1342,15,662,478,31,39,-1,-1,-1,-1
1343,15,662,478,32,41,-1,-1,-1,-1
1344,15,662,478,30,43,-1,-1,-1,-1
1345,15,663,479,29,38,-1,-1,-1,-1
1346,15,662,478,30,43,-1,-1,-1,-1
1347,15,661,477,30,44,-1,-1,-1,-1
1348,15,660,477,28,44,-1,-1,-1,-1
1349,15,661,478,26,43,-1,-1,-1,-1
1350,15,661,478,26,41,-1,-1,-1,-1
1351,15,660,476,27,43,-1,-1,-1,-1
1352,15,661,477,25,41,-1,-1,-1,-1
1353,15,660,478,26,41,-1,-1,-1,-1
1354,15,659,479,26,41,-1,-1,-1,-1
1355,15,657,479,27,42,-1,-1,-1,-1
1356,15,656,479,26,42,-1,-1,-1,-1
1357,15,655,477,27,43,-1,-1,-1,-1
1358,15,655,478,27,43,-1,-1,-1,-1
1359,15,654,477,27,40,-1,-1,-1,-1
1360,15,653,477,26,40,-1,-1,-1,-1
1361,15,651,478,27,44,-1,-1,-1,-1
1362,15,649,479,24,41,-1,-1,-1,-1
1363,15,649,479,25,42,-1,-1,-1,-1
1364,15,647,478,27,45,-1,-1,-1,-1
1365,15,646,478,26,47,-1,-1,-1,-1
1366,15,645,477,27,49,-1,-1,-1,-1
1367,15,645,477,26,48,-1,-1,-1,-1
1368,15,644,478,27,49,-1,-1,-1,-1
1369,15,644,478,26,51,-1,-1,-1,-1
1370,15,643,479,27,55,-1,-1,-1,-1
1371,15,643,479,26,56,-1,-1,-1,-1
1372,15,642,479,27,57,-1,-1,-1,-1
1373,15,642,480,26,56,-1,-1,-1,-1
1374,15,642,482,26,54,-1,-1,-1,-1
1375,15,641,482,26,53,-1,-1,-1,-1
1376,15,639,482,28,54,-1,-1,-1,-1
1377,15,639,482,27,54,-1,-1,-1,-1
1378,15,638,481,28,56,-1,-1,-1,-1
1379,15,637,481,28,57,-1,-1,-1,-1
1380,15,636,480,29,59,-1,-1,-1,-1
1381,15,635,479,30,58,-1,-1,-1,-1
1382,15,635,480,30,57,-1,-1,-1,-1
1383,15,635,480,30,56,-1,-1,-1,-1
1384,15,634,480,30,56,-1,-1,-1,-1
1385,15,633,480,31,57,-1,-1,-1,-1
1386,15,634,480,30,56,-1,-1,-1,-1
1387,15,633,480,30,56,-1,-1,-1,-1
1388,15,634,479,30,57,-1,-1,-1,-1
1389,15,632,479,31,59,-1,-1,-1,-1
1390,15,630,480,32,59,-1,-1,-1,-1
1391,15,632,480,31,58,-1,-1,-1,-1
1392,15,632,481,29,59,-1,-1,-1,-1
1393,15,632,482,30,57,-1,-1,-1,-1
1394,15,630,483,32,56,-1,-1,-1,-1
1395,15,629,483,34,56,-1,-1,-1,-1
1396,15,629,484,35,56,-1,-1,-1,-1
1397,15,631,484,32,56,-1,-1,-1,-1
1398,15,629,484,34,52,-1,-1,-1,-1
1399,15,628,484,35,54,-1,-1,-1,-1
1400,15,629,484,33,55,-1,-1,-1,-1
1401,15,629,483,33,56,-1,-1,-1,-1
1402,15,630,484,32,56,-1,-1,-1,-1
1403,15,632,485,30,57,-1,-1,-1,-1
1404,15,630,485,33,57,-1,-1,-1,-1
1405,15,631,486,32,53,-1,-1,-1,-1
1406,15,631,485,34,57,-1,-1,-1,-1
1407,15,631,485,34,59,-1,-1,-1,-1
1408,15,632,484,33,60,-1,-1,-1,-1
1409,15,633,485,31,60,-1,-1,-1,-1
1410,15,633,485,31,61,-1,-1,-1,-1
1411,15,635,488,28,57,-1,-1,-1,-1
1412,15,634,487,31,59,-1,-1,-1,-1
1413,15,635,491,30,55,-1,-1,-1,-1
1414,15,634,490,31,55,-1,-1,-1,-1
1415,15,635,491,29,53,-1,-1,-1,-1
1416,15,634,492,31,55,-1,-1,-1,-1
1417,15,636,490,31,55,-1,-1,-1,-1
1418,15,637,489,30,57,-1,-1,-1,-1
1419,15,638,490,29,55,-1,-1,-1,-1
1420,15,639,492,28,54,-1,-1,-1,-1
1421,15,639,492,28,55,-1,-1,-1,-1
1422,15,640,494,28,54,-1,-1,-1,-1
1423,15,641,492,27,58,-1,-1,-1,-1
1424,15,641,492,28,59,-1,-1,-1,-1
1425,15,640,492,31,63,-1,-1,-1,-1
1426,15,639,492,31,63,-1,-1,-1,-1
1427,15,641,493,29,58,-1,-1,-1,-1
1428,15,641,493,30,59,-1,-1,-1,-1
1429,15,641,492,29,59,-1,-1,-1,-1
1430,15,643,496,27,55,-1,-1,-1,-1
1431,15,646,500,23,51,-1,-1,-1,-1
1432,15,645,496,26,56,-1,-1,-1,-1
1433,15,645,497,25,55,-1,-1,-1,-1
1434,15,646,506,24,50,-1,-1,-1,-1
1435,15,648,506,21,47,-1,-1,-1,-1
1436,15,649,504,22,52,-1,-1,-1,-1
1437,15,649,503,22,49,-1,-1,-1,-1
1444,23,652,497,25,48,-1,-1,-1,-1
1445,23,654,500,23,45,-1,-1,-1,-1
1446,23,653,501,24,45,-1,-1,-1,-1
1447,23,655,498,25,43,-1,-1,-1,-1
1448,23,655,500,25,44,-1,-1,-1,-1
1449,23,659,499,24,45,-1,-1,-1,-1
1450,23,656,505,26,45,-1,-1,-1,-1
1382,17,972,269,17,30,-1,-1,-1,-1
1383,17,972,268,18,30,-1,-1,-1,-1
1384,17,972,269,18,30,-1,-1,-1,-1
1385,17,972,269,18,30,-1,-1,-1,-1
1386,17,972,270,17,29,-1,-1,-1,-1
1387,17,972,270,17,30,-1,-1,-1,-1
1388,17,972,270,17,30,-1,-1,-1,-1
1389,17,972,268,17,32,-1,-1,-1,-1
1390,17,973,268,16,31,-1,-1,-1,-1
1391,17,973,268,17,30,-1,-1,-1,-1
1392,17,972,266,17,33,-1,-1,-1,-1
1393,17,972,266,18,33,-1,-1,-1,-1
1394,17,972,265,18,34,-1,-1,-1,-1
1395,17,973,266,18,34,-1,-1,-1,-1
1396,17,973,266,18,34,-1,-1,-1,-1
1397,17,974,266,18,34,-1,-1,-1,-1
1398,17,974,266,19,34,-1,-1,-1,-1
1399,17,974,266,18,33,-1,-1,-1,-1
1400,17,974,266,18,33,-1,-1,-1,-1
1401,17,974,265,18,34,-1,-1,-1,-1
1402,17,974,266,19,33,-1,-1,-1,-1
1403,17,974,267,18,33,-1,-1,-1,-1
1404,17,974,267,19,33,-1,-1,-1,-1
1405,17,975,268,18,32,-1,-1,-1,-1
1406,17,975,267,18,32,-1,-1,-1,-1
1407,17,975,269,17,30,-1,-1,-1,-1
1408,17,976,269,16,30,-1,-1,-1,-1
1409,17,976,268,17,31,-1,-1,-1,-1
1410,17,976,267,17,31,-1,-1,-1,-1
1411,17,977,267,16,30,-1,-1,-1,-1
1412,17,977,266,16,31,-1,-1,-1,-1
1413,17,977,266,17,31,-1,-1,-1,-1
1414,17,978,266,16,31,-1,-1,-1,-1
1415,17,979,266,16,31,-1,-1,-1,-1
1416,17,979,268,16,29,-1,-1,-1,-1
1417,17,979,269,16,28,-1,-1,-1,-1
1418,17,980,269,16,29,-1,-1,-1,-1
1419,17,980,269,16,29,-1,-1,-1,-1
1420,17,979,268,17,30,-1,-1,-1,-1
1421,17,980,269,16,29,-1,-1,-1,-1
1422,17,980,269,16,29,-1,-1,-1,-1
1423,17,981,269,15,29,-1,-1,-1,-1
1424,17,981,270,15,28,-1,-1,-1,-1
1425,17,981,270,15,28,-1,-1,-1,-1
1426,17,981,271,15,27,-1,-1,-1,-1
1427,17,981,271,16,27,-1,-1,-1,-1
1428,17,981,272,16,26,-1,-1,-1,-1
1429,17,982,273,15,25,-1,-1,-1,-1
1430,17,983,274,15,25,-1,-1,-1,-1
1431,17,983,275,15,23,-1,-1,-1,-1
1432,17,984,274,15,24,-1,-1,-1,-1
1433,17,984,275,16,23,-1,-1,-1,-1
1434,17,985,276,15,22,-1,-1,-1,-1
1435,17,985,276,16,22,-1,-1,-1,-1
1436,17,985,275,16,23,-1,-1,-1,-1
1437,17,986,275,16,23,-1,-1,-1,-1
1438,17,986,275,18,24,-1,-1,-1,-1
1439,17,986,274,18,24,-1,-1,-1,-1
1440,17,986,272,18,26,-1,-1,-1,-1
1441,17,987,272,18,26,-1,-1,-1,-1
1442,17,987,271,18,27,-1,-1,-1,-1
1443,17,987,271,18,27,-1,-1,-1,-1
1444,17,988,271,18,27,-1,-1,-1,-1
1445,17,988,271,18,27,-1,-1,-1,-1
1446,17,988,271,18,27,-1,-1,-1,-1
1447,17,989,272,17,26,-1,-1,-1,-1
1448,17,989,273,17,26,-1,-1,-1,-1
1449,17,988,274,18,26,-1,-1,-1,-1
1450,17,988,274,18,26,-1,-1,-1,-1
1451,17,989,276,17,25,-1,-1,-1,-1
1452,17,991,278,16,24,-1,-1,-1,-1
1453,17,989,279,17,25,-1,-1,-1,-1
1454,17,989,277,18,27,-1,-1,-1,-1
1455,17,991,278,17,24,-1,-1,-1,-1
1452,25,664,500,26,54,-1,-1,-1,-1
1453,25,664,500,23,49,-1,-1,-1,-1
1454,25,662,503,28,53,-1,-1,-1,-1
1455,25,661,504,29,53,-1,-1,-1,-1
1456,25,664,505,30,51,-1,-1,-1,-1
1457,25,666,505,26,49,-1,-1,-1,-1
1458,25,671,503,24,51,-1,-1,-1,-1
1459,25,669,499,26,55,-1,-1,-1,-1
1460,25,673,500,24,53,-1,-1,-1,-1
1461,25,675,500,25,52,-1,-1,-1,-1
1457,17,992,278,17,25,-1,-1,-1,-1
1458,17,993,279,15,26,-1,-1,-1,-1
1459,17,992,278,17,24,-1,-1,-1,-1
1460,17,993,278,16,25,-1,-1,-1,-1
1461,17,992,278,17,25,-1,-1,-1,-1
1462,17,993,278,17,27,-1,-1,-1,-1
1463,17,994,279,17,26,-1,-1,-1,-1
1464,25,678,500,23,56,-1,-1,-1,-1
1465,25,679,499,25,59,-1,-1,-1,-1
1466,25,676,499,28,60,-1,-1,-1,-1
1467,25,679,499,27,56,-1,-1,-1,-1
1468,25,682,501,24,55,-1,-1,-1,-1
1469,25,685,501,22,50,-1,-1,-1,-1
1470,25,686,501,20,42,-1,-1,-1,-1
1471,25,685,506,26,49,-1,-1,-1,-1
1476,28,693,498,29,59,-1,-1,-1,-1
1477,28,693,498,26,61,-1,-1,-1,-1
1478,28,696,497,24,57,-1,-1,-1,-1
1479,28,696,497,24,59,-1,-1,-1,-1
1480,28,694,498,25,58,-1,-1,-1,-1
1481,28,694,498,25,58,-1,-1,-1,-1
1482,28,696,499,24,58,-1,-1,-1,-1
1483,28,697,502,26,55,-1,-1,-1,-1
1484,28,700,502,24,52,-1,-1,-1,-1
1485,28,702,503,24,54,-1,-1,-1,-1
1486,28,703,510,23,46,-1,-1,-1,-1
1488,29,706,506,25,52,-1,-1,-1,-1
1489,29,706,507,26,51,-1,-1,-1,-1
1490,29,706,508,26,51,-1,-1,-1,-1
1491,29,707,505,27,53,-1,-1,-1,-1
1492,29,708,503,27,55,-1,-1,-1,-1
1493,29,709,504,26,52,-1,-1,-1,-1
1494,29,711,500,23,60,-1,-1,-1,-1
1495,29,711,503,25,53,-1,-1,-1,-1
1496,29,712,503,24,53,-1,-1,-1,-1
1497,29,713,504,23,56,-1,-1,-1,-1
1498,29,714,506,23,54,-1,-1,-1,-1
1499,29,716,505,22,54,-1,-1,-1,-1
1567,30,753,519,17,40,-1,-1,-1,-1
1568,30,753,520,17,40,-1,-1,-1,-1
1569,30,753,519,17,42,-1,-1,-1,-1
1505,31,725,510,21,50,-1,-1,-1,-1
1506,31,727,507,21,53,-1,-1,-1,-1
1507,31,727,505,25,62,-1,-1,-1,-1
1508,31,729,510,23,55,-1,-1,-1,-1
1509,31,730,509,22,54,-1,-1,-1,-1
1510,31,730,509,22,54,-1,-1,-1,-1
1511,31,732,509,20,51,-1,-1,-1,-1
1512,31,733,510,20,50,-1,-1,-1,-1
1513,31,735,513,20,48,-1,-1,-1,-1
1514,31,735,514,20,49,-1,-1,-1,-1
1515,31,736,513,21,52,-1,-1,-1,-1
1516,31,736,511,22,52,-1,-1,-1,-1
1517,31,737,511,21,54,-1,-1,-1,-1
1518,31,738,514,20,51,-1,-1,-1,-1
1519,31,737,517,21,51,-1,-1,-1,-1
1520,31,739,518,20,51,-1,-1,-1,-1
1521,31,741,513,21,56,-1,-1,-1,-1
1522,31,742,515,20,55,-1,-1,-1,-1
1523,31,745,512,22,51,-1,-1,-1,-1
1524,31,745,510,24,52,-1,-1,-1,-1
1525,31,743,515,24,57,-1,-1,-1,-1
1526,31,746,516,22,54,-1,-1,-1,-1
1527,31,747,516,23,56,-1,-1,-1,-1
1528,31,745,515,28,58,-1,-1,-1,-1
1529,31,747,518,23,56,-1,-1,-1,-1
1530,31,748,522,26,51,-1,-1,-1,-1
1531,31,748,517,28,58,-1,-1,-1,-1
1532,31,749,519,24,57,-1,-1,-1,-1
1533,31,749,520,28,55,-1,-1,-1,-1
1534,31,750,520,24,55,-1,-1,-1,-1
1535,31,752,520,25,55,-1,-1,-1,-1
1536,31,752,521,25,54,-1,-1,-1,-1
1537,31,751,520,25,55,-1,-1,-1,-1
1538,31,755,518,23,57,-1,-1,-1,-1
1539,31,754,517,24,58,-1,-1,-1,-1
1540,31,753,516,26,61,-1,-1,-1,-1
1541,31,755,516,23,62,-1,-1,-1,-1
1542,31,754,516,26,63,-1,-1,-1,-1
1543,31,754,516,26,64,-1,-1,-1,-1
1544,31,754,517,26,64,-1,-1,-1,-1
1545,31,756,519,23,61,-1,-1,-1,-1
1546,31,757,520,21,59,-1,-1,-1,-1
1547,31,755,517,25,62,-1,-1,-1,-1
1548,31,755,518,25,62,-1,-1,-1,-1
1549,31,756,520,24,59,-1,-1,-1,-1
1550,31,756,521,24,58,-1,-1,-1,-1
1551,31,756,521,25,58,-1,-1,-1,-1
1552,31,756,521,26,59,-1,-1,-1,-1
1553,31,756,520,25,60,-1,-1,-1,-1
1554,31,756,521,25,60,-1,-1,-1,-1
1555,31,755,518,25,64,-1,-1,-1,-1
1556,31,754,519,26,62,-1,-1,-1,-1
1557,31,754,518,26,63,-1,-1,-1,-1
1558,31,753,520,27,61,-1,-1,-1,-1
1559,31,753,520,26,62,-1,-1,-1,-1
1560,31,752,520,27,62,-1,-1,-1,-1
1561,31,751,520,28,64,-1,-1,-1,-1
1562,31,751,519,28,66,-1,-1,-1,-1
1563,31,751,519,28,66,-1,-1,-1,-1
1564,31,751,519,27,66,-1,-1,-1,-1
1565,31,751,519,26,66,-1,-1,-1,-1
1566,31,750,518,27,68,-1,-1,-1,-1
1567,31,751,520,25,67,-1,-1,-1,-1
1568,31,749,522,27,63,-1,-1,-1,-1
1569,31,749,521,26,63,-1,-1,-1,-1
1570,31,749,520,26,65,-1,-1,-1,-1
1571,31,748,522,27,65,-1,-1,-1,-1
1572,31,748,522,27,65,-1,-1,-1,-1
1573,31,748,527,25,60,-1,-1,-1,-1
1574,31,748,531,25,57,-1,-1,-1,-1
1575,31,748,536,24,52,-1,-1,-1,-1
1576,31,747,535,25,54,-1,-1,-1,-1
1577,31,748,532,22,55,-1,-1,-1,-1
1578,31,748,533,21,56,-1,-1,-1,-1
1579,31,745,538,25,51,-1,-1,-1,-1
1580,31,745,538,25,51,-1,-1,-1,-1
1581,31,745,537,25,52,-1,-1,-1,-1
1582,31,744,539,25,51,-1,-1,-1,-1
1583,31,744,538,25,52,-1,-1,-1,-1
1584,31,743,537,25,53,-1,-1,-1,-1
1585,31,743,537,24,53,-1,-1,-1,-1
1586,31,743,536,25,54,-1,-1,-1,-1
1587,31,742,534,25,57,-1,-1,-1,-1
1588,31,742,534,26,56,-1,-1,-1,-1
1589,31,742,535,25,54,-1,-1,-1,-1
1590,31,741,535,26,54,-1,-1,-1,-1
1591,31,741,534,26,56,-1,-1,-1,-1
1592,31,742,530,23,61,-1,-1,-1,-1
1593,31,741,535,26,55,-1,-1,-1,-1
1594,31,741,535,26,56,-1,-1,-1,-1
1595,31,739,532,27,61,-1,-1,-1,-1
1596,31,740,532,26,59,-1,-1,-1,-1
1597,31,740,531,24,63,-1,-1,-1,-1
1598,31,737,533,27,59,-1,-1,-1,-1
1599,31,737,532,27,60,-1,-1,-1,-1
1600,31,737,532,27,59,-1,-1,-1,-1
1601,31,737,531,26,62,-1,-1,-1,-1
1602,31,736,532,27,60,-1,-1,-1,-1
1603,31,736,534,27,58,-1,-1,-1,-1
1604,31,736,533,27,61,-1,-1,-1,-1
1605,31,736,534,27,60,-1,-1,-1,-1
1606,31,737,535,26,60,-1,-1,-1,-1
1607,31,737,536,25,59,-1,-1,-1,-1
1608,31,736,536,26,59,-1,-1,-1,-1
1609,31,736,537,26,58,-1,-1,-1,-1
1610,31,737,539,25,58,-1,-1,-1,-1
1611,31,736,539,26,58,-1,-1,-1,-1
1612,31,736,540,26,57,-1,-1,-1,-1
1613,31,736,539,26,57,-1,-1,-1,-1
1614,31,736,539,26,58,-1,-1,-1,-1
1615,31,735,539,27,58,-1,-1,-1,-1
1616,31,736,539,26,58,-1,-1,-1,-1
1617,31,736,538,26,59,-1,-1,-1,-1
1618,31,736,538,26,59,-1,-1,-1,-1
1619,31,736,539,26,59,-1,-1,-1,-1
1620,31,734,538,28,59,-1,-1,-1,-1
1621,31,735,538,27,61,-1,-1,-1,-1
1622,31,734,539,28,60,-1,-1,-1,-1
1623,31,736,539,26,60,-1,-1,-1,-1
1624,31,736,538,26,61,-1,-1,-1,-1
1625,31,734,536,29,63,-1,-1,-1,-1
1626,31,734,538,29,61,-1,-1,-1,-1
1627,31,735,538,28,61,-1,-1,-1,-1
1628,31,734,539,29,62,-1,-1,-1,-1
1629,31,735,539,28,63,-1,-1,-1,-1
1630,31,735,539,28,61,-1,-1,-1,-1
1631,31,735,539,28,61,-1,-1,-1,-1
1632,31,736,540,28,60,-1,-1,-1,-1
1633,31,736,539,28,62,-1,-1,-1,-1
1634,31,736,541,29,60,-1,-1,-1,-1
1635,31,736,541,29,61,-1,-1,-1,-1
1636,31,737,539,26,64,-1,-1,-1,-1
1637,31,737,539,26,64,-1,-1,-1,-1
1638,31,737,540,29,65,-1,-1,-1,-1
1639,31,737,539,30,65,-1,-1,-1,-1
1640,31,737,539,31,64,-1,-1,-1,-1
1641,31,737,539,30,65,-1,-1,-1,-1
1642,31,738,540,31,66,-1,-1,-1,-1
1643,31,737,542,30,64,-1,-1,-1,-1
1644,31,738,546,30,60,-1,-1,-1,-1
1645,31,739,545,30,62,-1,-1,-1,-1
1646,31,739,546,31,62,-1,-1,-1,-1
1647,31,741,545,29,62,-1,-1,-1,-1
1648,31,741,548,30,61,-1,-1,-1,-1
1649,31,742,548,30,61,-1,-1,-1,-1
1650,31,742,548,28,60,-1,-1,-1,-1
1651,31,741,547,29,60,-1,-1,-1,-1
1652,31,742,548,28,59,-1,-1,-1,-1
1653,31,742,545,29,63,-1,-1,-1,-1
1654,31,743,545,30,63,-1,-1,-1,-1
1655,31,744,547,29,61,-1,-1,-1,-1
1656,31,744,546,29,63,-1,-1,-1,-1
1657,31,745,547,27,61,-1,-1,-1,-1
1658,31,744,546,29,64,-1,-1,-1,-1
1659,31,744,544,30,67,-1,-1,-1,-1
1660,31,743,544,32,69,-1,-1,-1,-1
1661,31,745,548,30,65,-1,-1,-1,-1
1662,31,745,550,30,64,-1,-1,-1,-1
1663,31,746,551,29,64,-1,-1,-1,-1
1664,31,746,549,29,65,-1,-1,-1,-1
1665,31,747,548,28,65,-1,-1,-1,-1
1666,31,746,549,29,64,-1,-1,-1,-1
1667,31,746,548,30,65,-1,-1,-1,-1
1668,31,746,549,30,64,-1,-1,-1,-1
1669,31,747,550,29,64,-1,-1,-1,-1
1670,31,747,549,30,65,-1,-1,-1,-1
1671,31,747,550,31,65,-1,-1,-1,-1
1672,31,748,548,30,67,-1,-1,-1,-1
1673,31,748,548,31,68,-1,-1,-1,-1
1674,31,748,546,31,72,-1,-1,-1,-1
1675,31,748,547,31,72,-1,-1,-1,-1
1676,31,749,549,30,72,-1,-1,-1,-1
1677,31,749,552,29,69,-1,-1,-1,-1
1678,31,749,551,30,71,-1,-1,-1,-1
1679,31,749,552,30,70,-1,-1,-1,-1
1680,31,749,554,30,68,-1,-1,-1,-1
1681,31,750,556,29,66,-1,-1,-1,-1
1682,31,750,556,29,67,-1,-1,-1,-1
1683,31,750,558,29,64,-1,-1,-1,-1
1684,31,750,557,29,64,-1,-1,-1,-1
1685,31,749,557,30,65,-1,-1,-1,-1
1686,31,750,557,29,65,-1,-1,-1,-1
1687,31,750,559,29,63,-1,-1,-1,-1
1688,31,750,558,29,65,-1,-1,-1,-1
1689,31,750,558,30,65,-1,-1,-1,-1
1690,31,752,561,30,63,-1,-1,-1,-1
1691,31,751,562,30,63,-1,-1,-1,-1
1692,31,750,561,32,65,-1,-1,-1,-1
1693,31,750,561,32,66,-1,-1,-1,-1
1694,31,750,561,32,67,-1,-1,-1,-1
1695,31,750,562,32,66,-1,-1,-1,-1
1696,31,750,563,31,66,-1,-1,-1,-1
1697,31,749,562,33,67,-1,-1,-1,-1
1698,31,750,563,32,66,-1,-1,-1,-1
1699,31,750,563,32,66,-1,-1,-1,-1
1700,31,750,563,32,66,-1,-1,-1,-1
1701,31,750,563,32,66,-1,-1,-1,-1
1702,31,751,563,32,67,-1,-1,-1,-1
1703,31,750,563,33,67,-1,-1,-1,-1
1704,31,749,564,34,67,-1,-1,-1,-1
1705,31,750,565,32,67,-1,-1,-1,-1
1706,31,749,565,34,68,-1,-1,-1,-1
1707,31,749,565,33,69,-1,-1,-1,-1
1708,31,750,567,32,69,-1,-1,-1,-1
1709,31,750,567,32,68,-1,-1,-1,-1
1710,31,750,567,32,70,-1,-1,-1,-1
1711,31,750,567,31,70,-1,-1,-1,-1
1712,31,750,567,32,70,-1,-1,-1,-1
1713,31,750,568,31,69,-1,-1,-1,-1
1714,31,750,567,31,70,-1,-1,-1,-1
1715,31,750,567,31,70,-1,-1,-1,-1
1716,31,749,567,33,71,-1,-1,-1,-1
1717,31,749,567,33,71,-1,-1,-1,-1
1718,31,750,568,32,70,-1,-1,-1,-1
1719,31,749,571,31,68,-1,-1,-1,-1
1720,31,748,572,32,68,-1,-1,-1,-1
1721,31,748,573,32,67,-1,-1,-1,-1
1722,31,748,573,32,68,-1,-1,-1,-1
1723,31,747,573,34,69,-1,-1,-1,-1
1724,31,747,573,34,69,-1,-1,-1,-1
1725,31,746,574,34,68,-1,-1,-1,-1
1726,31,746,574,34,69,-1,-1,-1,-1
1727,31,746,574,34,69,-1,-1,-1,-1
1728,31,745,574,35,70,-1,-1,-1,-1
1729,31,745,574,35,69,-1,-1,-1,-1
1730,31,745,575,35,68,-1,-1,-1,-1
1731,31,745,575,34,69,-1,-1,-1,-1
1732,31,745,575,35,69,-1,-1,-1,-1
1733,31,745,575,35,70,-1,-1,-1,-1
1734,31,747,576,33,70,-1,-1,-1,-1
1735,31,747,578,32,69,-1,-1,-1,-1
1736,31,748,579,31,70,-1,-1,-1,-1
1737,31,746,580,34,71,-1,-1,-1,-1
1738,31,747,581,33,70,-1,-1,-1,-1
1739,31,746,581,33,71,-1,-1,-1,-1
1740,31,746,581,33,71,-1,-1,-1,-1
1741,31,747,581,33,71,-1,-1,-1,-1
1742,31,747,582,32,71,-1,-1,-1,-1
1743,31,746,581,34,72,-1,-1,-1,-1
1744,31,746,580,34,74,-1,-1,-1,-1
1745,31,746,580,34,74,-1,-1,-1,-1
1746,31,747,581,33,72,-1,-1,-1,-1
1747,31,748,581,33,71,-1,-1,-1,-1
1748,31,747,581,33,73,-1,-1,-1,-1
1749,31,747,581,33,73,-1,-1,-1,-1
1750,31,746,583,34,72,-1,-1,-1,-1
1751,31,746,583,34,75,-1,-1,-1,-1
1752,31,746,585,34,73,-1,-1,-1,-1
1753,31,746,585,34,73,-1,-1,-1,-1
1754,31,746,586,35,73,-1,-1,-1,-1
1755,31,746,585,35,74,-1,-1,-1,-1
1756,31,745,585,37,75,-1,-1,-1,-1
1757,31,745,585,38,75,-1,-1,-1,-1
1758,31,746,585,36,75,-1,-1,-1,-1
1759,31,746,585,37,76,-1,-1,-1,-1
1760,31,746,585,38,76,-1,-1,-1,-1
1761,31,746,586,38,75,-1,-1,-1,-1
1762,31,746,586,38,75,-1,-1,-1,-1
1763,31,747,588,37,73,-1,-1,-1,-1
1764,31,747,588,37,73,-1,-1,-1,-1
1765,31,747,589,37,72,-1,-1,-1,-1
1766,31,747,590,38,73,-1,-1,-1,-1
1767,31,746,590,39,76,-1,-1,-1,-1
1768,31,748,591,36,75,-1,-1,-1,-1
1769,31,748,591,36,75,-1,-1,-1,-1
1770,31,748,592,36,73,-1,-1,-1,-1
1771,31,750,591,34,75,-1,-1,-1,-1
1772,31,750,592,35,74,-1,-1,-1,-1
1773,31,751,593,33,74,-1,-1,-1,-1
1774,31,752,594,32,73,-1,-1,-1,-1
1775,31,749,593,35,71,-1,-1,-1,-1
1776,31,752,593,33,74,-1,-1,-1,-1
1777,31,751,595,34,70,-1,-1,-1,-1
1778,31,752,593,36,73,-1,-1,-1,-1
1779,31,752,595,35,73,-1,-1,-1,-1
1780,31,751,596,37,74,-1,-1,-1,-1
1781,31,749,596,41,77,-1,-1,-1,-1
1782,31,750,596,40,78,-1,-1,-1,-1
1783,31,751,597,39,76,-1,-1,-1,-1
1784,31,754,598,38,74,-1,-1,-1,-1
1785,31,755,599,38,74,-1,-1,-1,-1
1786,31,756,600,38,72,-1,-1,-1,-1
1787,31,757,601,38,71,-1,-1,-1,-1
1788,31,759,602,37,73,-1,-1,-1,-1
1789,31,759,603,38,73,-1,-1,-1,-1
1790,31,760,603,38,74,-1,-1,-1,-1
1791,31,760,603,38,75,-1,-1,-1,-1
1792,31,761,602,38,76,-1,-1,-1,-1
1793,31,761,602,38,77,-1,-1,-1,-1
1794,31,762,603,37,76,-1,-1,-1,-1
1795,31,762,603,38,76,-1,-1,-1,-1
1796,31,762,604,38,77,-1,-1,-1,-1
1797,31,763,605,37,75,-1,-1,-1,-1
1798,31,764,607,36,74,-1,-1,-1,-1
1799,31,765,606,37,76,-1,-1,-1,-1
1800,31,765,607,38,74,-1,-1,-1,-1
1801,31,767,608,37,74,-1,-1,-1,-1
1802,31,766,609,40,78,-1,-1,-1,-1
1803,31,767,610,40,77,-1,-1,-1,-1
1804,31,767,610,40,78,-1,-1,-1,-1
1805,31,769,612,39,76,-1,-1,-1,-1
1806,31,770,613,40,77,-1,-1,-1,-1
1807,31,775,615,38,76,-1,-1,-1,-1
1808,31,775,614,39,79,-1,-1,-1,-1
1809,31,775,613,40,80,-1,-1,-1,-1
1810,31,776,614,40,80,-1,-1,-1,-1
1811,31,778,616,39,78,-1,-1,-1,-1
1812,31,781,618,36,77,-1,-1,-1,-1
1813,31,781,619,37,77,-1,-1,-1,-1
1814,31,781,622,37,74,-1,-1,-1,-1
1815,31,782,624,36,71,-1,-1,-1,-1
1816,31,784,623,36,73,-1,-1,-1,-1
1817,31,787,624,36,75,-1,-1,-1,-1
1818,31,787,626,38,74,-1,-1,-1,-1
1819,31,788,627,39,73,-1,-1,-1,-1
1820,31,788,627,39,75,-1,-1,-1,-1
1821,31,789,626,39,76,-1,-1,-1,-1
1822,31,790,626,38,75,-1,-1,-1,-1
1823,31,791,625,38,77,-1,-1,-1,-1
1824,31,792,624,39,77,-1,-1,-1,-1
1825,31,791,624,42,80,-1,-1,-1,-1
1826,31,792,623,42,81,-1,-1,-1,-1
1827,31,792,621,43,83,-1,-1,-1,-1
1828,31,794,623,42,81,-1,-1,-1,-1
1829,31,796,623,40,80,-1,-1,-1,-1
1830,31,794,624,43,82,-1,-1,-1,-1
1831,31,796,624,41,83,-1,-1,-1,-1
1832,31,797,625,41,82,-1,-1,-1,-1
1833,31,800,630,39,76,-1,-1,-1,-1
1834,31,802,629,40,78,-1,-1,-1,-1
1835,31,802,629,41,79,-1,-1,-1,-1
1836,31,803,631,42,77,-1,-1,-1,-1
1837,31,802,631,47,81,-1,-1,-1,-1
1838,31,807,635,42,76,-1,-1,-1,-1
1839,31,811,637,37,74,-1,-1,-1,-1
1840,31,812,637,39,75,-1,-1,-1,-1
1841,31,816,638,37,72,-1,-1,-1,-1
1842,31,817,637,36,73,-1,-1,-1,-1
1843,31,818,637,41,75,-1,-1,-1,-1
1844,31,819,638,41,77,-1,-1,-1,-1
1845,31,819,638,41,76,-1,-1,-1,-1
1846,31,820,640,40,74,-1,-1,-1,-1
1847,31,820,641,42,74,-1,-1,-1,-1
1848,31,822,642,40,72,-1,-1,-1,-1
1849,31,822,641,42,74,-1,-1,-1,-1
1850,31,824,642,41,72,-1,-1,-1,-1
1851,31,827,642,38,73,-1,-1,-1,-1
1852,31,827,642,39,75,-1,-1,-1,-1
1853,31,827,644,39,71,-1,-1,-1,-1
1854,31,829,643,40,71,-1,-1,-1,-1
1855,31,832,643,38,72,-1,-1,-1,-1
1856,31,832,643,39,71,-1,-1,-1,-1
1857,31,834,643,38,72,-1,-1,-1,-1
1858,31,835,643,39,71,-1,-1,-1,-1
1859,31,836,644,38,69,-1,-1,-1,-1
1860,31,836,645,40,72,-1,-1,-1,-1
1861,31,835,645,43,72,-1,-1,-1,-1
1862,31,836,645,43,73,-1,-1,-1,-1
1863,31,837,648,43,71,-1,-1,-1,-1
1864,31,840,650,42,68,-1,-1,-1,-1
1865,31,842,650,41,67,-1,-1,-1,-1
1866,31,843,651,41,67,-1,-1,-1,-1
1867,31,847,649,41,69,-1,-1,-1,-1
1868,31,850,650,39,68,-1,-1,-1,-1
1869,31,852,651,40,64,-1,-1,-1,-1
1870,31,852,649,40,70,-1,-1,-1,-1
1871,31,852,648,41,71,-1,-1,-1,-1
1872,31,855,651,39,68,-1,-1,-1,-1
1873,31,856,654,40,65,-1,-1,-1,-1
1874,31,855,658,40,61,-1,-1,-1,-1
1875,31,859,662,37,56,-1,-1,-1,-1
1876,31,861,659,35,58,-1,-1,-1,-1
1877,31,862,660,41,57,-1,-1,-1,-1
1878,31,865,659,41,58,-1,-1,-1,-1
1879,31,867,659,42,59,-1,-1,-1,-1
1880,31,868,659,41,59,-1,-1,-1,-1
1881,31,868,657,42,61,-1,-1,-1,-1
1882,31,871,658,40,60,-1,-1,-1,-1
1883,31,872,659,41,59,-1,-1,-1,-1
1884,31,875,660,38,57,-1,-1,-1,-1
1885,31,876,660,37,58,-1,-1,-1,-1
1886,31,879,660,36,58,-1,-1,-1,-1
1887,31,880,660,36,57,-1,-1,-1,-1
1888,31,881,662,37,55,-1,-1,-1,-1
1889,31,882,663,38,54,-1,-1,-1,-1
1890,31,882,664,38,53,-1,-1,-1,-1
1891,31,885,665,35,51,-1,-1,-1,-1
1892,31,886,666,34,52,-1,-1,-1,-1
1893,31,886,667,34,51,-1,-1,-1,-1
1894,31,887,668,35,49,-1,-1,-1,-1
1895,31,891,668,34,50,-1,-1,-1,-1
1896,31,893,668,35,50,-1,-1,-1,-1
1897,31,898,670,33,47,-1,-1,-1,-1
1898,31,898,670,34,47,-1,-1,-1,-1
1899,31,901,669,36,49,-1,-1,-1,-1
1900,31,902,669,38,50,-1,-1,-1,-1
1901,31,901,669,39,49,-1,-1,-1,-1
1902,31,904,672,37,46,-1,-1,-1,-1
1903,31,905,672,39,46,-1,-1,-1,-1
1904,31,909,670,38,48,-1,-1,-1,-1
1905,31,911,672,39,46,-1,-1,-1,-1
1906,31,915,674,38,44,-1,-1,-1,-1
1907,31,915,676,39,43,-1,-1,-1,-1
1908,31,916,677,39,41,-1,-1,-1,-1
1909,31,918,676,38,41,-1,-1,-1,-1
1910,31,918,677,38,39,-1,-1,-1,-1
1911,31,921,678,37,39,-1,-1,-1,-1
1912,31,923,678,37,39,-1,-1,-1,-1
1913,31,925,677,37,41,-1,-1,-1,-1
1914,31,928,679,34,39,-1,-1,-1,-1
1915,31,929,680,34,38,-1,-1,-1,-1
1916,31,931,680,34,37,-1,-1,-1,-1
1917,31,932,678,35,39,-1,-1,-1,-1
1918,31,933,677,34,40,-1,-1,-1,-1
1919,31,932,680,36,36,-1,-1,-1,-1
1920,31,933,686,34,30,-1,-1,-1,-1
1921,31,933,687,35,30,-1,-1,-1,-1
1922,31,934,685,35,32,-1,-1,-1,-1
1923,31,941,685,33,33,-1,-1,-1,-1
1924,31,945,688,31,30,-1,-1,-1,-1
1925,31,947,688,30,29,-1,-1,-1,-1
1926,31,949,689,30,28,-1,-1,-1,-1
1927,31,950,686,30,30,-1,-1,-1,-1
1928,31,953,683,32,35,-1,-1,-1,-1
1929,31,954,687,32,31,-1,-1,-1,-1
1930,31,959,685,31,33,-1,-1,-1,-1
1931,31,962,691,29,27,-1,-1,-1,-1
1932,31,963,695,29,23,-1,-1,-1,-1
1933,31,962,696,30,21,-1,-1,-1,-1
1934,31,963,697,32,20,-1,-1,-1,-1
1935,31,971,698,32,20,-1,-1,-1,-1
1936,31,977,697,29,21,-1,-1,-1,-1
1465,17,995,279,15,25,-1,-1,-1,-1
1466,17,994,279,16,24,-1,-1,-1,-1
1467,17,994,279,16,24,-1,-1,-1,-1
1468,17,995,279,16,24,-1,-1,-1,-1
1469,17,996,279,15,26,-1,-1,-1,-1
1470,17,996,279,15,26,-1,-1,-1,-1
1471,17,996,279,15,26,-1,-1,-1,-1
1472,17,997,279,15,26,-1,-1,-1,-1
1473,17,997,279,15,25,-1,-1,-1,-1
1474,17,997,278,15,26,-1,-1,-1,-1
1475,17,997,279,15,25,-1,-1,-1,-1
1476,17,997,278,16,26,-1,-1,-1,-1
1477,17,997,278,17,27,-1,-1,-1,-1
1478,17,997,279,16,26,-1,-1,-1,-1
1479,17,997,278,16,26,-1,-1,-1,-1
1480,17,998,278,15,26,-1,-1,-1,-1
1481,17,998,278,15,26,-1,-1,-1,-1
1482,17,998,278,15,26,-1,-1,-1,-1
1483,17,998,278,16,26,-1,-1,-1,-1
1484,17,998,278,15,27,-1,-1,-1,-1
1485,17,998,278,16,27,-1,-1,-1,-1
1486,17,998,278,16,27,-1,-1,-1,-1
1487,17,998,278,16,27,-1,-1,-1,-1
1488,17,998,279,16,26,-1,-1,-1,-1
1489,17,998,279,16,27,-1,-1,-1,-1
1490,17,998,279,15,26,-1,-1,-1,-1
1491,17,998,279,16,26,-1,-1,-1,-1
1492,17,998,279,15,26,-1,-1,-1,-1
1493,17,998,279,15,26,-1,-1,-1,-1
1494,17,998,280,15,25,-1,-1,-1,-1
1495,17,998,279,15,26,-1,-1,-1,-1
1496,17,998,279,15,26,-1,-1,-1,-1
1497,17,998,280,15,25,-1,-1,-1,-1
1498,17,998,280,16,25,-1,-1,-1,-1
1499,17,998,279,15,26,-1,-1,-1,-1
1500,17,998,280,15,25,-1,-1,-1,-1
1501,17,998,280,15,25,-1,-1,-1,-1
1502,17,998,280,15,25,-1,-1,-1,-1
1503,17,997,279,16,26,-1,-1,-1,-1
1504,17,997,279,16,26,-1,-1,-1,-1
1505,17,998,279,15,26,-1,-1,-1,-1
1506,17,997,279,16,25,-1,-1,-1,-1
1507,17,997,279,16,25,-1,-1,-1,-1
1508,17,997,279,16,26,-1,-1,-1,-1
1509,17,997,279,16,26,-1,-1,-1,-1
1510,17,997,279,16,26,-1,-1,-1,-1
1511,17,998,279,15,25,-1,-1,-1,-1
1512,17,998,279,15,26,-1,-1,-1,-1
1513,17,998,279,15,26,-1,-1,-1,-1
1514,17,998,279,15,25,-1,-1,-1,-1
1515,17,997,279,16,25,-1,-1,-1,-1
1516,17,997,279,16,25,-1,-1,-1,-1
1517,17,997,279,16,25,-1,-1,-1,-1
1518,17,997,279,16,26,-1,-1,-1,-1
1519,17,996,279,16,26,-1,-1,-1,-1
1520,17,996,279,16,26,-1,-1,-1,-1
1521,17,996,279,15,25,-1,-1,-1,-1
1522,17,994,279,18,27,-1,-1,-1,-1
1523,17,996,279,15,25,-1,-1,-1,-1
1524,17,994,279,18,27,-1,-1,-1,-1
1525,17,996,279,15,25,-1,-1,-1,-1
1526,17,996,279,14,25,-1,-1,-1,-1
1527,17,996,279,14,25,-1,-1,-1,-1
1528,17,996,279,15,25,-1,-1,-1,-1
1529,17,996,278,14,25,-1,-1,-1,-1
1530,17,995,279,16,26,-1,-1,-1,-1
1531,17,994,278,16,27,-1,-1,-1,-1
1532,17,994,278,15,27,-1,-1,-1,-1
1533,17,993,279,16,26,-1,-1,-1,-1
1534,17,993,277,16,28,-1,-1,-1,-1
1535,17,993,277,16,29,-1,-1,-1,-1
1536,17,992,277,16,28,-1,-1,-1,-1
1537,17,991,277,17,29,-1,-1,-1,-1
1538,17,991,278,16,27,-1,-1,-1,-1
1539,17,990,278,17,27,-1,-1,-1,-1
1540,17,989,278,17,25,-1,-1,-1,-1
1541,17,989,278,17,25,-1,-1,-1,-1
1542,17,988,277,18,26,-1,-1,-1,-1
1543,17,990,278,17,24,-1,-1,-1,-1
1544,17,990,278,17,25,-1,-1,-1,-1
1545,17,990,278,17,24,-1,-1,-1,-1
1546,17,989,278,17,24,-1,-1,-1,-1
1547,17,988,277,17,26,-1,-1,-1,-1
1548,17,987,277,18,27,-1,-1,-1,-1
1549,17,987,277,18,27,-1,-1,-1,-1
1550,17,987,277,18,27,-1,-1,-1,-1
1551,17,988,277,17,28,-1,-1,-1,-1
1552,17,988,277,17,27,-1,-1,-1,-1
1553,17,988,277,17,28,-1,-1,-1,-1
1554,17,988,277,17,28,-1,-1,-1,-1
1555,17,988,277,17,28,-1,-1,-1,-1
1556,17,988,277,17,28,-1,-1,-1,-1
1557,17,988,277,17,28,-1,-1,-1,-1
1558,17,987,277,18,28,-1,-1,-1,-1
1559,17,989,278,17,26,-1,-1,-1,-1
1560,17,987,277,18,28,-1,-1,-1,-1
1561,17,987,277,17,28,-1,-1,-1,-1
1562,17,987,277,18,28,-1,-1,-1,-1
1563,17,987,277,18,28,-1,-1,-1,-1
1564,17,987,277,17,28,-1,-1,-1,-1
1565,17,987,277,17,28,-1,-1,-1,-1
1566,17,986,276,18,29,-1,-1,-1,-1
1567,17,987,276,17,28,-1,-1,-1,-1
1568,17,987,276,17,28,-1,-1,-1,-1
1569,17,987,276,18,28,-1,-1,-1,-1
1570,17,989,277,16,26,-1,-1,-1,-1
1571,17,988,277,17,26,-1,-1,-1,-1
1572,17,988,277,17,26,-1,-1,-1,-1
1573,17,989,277,16,26,-1,-1,-1,-1
1574,17,989,278,16,25,-1,-1,-1,-1
1575,17,987,276,17,28,-1,-1,-1,-1
1576,17,987,276,18,27,-1,-1,-1,-1
1577,17,989,278,16,25,-1,-1,-1,-1
1578,17,989,278,16,25,-1,-1,-1,-1
1579,17,989,278,16,25,-1,-1,-1,-1
1580,17,988,278,17,25,-1,-1,-1,-1
1581,17,988,277,17,25,-1,-1,-1,-1
1582,17,987,276,17,28,-1,-1,-1,-1
1583,17,987,276,17,28,-1,-1,-1,-1
1584,17,987,276,17,28,-1,-1,-1,-1
1585,17,987,276,17,28,-1,-1,-1,-1
1586,17,987,276,17,28,-1,-1,-1,-1
1587,17,987,277,17,27,-1,-1,-1,-1
1588,17,988,278,17,25,-1,-1,-1,-1
1589,17,987,277,17,27,-1,-1,-1,-1
1590,17,987,277,17,27,-1,-1,-1,-1
1591,17,987,277,17,27,-1,-1,-1,-1
1592,17,987,277,17,27,-1,-1,-1,-1
1593,17,987,277,17,27,-1,-1,-1,-1
1594,17,987,276,17,28,-1,-1,-1,-1
1595,17,987,277,18,27,-1,-1,-1,-1
1596,17,987,277,17,27,-1,-1,-1,-1
1597,17,987,277,17,27,-1,-1,-1,-1
1598,17,987,277,17,27,-1,-1,-1,-1
1599,17,987,277,17,27,-1,-1,-1,-1
1600,17,987,277,17,27,-1,-1,-1,-1
1601,17,987,277,17,27,-1,-1,-1,-1
1602,17,987,277,17,27,-1,-1,-1,-1
1603,17,987,277,17,27,-1,-1,-1,-1
1604,17,987,277,17,28,-1,-1,-1,-1
1605,17,987,277,17,27,-1,-1,-1,-1
1606,17,987,277,17,27,-1,-1,-1,-1
1607,17,987,277,17,27,-1,-1,-1,-1
1608,17,986,277,18,27,-1,-1,-1,-1
1609,17,986,277,18,27,-1,-1,-1,-1
1610,17,986,277,18,27,-1,-1,-1,-1
1611,17,986,277,18,27,-1,-1,-1,-1
1612,17,986,277,18,27,-1,-1,-1,-1
1613,17,986,277,18,27,-1,-1,-1,-1
1614,17,986,277,18,27,-1,-1,-1,-1
1615,17,986,277,18,27,-1,-1,-1,-1
1616,17,986,277,18,27,-1,-1,-1,-1
1617,17,987,277,17,27,-1,-1,-1,-1
1618,17,987,277,17,27,-1,-1,-1,-1
1619,17,987,277,17,27,-1,-1,-1,-1
1620,17,987,276,17,28,-1,-1,-1,-1
1621,17,987,276,17,28,-1,-1,-1,-1
1622,17,987,276,17,28,-1,-1,-1,-1
1623,17,987,276,17,28,-1,-1,-1,-1
1624,17,987,276,17,28,-1,-1,-1,-1
1625,17,986,276,18,28,-1,-1,-1,-1
1626,17,986,277,18,27,-1,-1,-1,-1
1627,17,986,277,18,28,-1,-1,-1,-1
1628,17,987,277,17,28,-1,-1,-1,-1
1629,17,986,277,18,27,-1,-1,-1,-1
1630,17,987,277,17,28,-1,-1,-1,-1
1631,17,987,277,17,28,-1,-1,-1,-1
1632,17,987,277,17,27,-1,-1,-1,-1
1633,17,987,277,17,28,-1,-1,-1,-1
1634,17,987,277,17,27,-1,-1,-1,-1
1635,17,986,277,18,28,-1,-1,-1,-1
1636,17,986,277,18,27,-1,-1,-1,-1
1637,17,986,277,18,27,-1,-1,-1,-1
1638,17,987,277,17,28,-1,-1,-1,-1
1639,17,987,277,17,28,-1,-1,-1,-1
1640,17,987,277,17,27,-1,-1,-1,-1
1641,17,987,277,17,28,-1,-1,-1,-1
1642,17,987,277,17,28,-1,-1,-1,-1
1643,17,987,277,18,28,-1,-1,-1,-1
1644,17,987,277,18,28,-1,-1,-1,-1
1645,17,986,277,18,28,-1,-1,-1,-1
1646,17,986,277,18,28,-1,-1,-1,-1
1647,17,986,277,18,28,-1,-1,-1,-1
1648,17,986,277,18,28,-1,-1,-1,-1
1649,17,986,277,18,28,-1,-1,-1,-1
1650,17,986,277,18,28,-1,-1,-1,-1
1651,17,986,277,18,28,-1,-1,-1,-1
1652,17,986,277,18,28,-1,-1,-1,-1
1653,17,986,277,18,28,-1,-1,-1,-1
1654,17,986,277,18,28,-1,-1,-1,-1
1655,17,986,277,18,28,-1,-1,-1,-1
1656,17,987,277,17,28,-1,-1,-1,-1
1657,17,987,277,17,28,-1,-1,-1,-1
1658,17,986,277,18,27,-1,-1,-1,-1
1659,17,986,277,18,27,-1,-1,-1,-1
1660,17,986,277,18,27,-1,-1,-1,-1
1661,17,986,277,18,27,-1,-1,-1,-1
1662,17,986,277,18,28,-1,-1,-1,-1
1663,17,986,277,18,28,-1,-1,-1,-1
1664,17,986,277,18,28,-1,-1,-1,-1
1665,17,986,277,18,28,-1,-1,-1,-1
1666,17,986,277,18,28,-1,-1,-1,-1
1667,17,986,277,18,27,-1,-1,-1,-1
1668,17,987,277,17,28,-1,-1,-1,-1
1669,17,986,277,18,28,-1,-1,-1,-1
1670,17,986,277,17,28,-1,-1,-1,-1
1671,17,986,277,17,28,-1,-1,-1,-1
1672,17,986,277,17,28,-1,-1,-1,-1
1673,17,986,277,17,28,-1,-1,-1,-1
1674,17,986,277,17,28,-1,-1,-1,-1
1675,17,986,277,18,28,-1,-1,-1,-1
1676,17,986,277,17,28,-1,-1,-1,-1
1677,17,986,277,17,28,-1,-1,-1,-1
1678,17,986,277,18,28,-1,-1,-1,-1
1679,17,986,277,17,28,-1,-1,-1,-1
1680,17,985,277,18,28,-1,-1,-1,-1
1681,17,985,277,18,28,-1,-1,-1,-1
1682,17,985,278,18,28,-1,-1,-1,-1
1683,17,985,278,18,27,-1,-1,-1,-1
1684,17,985,277,18,29,-1,-1,-1,-1
1685,17,985,278,18,28,-1,-1,-1,-1
1686,17,985,278,17,28,-1,-1,-1,-1
1687,17,985,278,18,28,-1,-1,-1,-1
1688,17,985,278,17,28,-1,-1,-1,-1
1689,17,985,278,18,28,-1,-1,-1,-1
1690,17,984,278,19,29,-1,-1,-1,-1
1691,17,984,278,18,29,-1,-1,-1,-1
1692,17,984,278,18,29,-1,-1,-1,-1
1693,17,984,278,18,29,-1,-1,-1,-1
1694,17,984,278,18,28,-1,-1,-1,-1
1695,17,984,278,18,29,-1,-1,-1,-1
1696,17,984,278,18,29,-1,-1,-1,-1
1697,17,984,278,18,29,-1,-1,-1,-1
1698,17,984,278,18,30,-1,-1,-1,-1
1699,17,984,278,18,30,-1,-1,-1,-1
1700,17,984,278,18,30,-1,-1,-1,-1
1701,17,984,278,18,30,-1,-1,-1,-1
1702,17,983,278,19,30,-1,-1,-1,-1
1703,17,983,278,19,29,-1,-1,-1,-1
1704,17,983,278,19,30,-1,-1,-1,-1
1705,17,983,278,19,30,-1,-1,-1,-1
1706,17,983,278,19,29,-1,-1,-1,-1
1707,17,983,278,18,29,-1,-1,-1,-1
1708,17,983,278,18,29,-1,-1,-1,-1
1709,17,983,278,18,29,-1,-1,-1,-1
1710,17,983,278,18,28,-1,-1,-1,-1
1711,17,983,278,18,29,-1,-1,-1,-1
1712,17,983,278,18,29,-1,-1,-1,-1
1713,17,983,278,18,30,-1,-1,-1,-1
1714,17,983,278,18,29,-1,-1,-1,-1
1715,17,983,278,18,29,-1,-1,-1,-1
1716,17,983,278,17,29,-1,-1,-1,-1
1717,17,982,277,18,30,-1,-1,-1,-1
1718,17,982,278,19,28,-1,-1,-1,-1
1719,17,982,278,18,29,-1,-1,-1,-1
1720,17,982,278,18,28,-1,-1,-1,-1
1721,17,983,278,16,28,-1,-1,-1,-1
1722,17,983,279,16,27,-1,-1,-1,-1
1723,17,983,279,17,28,-1,-1,-1,-1
1724,17,982,279,18,28,-1,-1,-1,-1
1725,17,982,279,17,28,-1,-1,-1,-1
1726,17,982,279,17,28,-1,-1,-1,-1
1727,17,982,279,17,28,-1,-1,-1,-1
1728,17,982,279,17,28,-1,-1,-1,-1
1729,17,982,278,17,29,-1,-1,-1,-1
1730,17,982,279,17,28,-1,-1,-1,-1
1731,17,982,279,17,28,-1,-1,-1,-1
1732,17,982,279,17,27,-1,-1,-1,-1
1733,17,982,279,17,28,-1,-1,-1,-1
1734,17,982,279,17,28,-1,-1,-1,-1
1735,17,982,279,17,27,-1,-1,-1,-1
1736,17,982,279,17,27,-1,-1,-1,-1
1737,17,982,279,17,27,-1,-1,-1,-1
1738,17,982,279,17,27,-1,-1,-1,-1
1739,17,982,279,17,27,-1,-1,-1,-1
1740,17,982,279,17,27,-1,-1,-1,-1
1741,17,982,279,17,27,-1,-1,-1,-1
1742,17,982,279,17,27,-1,-1,-1,-1
1743,17,982,279,17,27,-1,-1,-1,-1
1744,17,982,279,17,28,-1,-1,-1,-1
1745,17,981,279,18,27,-1,-1,-1,-1
1746,17,981,279,18,27,-1,-1,-1,-1
1747,17,981,279,18,27,-1,-1,-1,-1
1748,17,981,279,18,27,-1,-1,-1,-1
1749,17,981,279,18,27,-1,-1,-1,-1
1750,17,981,279,18,27,-1,-1,-1,-1
1751,17,981,279,18,27,-1,-1,-1,-1
1752,17,981,279,18,27,-1,-1,-1,-1
1753,17,981,279,17,27,-1,-1,-1,-1
1754,17,981,279,17,27,-1,-1,-1,-1
1755,17,981,279,17,27,-1,-1,-1,-1
1756,17,981,279,17,27,-1,-1,-1,-1
1757,17,981,279,17,27,-1,-1,-1,-1
1758,17,981,279,17,27,-1,-1,-1,-1
1759,17,981,279,17,27,-1,-1,-1,-1
1760,17,981,279,17,27,-1,-1,-1,-1
1761,17,980,279,18,27,-1,-1,-1,-1
1762,17,980,279,18,27,-1,-1,-1,-1
1763,17,980,279,18,27,-1,-1,-1,-1
1764,17,981,279,17,27,-1,-1,-1,-1
1765,17,980,279,18,27,-1,-1,-1,-1
1766,17,980,279,18,27,-1,-1,-1,-1
1767,17,981,279,17,27,-1,-1,-1,-1
1768,17,980,279,18,27,-1,-1,-1,-1
1769,17,981,279,17,27,-1,-1,-1,-1
1770,17,980,279,18,27,-1,-1,-1,-1
1771,17,980,279,18,27,-1,-1,-1,-1
1772,17,980,279,17,27,-1,-1,-1,-1
1773,17,980,279,18,27,-1,-1,-1,-1
1774,17,981,279,17,27,-1,-1,-1,-1
1775,17,981,279,17,27,-1,-1,-1,-1
1776,17,980,279,17,26,-1,-1,-1,-1
1777,17,981,279,17,26,-1,-1,-1,-1
1778,17,981,279,16,26,-1,-1,-1,-1
1779,17,981,280,16,26,-1,-1,-1,-1
1780,17,980,279,17,26,-1,-1,-1,-1
1781,17,980,279,16,26,-1,-1,-1,-1
1782,17,980,279,17,26,-1,-1,-1,-1
1783,17,981,279,16,26,-1,-1,-1,-1
1784,17,981,279,16,26,-1,-1,-1,-1
1785,17,981,279,16,26,-1,-1,-1,-1
1786,17,981,279,15,26,-1,-1,-1,-1
1787,17,981,280,15,25,-1,-1,-1,-1
1788,17,980,280,17,26,-1,-1,-1,-1
1789,17,981,280,15,25,-1,-1,-1,-1
1790,17,981,279,15,26,-1,-1,-1,-1
1791,17,981,279,15,26,-1,-1,-1,-1
1792,17,980,279,15,26,-1,-1,-1,-1
1793,17,980,279,15,26,-1,-1,-1,-1
1794,17,980,279,16,26,-1,-1,-1,-1
1795,17,979,279,17,28,-1,-1,-1,-1
1796,17,979,279,17,27,-1,-1,-1,-1
1797,17,979,279,17,27,-1,-1,-1,-1
1798,17,978,279,17,27,-1,-1,-1,-1
1799,17,978,278,17,28,-1,-1,-1,-1
1800,17,978,278,18,27,-1,-1,-1,-1
1801,17,978,279,17,27,-1,-1,-1,-1
1802,17,978,278,17,27,-1,-1,-1,-1
1803,17,978,279,17,27,-1,-1,-1,-1
1804,17,979,278,16,27,-1,-1,-1,-1
1805,17,978,277,17,29,-1,-1,-1,-1
1806,17,977,277,17,29,-1,-1,-1,-1
1807,17,977,277,17,29,-1,-1,-1,-1
1808,17,977,277,17,29,-1,-1,-1,-1
1809,17,976,277,18,30,-1,-1,-1,-1
1810,17,976,276,18,30,-1,-1,-1,-1
1811,17,977,277,17,29,-1,-1,-1,-1
1812,17,977,276,17,29,-1,-1,-1,-1
1813,17,976,276,17,29,-1,-1,-1,-1
1814,17,976,275,18,31,-1,-1,-1,-1
1815,17,976,276,18,30,-1,-1,-1,-1
1816,17,976,275,17,30,-1,-1,-1,-1
1817,17,976,276,18,29,-1,-1,-1,-1
1818,17,976,276,18,30,-1,-1,-1,-1
1819,17,976,277,17,28,-1,-1,-1,-1
1820,17,976,276,18,29,-1,-1,-1,-1
1821,17,976,276,17,29,-1,-1,-1,-1
1822,17,976,276,17,29,-1,-1,-1,-1
1823,17,976,276,17,29,-1,-1,-1,-1
1824,17,975,275,18,31,-1,-1,-1,-1
1825,17,976,275,18,30,-1,-1,-1,-1
1826,17,976,274,17,30,-1,-1,-1,-1
1827,17,976,275,17,30,-1,-1,-1,-1
1828,17,976,275,18,30,-1,-1,-1,-1
1829,17,975,274,18,30,-1,-1,-1,-1
1830,17,975,275,18,29,-1,-1,-1,-1
1831,17,975,274,18,30,-1,-1,-1,-1
1832,17,975,274,18,30,-1,-1,-1,-1
1833,17,976,273,17,30,-1,-1,-1,-1
1834,17,976,273,17,30,-1,-1,-1,-1
1835,17,975,273,18,30,-1,-1,-1,-1
1836,17,975,273,18,31,-1,-1,-1,-1
1837,17,975,274,18,30,-1,-1,-1,-1
1838,17,975,273,18,30,-1,-1,-1,-1
1839,17,975,273,18,30,-1,-1,-1,-1
1840,17,975,273,18,30,-1,-1,-1,-1
1841,17,975,273,18,30,-1,-1,-1,-1
1842,17,975,274,18,30,-1,-1,-1,-1
1843,17,975,273,18,30,-1,-1,-1,-1
1844,17,975,273,17,30,-1,-1,-1,-1
1845,17,975,273,17,30,-1,-1,-1,-1
1846,17,975,273,17,30,-1,-1,-1,-1
1847,17,975,273,17,30,-1,-1,-1,-1
1848,17,975,273,18,30,-1,-1,-1,-1
1849,17,975,273,17,30,-1,-1,-1,-1
1850,17,975,273,18,30,-1,-1,-1,-1
1851,17,975,273,18,30,-1,-1,-1,-1
1852,17,975,274,18,30,-1,-1,-1,-1
1853,17,975,273,18,30,-1,-1,-1,-1
1854,17,975,273,18,30,-1,-1,-1,-1
1855,17,975,273,18,30,-1,-1,-1,-1
1856,17,975,273,17,30,-1,-1,-1,-1
1857,17,975,272,17,31,-1,-1,-1,-1
1858,17,975,272,17,30,-1,-1,-1,-1
1859,17,975,273,17,30,-1,-1,-1,-1
1860,17,975,273,17,29,-1,-1,-1,-1
1861,17,975,273,17,29,-1,-1,-1,-1
1862,17,975,274,17,29,-1,-1,-1,-1
1863,17,975,273,18,30,-1,-1,-1,-1
1864,17,974,274,19,30,-1,-1,-1,-1
1865,17,975,275,18,28,-1,-1,-1,-1
1866,17,975,273,18,29,-1,-1,-1,-1
1867,17,975,273,18,29,-1,-1,-1,-1
1868,17,975,274,18,29,-1,-1,-1,-1
1869,17,975,273,17,29,-1,-1,-1,-1
1870,17,974,273,19,30,-1,-1,-1,-1
1871,17,974,273,19,30,-1,-1,-1,-1
1872,17,974,272,18,30,-1,-1,-1,-1
1873,17,974,271,19,31,-1,-1,-1,-1
1874,17,974,271,18,31,-1,-1,-1,-1
1875,17,974,271,18,31,-1,-1,-1,-1
1876,17,974,271,18,31,-1,-1,-1,-1
1877,17,975,271,17,30,-1,-1,-1,-1
1878,17,975,270,17,31,-1,-1,-1,-1
1879,17,975,271,17,30,-1,-1,-1,-1
1880,17,975,271,17,30,-1,-1,-1,-1
1881,17,974,271,18,31,-1,-1,-1,-1
1882,17,974,272,17,30,-1,-1,-1,-1
1883,17,974,271,17,31,-1,-1,-1,-1
1884,17,974,271,17,31,-1,-1,-1,-1
1885,17,974,271,18,31,-1,-1,-1,-1
1886,17,973,272,18,30,-1,-1,-1,-1
1887,17,973,272,18,29,-1,-1,-1,-1
1888,17,973,271,18,30,-1,-1,-1,-1
1889,17,973,272,18,29,-1,-1,-1,-1
1890,17,973,272,18,30,-1,-1,-1,-1
1891,17,973,272,18,30,-1,-1,-1,-1
1892,17,973,272,18,30,-1,-1,-1,-1
1893,17,973,271,18,31,-1,-1,-1,-1
1894,17,973,271,18,31,-1,-1,-1,-1
1895,17,973,271,18,31,-1,-1,-1,-1
1896,17,973,271,18,31,-1,-1,-1,-1
1897,17,973,272,17,29,-1,-1,-1,-1
1898,17,973,272,17,29,-1,-1,-1,-1
1899,17,973,272,17,29,-1,-1,-1,-1
1900,17,973,272,17,29,-1,-1,-1,-1
1901,17,972,271,18,31,-1,-1,-1,-1
1902,17,972,271,18,31,-1,-1,-1,-1
1903,17,973,272,17,30,-1,-1,-1,-1
1904,17,972,271,18,31,-1,-1,-1,-1
1905,17,972,274,17,27,-1,-1,-1,-1
1906,17,972,274,17,28,-1,-1,-1,-1
1907,17,972,274,16,27,-1,-1,-1,-1
1908,17,972,274,17,28,-1,-1,-1,-1
1909,17,972,272,18,30,-1,-1,-1,-1
1910,17,973,272,17,30,-1,-1,-1,-1
1911,17,973,271,17,31,-1,-1,-1,-1
1912,17,972,274,17,27,-1,-1,-1,-1
1913,17,972,271,18,30,-1,-1,-1,-1
1914,17,971,273,18,28,-1,-1,-1,-1
1915,17,971,274,18,27,-1,-1,-1,-1
1916,17,971,274,18,28,-1,-1,-1,-1
1917,17,971,274,18,28,-1,-1,-1,-1
1918,17,971,274,18,28,-1,-1,-1,-1
1919,17,971,274,18,28,-1,-1,-1,-1
1920,17,971,273,18,29,-1,-1,-1,-1
1921,17,972,273,18,30,-1,-1,-1,-1
1922,17,971,274,18,28,-1,-1,-1,-1
1923,17,971,273,18,30,-1,-1,-1,-1
1924,17,971,274,18,28,-1,-1,-1,-1
1925,17,971,273,18,29,-1,-1,-1,-1
1926,17,973,271,18,31,-1,-1,-1,-1
1927,17,973,272,17,30,-1,-1,-1,-1
1928,17,972,271,18,31,-1,-1,-1,-1
1929,17,972,271,18,31,-1,-1,-1,-1
1930,17,972,271,18,31,-1,-1,-1,-1
1931,17,972,271,18,31,-1,-1,-1,-1
1932,17,972,271,18,31,-1,-1,-1,-1
1933,17,972,272,18,30,-1,-1,-1,-1
1934,17,972,271,18,31,-1,-1,-1,-1
1935,17,972,271,18,31,-1,-1,-1,-1
1936,17,972,271,18,30,-1,-1,-1,-1
1937,17,972,271,18,30,-1,-1,-1,-1
1938,17,972,271,18,30,-1,-1,-1,-1
1939,17,972,271,18,31,-1,-1,-1,-1
1940,17,972,271,18,31,-1,-1,-1,-1
1941,17,972,271,18,31,-1,-1,-1,-1
1942,17,972,271,18,31,-1,-1,-1,-1
1943,17,972,271,18,31,-1,-1,-1,-1
1944,17,972,271,18,31,-1,-1,-1,-1
1945,17,972,271,18,31,-1,-1,-1,-1
1946,17,972,271,18,31,-1,-1,-1,-1
1947,17,972,270,18,32,-1,-1,-1,-1
1948,17,972,271,18,31,-1,-1,-1,-1
1949,17,972,270,18,32,-1,-1,-1,-1
1950,17,972,270,18,32,-1,-1,-1,-1
1951,17,972,270,18,31,-1,-1,-1,-1
1952,17,972,271,18,31,-1,-1,-1,-1
1953,17,972,271,18,31,-1,-1,-1,-1
1954,17,972,272,18,30,-1,-1,-1,-1
1955,17,972,271,18,31,-1,-1,-1,-1
1956,17,972,271,18,31,-1,-1,-1,-1
1957,17,972,271,18,31,-1,-1,-1,-1
1958,17,972,271,18,31,-1,-1,-1,-1
1959,17,972,271,18,31,-1,-1,-1,-1
1960,17,972,271,18,31,-1,-1,-1,-1
1961,17,972,271,18,31,-1,-1,-1,-1
1962,17,972,272,18,30,-1,-1,-1,-1
1963,17,972,272,18,30,-1,-1,-1,-1
1964,17,973,273,17,29,-1,-1,-1,-1
1965,17,973,273,17,29,-1,-1,-1,-1
1966,17,973,273,17,29,-1,-1,-1,-1
1967,17,973,272,17,30,-1,-1,-1,-1
1968,17,972,272,18,30,-1,-1,-1,-1
1969,17,972,272,19,30,-1,-1,-1,-1
1970,17,973,272,18,30,-1,-1,-1,-1
1971,17,972,273,19,29,-1,-1,-1,-1
1972,17,972,273,19,29,-1,-1,-1,-1
1973,17,973,273,18,29,-1,-1,-1,-1
1974,17,973,273,18,29,-1,-1,-1,-1
1975,17,972,274,18,29,-1,-1,-1,-1
1976,17,972,274,17,28,-1,-1,-1,-1
1977,17,973,272,18,31,-1,-1,-1,-1
1978,17,972,274,17,28,-1,-1,-1,-1
1979,17,972,274,16,27,-1,-1,-1,-1
1980,17,972,274,17,28,-1,-1,-1,-1
1981,17,973,272,17,30,-1,-1,-1,-1
1982,17,972,275,16,27,-1,-1,-1,-1
1983,17,973,271,17,30,-1,-1,-1,-1
1984,17,973,272,17,30,-1,-1,-1,-1
1985,17,973,272,17,29,-1,-1,-1,-1
1986,17,972,274,17,28,-1,-1,-1,-1
1987,17,972,274,17,29,-1,-1,-1,-1
1988,17,972,275,16,27,-1,-1,-1,-1
1989,17,972,273,17,29,-1,-1,-1,-1
1990,17,972,274,17,28,-1,-1,-1,-1
1991,17,972,275,17,27,-1,-1,-1,-1
1992,17,972,275,17,28,-1,-1,-1,-1
1993,17,972,274,17,29,-1,-1,-1,-1
1994,17,972,274,17,28,-1,-1,-1,-1
1995,17,972,274,17,28,-1,-1,-1,-1
1996,17,972,273,19,30,-1,-1,-1,-1
1997,17,972,272,18,31,-1,-1,-1,-1
1998,17,971,274,18,28,-1,-1,-1,-1
1999,17,972,274,17,29,-1,-1,-1,-1
2000,17,971,274,18,29,-1,-1,-1,-1
2001,17,971,273,18,29,-1,-1,-1,-1
2002,17,972,273,18,29,-1,-1,-1,-1
2003,17,971,272,19,30,-1,-1,-1,-1
2004,17,972,273,18,29,-1,-1,-1,-1
2005,17,972,273,18,29,-1,-1,-1,-1
2006,17,972,273,18,29,-1,-1,-1,-1
2007,17,972,272,18,30,-1,-1,-1,-1
2008,17,972,272,18,30,-1,-1,-1,-1
2009,17,972,273,18,29,-1,-1,-1,-1
2010,17,972,272,18,30,-1,-1,-1,-1
2011,17,972,272,18,30,-1,-1,-1,-1
2012,17,972,271,18,31,-1,-1,-1,-1
2013,17,972,271,18,30,-1,-1,-1,-1
2014,17,972,270,19,31,-1,-1,-1,-1
2015,17,972,270,19,31,-1,-1,-1,-1
2016,17,972,268,18,33,-1,-1,-1,-1
2017,17,972,270,18,31,-1,-1,-1,-1
2018,17,972,271,17,29,-1,-1,-1,-1
2019,17,972,271,17,29,-1,-1,-1,-1
2020,17,972,271,17,29,-1,-1,-1,-1
2021,17,972,271,17,30,-1,-1,-1,-1
2022,17,972,272,17,29,-1,-1,-1,-1
2023,17,972,272,17,29,-1,-1,-1,-1
2024,17,972,273,18,29,-1,-1,-1,-1
2025,17,972,272,17,29,-1,-1,-1,-1
2026,17,972,272,17,30,-1,-1,-1,-1
2027,17,972,273,17,28,-1,-1,-1,-1
2028,17,972,272,17,29,-1,-1,-1,-1
2029,17,972,273,17,28,-1,-1,-1,-1
2030,17,972,273,17,28,-1,-1,-1,-1
2031,17,972,273,17,29,-1,-1,-1,-1
2032,17,972,273,16,28,-1,-1,-1,-1
2033,17,972,273,16,28,-1,-1,-1,-1
2034,17,972,273,17,28,-1,-1,-1,-1
2035,17,972,273,17,29,-1,-1,-1,-1
2036,17,972,272,17,30,-1,-1,-1,-1
2037,17,972,273,17,28,-1,-1,-1,-1
2038,17,971,273,17,29,-1,-1,-1,-1
2039,17,971,273,17,29,-1,-1,-1,-1
2040,17,972,273,16,29,-1,-1,-1,-1
2041,17,972,274,16,28,-1,-1,-1,-1
2042,17,971,273,17,29,-1,-1,-1,-1
2043,17,971,273,17,29,-1,-1,-1,-1
2044,17,971,272,18,30,-1,-1,-1,-1
2045,17,971,272,18,30,-1,-1,-1,-1
2046,17,971,271,18,31,-1,-1,-1,-1
2047,17,971,271,18,30,-1,-1,-1,-1
2048,17,971,271,18,31,-1,-1,-1,-1
2049,17,971,271,18,31,-1,-1,-1,-1
2050,17,971,271,18,31,-1,-1,-1,-1
2051,17,971,272,18,30,-1,-1,-1,-1
2052,17,971,271,18,31,-1,-1,-1,-1
2053,17,971,271,18,31,-1,-1,-1,-1
2054,17,971,271,18,31,-1,-1,-1,-1
2055,17,971,271,17,31,-1,-1,-1,-1
2056,17,970,271,18,31,-1,-1,-1,-1
2057,17,970,271,18,31,-1,-1,-1,-1
2058,17,971,271,17,31,-1,-1,-1,-1
2072,33,971,272,17,30,-1,-1,-1,-1
2073,33,970,272,18,30,-1,-1,-1,-1
2074,33,970,272,18,30,-1,-1,-1,-1
2075,33,970,271,18,31,-1,-1,-1,-1
2076,33,971,270,17,31,-1,-1,-1,-1
2077,33,971,272,17,29,-1,-1,-1,-1
2078,33,971,272,17,30,-1,-1,-1,-1
2079,33,971,271,17,31,-1,-1,-1,-1
2082,34,971,270,18,31,-1,-1,-1,-1
2083,34,971,271,17,30,-1,-1,-1,-1
2084,34,971,270,17,30,-1,-1,-1,-1
2085,34,971,270,17,31,-1,-1,-1,-1
2086,34,971,271,17,30,-1,-1,-1,-1
2091,17,971,272,17,30,-1,-1,-1,-1
2092,17,971,272,17,30,-1,-1,-1,-1
2093,17,971,272,17,30,-1,-1,-1,-1
2094,17,970,271,17,30,-1,-1,-1,-1
2095,17,971,271,17,30,-1,-1,-1,-1
2096,17,971,271,17,31,-1,-1,-1,-1
2100,33,971,271,17,30,-1,-1,-1,-1
2101,33,971,271,17,30,-1,-1,-1,-1
2102,33,971,271,17,30,-1,-1,-1,-1
2103,33,971,271,17,30,-1,-1,-1,-1
2104,33,971,270,17,31,-1,-1,-1,-1
2105,33,970,270,18,31,-1,-1,-1,-1
2106,33,970,271,17,29,-1,-1,-1,-1
2107,33,970,271,18,30,-1,-1,-1,-1
2108,33,970,271,18,30,-1,-1,-1,-1
2109,33,970,271,17,30,-1,-1,-1,-1
