11,0,0,593,26,61,-1,-1,-1,-1
12,0,0,592,28,61,-1,-1,-1,-1
13,0,0,591,28,63,-1,-1,-1,-1
14,0,0,590,27,64,-1,-1,-1,-1
15,0,0,590,28,64,-1,-1,-1,-1
16,0,0,589,28,66,-1,-1,-1,-1
17,0,0,589,27,65,-1,-1,-1,-1
18,0,0,588,29,66,-1,-1,-1,-1
19,0,0,587,29,66,-1,-1,-1,-1
20,0,0,584,29,67,-1,-1,-1,-1
21,0,0,580,29,70,-1,-1,-1,-1
22,0,0,577,31,71,-1,-1,-1,-1
23,0,0,578,32,69,-1,-1,-1,-1
24,0,0,576,34,71,-1,-1,-1,-1
25,0,0,578,33,67,-1,-1,-1,-1
26,0,0,579,34,66,-1,-1,-1,-1
27,0,2,583,32,61,-1,-1,-1,-1
28,0,3,584,32,59,-1,-1,-1,-1
29,0,3,585,32,58,-1,-1,-1,-1
30,0,4,584,32,58,-1,-1,-1,-1
31,0,5,584,32,56,-1,-1,-1,-1
32,0,5,583,32,57,-1,-1,-1,-1
33,0,6,581,34,59,-1,-1,-1,-1
34,0,3,581,35,60,-1,-1,-1,-1
35,0,5,580,35,62,-1,-1,-1,-1
36,0,6,579,35,65,-1,-1,-1,-1
37,0,6,581,36,63,-1,-1,-1,-1
38,0,7,581,34,64,-1,-1,-1,-1
39,0,6,580,36,64,-1,-1,-1,-1
40,0,9,579,35,65,-1,-1,-1,-1
41,0,10,578,35,66,-1,-1,-1,-1
42,0,10,578,36,65,-1,-1,-1,-1
43,0,9,575,40,67,-1,-1,-1,-1
44,0,10,574,40,69,-1,-1,-1,-1
45,0,10,569,41,74,-1,-1,-1,-1
46,0,11,573,42,69,-1,-1,-1,-1
47,0,11,575,41,67,-1,-1,-1,-1
48,0,10,574,38,67,-1,-1,-1,-1
49,0,11,567,40,75,-1,-1,-1,-1
50,0,11,571,38,69,-1,-1,-1,-1
51,0,15,568,40,73,-1,-1,-1,-1
52,0,14,563,41,79,-1,-1,-1,-1
53,0,14,564,41,77,-1,-1,-1,-1
54,0,17,567,38,74,-1,-1,-1,-1
55,0,19,567,38,73,-1,-1,-1,-1
56,0,20,565,37,75,-1,-1,-1,-1
57,0,20,566,37,72,-1,-1,-1,-1
58,0,22,569,36,68,-1,-1,-1,-1
59,0,22,568,36,68,-1,-1,-1,-1
60,0,23,569,37,67,-1,-1,-1,-1
61,0,23,570,37,64,-1,-1,-1,-1
62,0,23,571,38,63,-1,-1,-1,-1
63,0,24,571,38,63,-1,-1,-1,-1
64,0,23,571,39,63,-1,-1,-1,-1
65,0,24,571,38,63,-1,-1,-1,-1
66,0,24,571,38,64,-1,-1,-1,-1
67,0,25,568,40,66,-1,-1,-1,-1
68,0,25,566,42,67,-1,-1,-1,-1
69,0,28,564,39,71,-1,-1,-1,-1
70,0,27,566,40,69,-1,-1,-1,-1
71,0,28,567,40,67,-1,-1,-1,-1
72,0,30,566,37,68,-1,-1,-1,-1
73,0,31,567,37,66,-1,-1,-1,-1
74,0,32,566,37,64,-1,-1,-1,-1
75,0,30,567,39,63,-1,-1,-1,-1
76,0,33,567,38,63,-1,-1,-1,-1
77,0,36,568,38,62,-1,-1,-1,-1
78,0,36,569,39,61,-1,-1,-1,-1
79,0,37,568,39,62,-1,-1,-1,-1
80,0,37,568,39,62,-1,-1,-1,-1
81,0,36,566,39,64,-1,-1,-1,-1
82,0,35,565,39,65,-1,-1,-1,-1
83,0,36,566,39,64,-1,-1,-1,-1
84,0,36,566,39,63,-1,-1,-1,-1
85,0,37,566,38,62,-1,-1,-1,-1
86,0,37,566,39,61,-1,-1,-1,-1
87,0,37,565,39,61,-1,-1,-1,-1
88,0,45,568,33,58,-1,-1,-1,-1
89,0,39,563,38,62,-1,-1,-1,-1
90,0,38,563,39,62,-1,-1,-1,-1
91,0,39,559,38,65,-1,-1,-1,-1
92,0,39,557,39,66,-1,-1,-1,-1
93,0,39,558,39,65,-1,-1,-1,-1
94,0,40,558,39,66,-1,-1,-1,-1
95,0,42,558,38,66,-1,-1,-1,-1
96,0,44,560,38,64,-1,-1,-1,-1
97,0,43,561,38,62,-1,-1,-1,-1
98,0,43,561,39,63,-1,-1,-1,-1
99,0,43,562,39,60,-1,-1,-1,-1
100,0,43,560,40,61,-1,-1,-1,-1
101,0,44,559,39,61,-1,-1,-1,-1
102,0,45,554,38,65,-1,-1,-1,-1
103,0,44,552,39,65,-1,-1,-1,-1
104,0,45,551,39,66,-1,-1,-1,-1
105,0,45,548,41,69,-1,-1,-1,-1
106,0,46,549,40,68,-1,-1,-1,-1
107,0,47,550,39,66,-1,-1,-1,-1
108,0,47,550,40,65,-1,-1,-1,-1
109,0,49,550,39,65,-1,-1,-1,-1
110,0,49,548,40,68,-1,-1,-1,-1
111,0,50,547,40,69,-1,-1,-1,-1
112,0,51,546,41,70,-1,-1,-1,-1
113,0,52,547,42,68,-1,-1,-1,-1
114,0,56,548,36,67,-1,-1,-1,-1
115,0,57,549,34,66,-1,-1,-1,-1
116,0,57,549,34,65,-1,-1,-1,-1
117,0,58,550,34,63,-1,-1,-1,-1
118,0,57,549,38,65,-1,-1,-1,-1
119,0,58,547,40,66,-1,-1,-1,-1
120,0,60,547,39,66,-1,-1,-1,-1
121,0,60,545,43,69,-1,-1,-1,-1
122,0,57,540,49,71,-1,-1,-1,-1
123,0,55,540,50,71,-1,-1,-1,-1
124,0,55,538,50,71,-1,-1,-1,-1
125,0,58,535,45,74,-1,-1,-1,-1
126,0,57,535,46,76,-1,-1,-1,-1
127,0,59,536,44,77,-1,-1,-1,-1
128,0,60,537,43,76,-1,-1,-1,-1
129,0,60,538,43,75,-1,-1,-1,-1
130,0,62,540,42,74,-1,-1,-1,-1
131,0,65,542,41,72,-1,-1,-1,-1
132,0,65,543,41,71,-1,-1,-1,-1
133,0,67,546,37,66,-1,-1,-1,-1
134,0,68,547,36,65,-1,-1,-1,-1
135,0,68,546,37,66,-1,-1,-1,-1
136,0,70,539,40,72,-1,-1,-1,-1
137,0,69,538,41,73,-1,-1,-1,-1
138,0,73,542,37,68,-1,-1,-1,-1
139,0,73,541,43,69,-1,-1,-1,-1
140,0,73,541,41,69,-1,-1,-1,-1
141,0,72,541,40,68,-1,-1,-1,-1
142,0,73,539,40,70,-1,-1,-1,-1
143,0,74,540,40,69,-1,-1,-1,-1
144,0,77,540,38,69,-1,-1,-1,-1
145,0,82,546,33,61,-1,-1,-1,-1
146,0,84,552,33,54,-1,-1,-1,-1
147,0,83,548,32,58,-1,-1,-1,-1
148,0,83,549,31,56,-1,-1,-1,-1
149,0,82,546,33,60,-1,-1,-1,-1
274,1,54,326,29,44,-1,-1,-1,-1
275,1,54,328,27,40,-1,-1,-1,-1
276,1,59,332,23,40,-1,-1,-1,-1
277,1,56,328,26,43,-1,-1,-1,-1
278,1,60,332,22,40,-1,-1,-1,-1
279,1,60,331,23,40,-1,-1,-1,-1
280,1,59,329,25,42,-1,-1,-1,-1
281,1,59,324,27,41,-1,-1,-1,-1
282,1,60,324,26,41,-1,-1,-1,-1
283,1,59,323,27,40,-1,-1,-1,-1
284,1,60,323,26,41,-1,-1,-1,-1
285,1,60,324,27,41,-1,-1,-1,-1
286,1,62,324,27,41,-1,-1,-1,-1
287,1,63,327,27,42,-1,-1,-1,-1
383,2,17,345,26,47,-1,-1,-1,-1
384,2,17,344,27,51,-1,-1,-1,-1
385,2,18,348,27,44,-1,-1,-1,-1
386,2,19,347,27,45,-1,-1,-1,-1
387,2,20,348,27,43,-1,-1,-1,-1
388,2,24,350,25,43,-1,-1,-1,-1
389,2,27,350,23,41,-1,-1,-1,-1
390,2,27,351,24,41,-1,-1,-1,-1
391,2,28,351,25,41,-1,-1,-1,-1
392,2,28,350,26,42,-1,-1,-1,-1
393,2,28,349,27,39,-1,-1,-1,-1
394,2,28,347,29,40,-1,-1,-1,-1
395,2,29,346,31,43,-1,-1,-1,-1
396,2,29,347,30,42,-1,-1,-1,-1
397,2,29,348,31,44,-1,-1,-1,-1
398,2,29,348,31,43,-1,-1,-1,-1
399,2,29,347,31,43,-1,-1,-1,-1
400,2,30,349,33,45,-1,-1,-1,-1
401,2,32,351,32,43,-1,-1,-1,-1
402,2,34,351,32,43,-1,-1,-1,-1
396,3,144,315,26,42,-1,-1,-1,-1
397,3,145,315,27,41,-1,-1,-1,-1
398,3,145,316,28,42,-1,-1,-1,-1
399,3,146,318,28,41,-1,-1,-1,-1
400,3,147,317,26,41,-1,-1,-1,-1
401,3,146,315,26,42,-1,-1,-1,-1
402,3,146,316,26,41,-1,-1,-1,-1
403,3,146,315,25,43,-1,-1,-1,-1
404,3,148,316,25,41,-1,-1,-1,-1
405,3,148,317,24,40,-1,-1,-1,-1
406,3,154,318,21,38,-1,-1,-1,-1
407,3,155,319,22,38,-1,-1,-1,-1
408,3,150,317,23,39,-1,-1,-1,-1
409,3,152,317,21,39,-1,-1,-1,-1
406,4,38,345,28,42,-1,-1,-1,-1
407,4,39,347,29,38,-1,-1,-1,-1
408,4,40,346,28,39,-1,-1,-1,-1
409,4,40,347,29,40,-1,-1,-1,-1
410,4,40,346,29,41,-1,-1,-1,-1
411,4,40,346,29,41,-1,-1,-1,-1
412,4,41,345,29,41,-1,-1,-1,-1
413,4,41,347,31,42,-1,-1,-1,-1
414,4,42,347,30,43,-1,-1,-1,-1
415,4,44,347,31,45,-1,-1,-1,-1
416,4,45,347,30,43,-1,-1,-1,-1
417,4,47,344,30,46,-1,-1,-1,-1
418,4,48,343,29,45,-1,-1,-1,-1
419,4,49,342,29,45,-1,-1,-1,-1
420,4,49,341,29,48,-1,-1,-1,-1
421,4,49,341,29,49,-1,-1,-1,-1
422,4,49,341,29,49,-1,-1,-1,-1
423,4,50,341,28,49,-1,-1,-1,-1
424,4,51,341,28,48,-1,-1,-1,-1
425,4,52,340,28,47,-1,-1,-1,-1
426,4,53,342,28,44,-1,-1,-1,-1
427,4,53,343,28,44,-1,-1,-1,-1
428,4,52,343,29,43,-1,-1,-1,-1
429,4,54,342,27,43,-1,-1,-1,-1
430,4,55,341,27,42,-1,-1,-1,-1
431,4,57,340,25,42,-1,-1,-1,-1
432,4,57,340,25,41,-1,-1,-1,-1
433,4,58,341,24,40,-1,-1,-1,-1
434,4,58,341,25,40,-1,-1,-1,-1
435,4,58,341,26,41,-1,-1,-1,-1
436,4,58,341,26,42,-1,-1,-1,-1
437,4,61,341,23,41,-1,-1,-1,-1
438,4,62,342,24,41,-1,-1,-1,-1
439,4,63,342,23,42,-1,-1,-1,-1
440,4,63,342,23,42,-1,-1,-1,-1
441,4,64,344,24,39,-1,-1,-1,-1
442,4,67,340,22,42,-1,-1,-1,-1
443,4,68,340,21,41,-1,-1,-1,-1
444,4,68,337,22,42,-1,-1,-1,-1
445,4,69,338,22,43,-1,-1,-1,-1
446,4,70,337,22,43,-1,-1,-1,-1
447,4,71,337,23,43,-1,-1,-1,-1
448,4,72,337,23,43,-1,-1,-1,-1
449,4,74,337,22,42,-1,-1,-1,-1
450,4,74,338,23,42,-1,-1,-1,-1
451,4,75,338,22,42,-1,-1,-1,-1
452,4,75,338,22,41,-1,-1,-1,-1
453,4,75,337,22,41,-1,-1,-1,-1
454,4,76,338,22,40,-1,-1,-1,-1
455,4,77,337,22,41,-1,-1,-1,-1
456,4,77,338,24,41,-1,-1,-1,-1
457,4,78,337,22,41,-1,-1,-1,-1
458,4,78,338,24,41,-1,-1,-1,-1
459,4,79,339,23,40,-1,-1,-1,-1
460,4,78,339,22,41,-1,-1,-1,-1
461,4,79,341,24,39,-1,-1,-1,-1
462,4,79,342,23,38,-1,-1,-1,-1
463,4,79,341,25,40,-1,-1,-1,-1
464,4,80,341,25,40,-1,-1,-1,-1
465,4,80,341,24,39,-1,-1,-1,-1
466,4,81,341,23,39,-1,-1,-1,-1
467,4,81,341,24,39,-1,-1,-1,-1
468,4,82,340,23,40,-1,-1,-1,-1
469,4,83,339,23,40,-1,-1,-1,-1
470,4,85,339,22,40,-1,-1,-1,-1
471,4,86,339,21,39,-1,-1,-1,-1
472,4,87,339,21,39,-1,-1,-1,-1
473,4,90,340,20,38,-1,-1,-1,-1
474,4,90,340,21,38,-1,-1,-1,-1
475,4,90,339,22,40,-1,-1,-1,-1
476,4,91,338,21,41,-1,-1,-1,-1
477,4,91,339,23,41,-1,-1,-1,-1
478,4,93,339,22,40,-1,-1,-1,-1
479,4,97,339,23,40,-1,-1,-1,-1
480,4,98,339,24,41,-1,-1,-1,-1
481,4,98,338,23,41,-1,-1,-1,-1
482,4,99,339,23,40,-1,-1,-1,-1
483,4,99,338,24,40,-1,-1,-1,-1
484,4,100,338,24,41,-1,-1,-1,-1
485,4,101,338,24,40,-1,-1,-1,-1
486,4,101,339,24,39,-1,-1,-1,-1
487,4,101,340,25,38,-1,-1,-1,-1
488,4,102,339,25,39,-1,-1,-1,-1
489,4,100,339,25,42,-1,-1,-1,-1
490,4,102,339,26,40,-1,-1,-1,-1
491,4,102,340,26,40,-1,-1,-1,-1
492,4,102,340,25,40,-1,-1,-1,-1
493,4,102,339,27,41,-1,-1,-1,-1
494,4,103,340,25,42,-1,-1,-1,-1
495,4,103,341,26,41,-1,-1,-1,-1
496,4,105,339,24,41,-1,-1,-1,-1
500,4,107,337,22,41,-1,-1,-1,-1
501,4,107,337,22,41,-1,-1,-1,-1
502,4,108,338,21,40,-1,-1,-1,-1
553,6,136,334,22,37,-1,-1,-1,-1
554,6,137,335,22,37,-1,-1,-1,-1
555,6,143,334,22,38,-1,-1,-1,-1
556,6,145,335,22,37,-1,-1,-1,-1
557,6,146,336,21,36,-1,-1,-1,-1
565,7,153,332,23,39,-1,-1,-1,-1
566,7,152,332,25,40,-1,-1,-1,-1
567,7,153,332,23,41,-1,-1,-1,-1
568,7,153,332,24,41,-1,-1,-1,-1
569,7,153,333,24,41,-1,-1,-1,-1
570,7,153,333,25,42,-1,-1,-1,-1
571,7,153,333,25,41,-1,-1,-1,-1
573,7,155,331,25,41,-1,-1,-1,-1
574,7,157,330,24,43,-1,-1,-1,-1
575,7,158,330,23,42,-1,-1,-1,-1
576,7,160,331,21,39,-1,-1,-1,-1
577,7,161,333,21,38,-1,-1,-1,-1
578,7,162,333,20,38,-1,-1,-1,-1
579,7,164,334,19,37,-1,-1,-1,-1
580,7,164,335,20,37,-1,-1,-1,-1
581,7,165,335,20,39,-1,-1,-1,-1
582,7,166,335,20,40,-1,-1,-1,-1
583,7,167,334,20,39,-1,-1,-1,-1
584,7,168,333,19,40,-1,-1,-1,-1
585,7,169,334,20,39,-1,-1,-1,-1
586,7,170,334,20,39,-1,-1,-1,-1
587,7,170,334,19,39,-1,-1,-1,-1
588,7,170,334,21,40,-1,-1,-1,-1
589,7,171,334,19,38,-1,-1,-1,-1
590,7,171,332,20,38,-1,-1,-1,-1
591,7,171,332,22,38,-1,-1,-1,-1
592,7,169,331,23,38,-1,-1,-1,-1
593,7,170,330,24,39,-1,-1,-1,-1
594,7,170,331,26,44,-1,-1,-1,-1
595,7,170,332,26,43,-1,-1,-1,-1
596,7,171,332,26,42,-1,-1,-1,-1
597,7,171,331,27,42,-1,-1,-1,-1
598,7,171,331,27,43,-1,-1,-1,-1
599,7,173,331,25,42,-1,-1,-1,-1
600,7,174,331,24,42,-1,-1,-1,-1
601,7,175,332,25,43,-1,-1,-1,-1
602,7,175,331,25,43,-1,-1,-1,-1
603,7,176,332,24,42,-1,-1,-1,-1
604,7,176,331,23,41,-1,-1,-1,-1
605,7,178,331,22,41,-1,-1,-1,-1
606,7,180,331,23,41,-1,-1,-1,-1
607,7,183,329,22,41,-1,-1,-1,-1
608,7,184,328,22,42,-1,-1,-1,-1
609,7,184,328,21,42,-1,-1,-1,-1
610,7,185,328,20,42,-1,-1,-1,-1
611,7,186,328,20,42,-1,-1,-1,-1
612,7,186,328,20,41,-1,-1,-1,-1
613,7,186,328,21,41,-1,-1,-1,-1
614,7,187,328,21,40,-1,-1,-1,-1
615,7,188,329,19,40,-1,-1,-1,-1
616,7,188,329,20,39,-1,-1,-1,-1
617,7,189,329,20,39,-1,-1,-1,-1
618,7,190,329,20,41,-1,-1,-1,-1
619,7,191,331,19,38,-1,-1,-1,-1
620,7,190,330,21,39,-1,-1,-1,-1
151,0,82,542,33,64,-1,-1,-1,-1
152,0,83,544,34,62,-1,-1,-1,-1
153,0,83,542,34,64,-1,-1,-1,-1
154,0,84,540,35,66,-1,-1,-1,-1
155,0,85,542,35,65,-1,-1,-1,-1
156,0,85,542,35,64,-1,-1,-1,-1
157,0,85,543,36,62,-1,-1,-1,-1
158,0,84,535,39,71,-1,-1,-1,-1
159,0,85,537,38,67,-1,-1,-1,-1
160,0,87,535,37,69,-1,-1,-1,-1
161,0,85,533,38,72,-1,-1,-1,-1
162,0,86,530,38,74,-1,-1,-1,-1
163,0,87,527,38,74,-1,-1,-1,-1
164,0,87,527,38,73,-1,-1,-1,-1
165,0,87,532,40,72,-1,-1,-1,-1
166,0,88,535,41,68,-1,-1,-1,-1
167,0,88,537,41,67,-1,-1,-1,-1
168,0,88,535,41,69,-1,-1,-1,-1
169,0,92,538,43,66,-1,-1,-1,-1
170,0,94,536,41,69,-1,-1,-1,-1
171,0,96,537,39,67,-1,-1,-1,-1
172,0,96,537,41,68,-1,-1,-1,-1
173,0,96,536,43,70,-1,-1,-1,-1
174,0,95,535,45,70,-1,-1,-1,-1
175,0,97,533,41,70,-1,-1,-1,-1
176,0,98,532,40,69,-1,-1,-1,-1
177,0,99,532,40,68,-1,-1,-1,-1
178,0,99,532,41,68,-1,-1,-1,-1
179,0,99,532,44,69,-1,-1,-1,-1
180,0,99,532,44,67,-1,-1,-1,-1
181,0,101,531,41,67,-1,-1,-1,-1
182,0,100,531,42,67,-1,-1,-1,-1
183,0,101,531,41,68,-1,-1,-1,-1
184,0,100,532,42,68,-1,-1,-1,-1
185,0,100,532,42,69,-1,-1,-1,-1
186,0,101,532,42,68,-1,-1,-1,-1
187,0,102,531,41,68,-1,-1,-1,-1
188,0,104,532,40,68,-1,-1,-1,-1
189,0,104,531,40,68,-1,-1,-1,-1
190,0,105,531,40,68,-1,-1,-1,-1
191,0,104,531,40,68,-1,-1,-1,-1
192,0,103,531,41,67,-1,-1,-1,-1
193,0,104,531,40,67,-1,-1,-1,-1
194,0,104,531,41,67,-1,-1,-1,-1
195,0,104,531,41,67,-1,-1,-1,-1
196,0,106,531,39,69,-1,-1,-1,-1
197,0,105,530,41,68,-1,-1,-1,-1
198,0,106,530,40,71,-1,-1,-1,-1
199,0,106,530,41,69,-1,-1,-1,-1
200,0,107,532,40,69,-1,-1,-1,-1
201,0,107,532,40,69,-1,-1,-1,-1
202,0,107,532,39,69,-1,-1,-1,-1
203,0,108,532,39,68,-1,-1,-1,-1
204,0,108,531,38,68,-1,-1,-1,-1
205,0,109,532,38,67,-1,-1,-1,-1
206,0,109,532,38,67,-1,-1,-1,-1
207,0,109,532,38,68,-1,-1,-1,-1
208,0,109,532,38,67,-1,-1,-1,-1
209,0,109,532,37,67,-1,-1,-1,-1
210,0,110,532,37,66,-1,-1,-1,-1
211,0,110,532,37,67,-1,-1,-1,-1
212,0,109,532,38,67,-1,-1,-1,-1
213,0,109,532,39,67,-1,-1,-1,-1
214,0,110,532,38,66,-1,-1,-1,-1
215,0,110,532,39,67,-1,-1,-1,-1
216,0,111,532,39,66,-1,-1,-1,-1
217,0,112,532,38,67,-1,-1,-1,-1
218,0,112,532,39,67,-1,-1,-1,-1
219,0,112,532,39,68,-1,-1,-1,-1
220,0,112,532,39,67,-1,-1,-1,-1
221,0,112,532,39,66,-1,-1,-1,-1
222,0,111,532,40,66,-1,-1,-1,-1
223,0,111,532,40,67,-1,-1,-1,-1
224,0,111,531,40,67,-1,-1,-1,-1
225,0,111,531,41,68,-1,-1,-1,-1
226,0,112,531,40,69,-1,-1,-1,-1
227,0,112,531,40,70,-1,-1,-1,-1
228,0,112,531,41,70,-1,-1,-1,-1
229,0,114,531,38,70,-1,-1,-1,-1
230,0,115,531,38,68,-1,-1,-1,-1
231,0,114,531,39,68,-1,-1,-1,-1
232,0,115,531,38,69,-1,-1,-1,-1
233,0,115,531,39,69,-1,-1,-1,-1
234,0,115,531,39,70,-1,-1,-1,-1
235,0,115,531,39,70,-1,-1,-1,-1
236,0,115,531,40,69,-1,-1,-1,-1
237,0,115,530,40,70,-1,-1,-1,-1
238,0,115,530,41,70,-1,-1,-1,-1
239,0,118,531,39,70,-1,-1,-1,-1
240,0,115,531,42,69,-1,-1,-1,-1
241,0,117,531,39,71,-1,-1,-1,-1
242,0,118,531,38,71,-1,-1,-1,-1
243,0,120,532,37,70,-1,-1,-1,-1
244,0,120,530,38,72,-1,-1,-1,-1
245,0,121,530,37,72,-1,-1,-1,-1
246,0,121,530,36,71,-1,-1,-1,-1
247,0,120,530,38,71,-1,-1,-1,-1
248,0,121,529,37,73,-1,-1,-1,-1
249,0,120,529,38,73,-1,-1,-1,-1
250,0,120,529,38,72,-1,-1,-1,-1
251,0,121,529,37,72,-1,-1,-1,-1
252,0,121,529,38,72,-1,-1,-1,-1
253,0,121,527,39,73,-1,-1,-1,-1
254,0,121,530,39,69,-1,-1,-1,-1
255,0,121,530,39,69,-1,-1,-1,-1
256,0,122,530,38,69,-1,-1,-1,-1
257,0,120,528,41,70,-1,-1,-1,-1
258,0,120,529,42,71,-1,-1,-1,-1
259,0,130,528,31,73,-1,-1,-1,-1
260,0,120,529,43,70,-1,-1,-1,-1
261,0,128,528,31,73,-1,-1,-1,-1
262,0,120,529,43,70,-1,-1,-1,-1
263,0,121,529,42,70,-1,-1,-1,-1
264,0,129,528,32,74,-1,-1,-1,-1
265,0,124,527,40,75,-1,-1,-1,-1
266,0,121,528,42,71,-1,-1,-1,-1
267,0,121,528,42,71,-1,-1,-1,-1
268,0,121,528,42,71,-1,-1,-1,-1
269,0,123,526,40,76,-1,-1,-1,-1
270,0,121,528,42,71,-1,-1,-1,-1
271,0,121,528,42,71,-1,-1,-1,-1
272,0,121,528,42,71,-1,-1,-1,-1
273,0,121,528,42,71,-1,-1,-1,-1
274,0,121,528,42,71,-1,-1,-1,-1
275,0,121,528,42,71,-1,-1,-1,-1
276,0,121,528,41,71,-1,-1,-1,-1
277,0,124,527,39,75,-1,-1,-1,-1
278,0,130,530,28,73,-1,-1,-1,-1
279,0,124,527,39,75,-1,-1,-1,-1
280,0,122,528,40,71,-1,-1,-1,-1
281,0,122,528,40,72,-1,-1,-1,-1
282,0,122,528,41,72,-1,-1,-1,-1
283,0,122,528,41,72,-1,-1,-1,-1
284,0,122,529,41,71,-1,-1,-1,-1
285,0,131,528,31,74,-1,-1,-1,-1
286,0,130,528,32,74,-1,-1,-1,-1
287,0,122,528,41,72,-1,-1,-1,-1
288,0,122,529,41,71,-1,-1,-1,-1
289,0,121,528,41,71,-1,-1,-1,-1
290,0,121,528,41,71,-1,-1,-1,-1
291,0,121,528,41,71,-1,-1,-1,-1
292,0,121,528,41,71,-1,-1,-1,-1
293,0,121,528,41,71,-1,-1,-1,-1
294,0,121,528,41,71,-1,-1,-1,-1
295,0,121,528,41,71,-1,-1,-1,-1
296,0,121,528,41,71,-1,-1,-1,-1
297,0,121,528,41,71,-1,-1,-1,-1
298,0,122,528,40,71,-1,-1,-1,-1
299,0,122,528,40,72,-1,-1,-1,-1
300,0,121,528,41,71,-1,-1,-1,-1
301,0,122,529,39,70,-1,-1,-1,-1
302,0,122,529,39,71,-1,-1,-1,-1
303,0,122,529,39,71,-1,-1,-1,-1
304,0,122,529,39,71,-1,-1,-1,-1
305,0,122,529,39,71,-1,-1,-1,-1
306,0,122,529,39,71,-1,-1,-1,-1
307,0,122,530,39,70,-1,-1,-1,-1
308,0,122,528,40,71,-1,-1,-1,-1
309,0,122,530,39,70,-1,-1,-1,-1
310,0,121,529,40,70,-1,-1,-1,-1
311,0,122,528,40,71,-1,-1,-1,-1
312,0,121,529,41,70,-1,-1,-1,-1
313,0,121,528,41,71,-1,-1,-1,-1
314,0,121,528,41,71,-1,-1,-1,-1
315,0,121,529,41,70,-1,-1,-1,-1
316,0,130,528,31,73,-1,-1,-1,-1
317,0,121,529,41,71,-1,-1,-1,-1
318,0,122,529,40,70,-1,-1,-1,-1
319,0,121,529,41,70,-1,-1,-1,-1
320,0,122,529,40,70,-1,-1,-1,-1
321,0,122,528,40,71,-1,-1,-1,-1
322,0,122,529,40,70,-1,-1,-1,-1
323,0,122,529,40,70,-1,-1,-1,-1
324,0,121,529,41,70,-1,-1,-1,-1
325,0,122,529,40,70,-1,-1,-1,-1
326,0,130,528,31,74,-1,-1,-1,-1
327,0,122,529,41,70,-1,-1,-1,-1
328,0,122,529,40,70,-1,-1,-1,-1
329,0,122,529,40,71,-1,-1,-1,-1
330,0,122,529,40,70,-1,-1,-1,-1
331,0,122,529,41,70,-1,-1,-1,-1
332,0,122,529,40,70,-1,-1,-1,-1
333,0,122,529,40,70,-1,-1,-1,-1
334,0,122,529,41,71,-1,-1,-1,-1
335,0,122,529,41,71,-1,-1,-1,-1
336,0,122,529,41,71,-1,-1,-1,-1
337,0,121,528,42,72,-1,-1,-1,-1
338,0,121,528,42,72,-1,-1,-1,-1
339,0,121,528,41,71,-1,-1,-1,-1
340,0,121,528,41,71,-1,-1,-1,-1
341,0,130,528,31,74,-1,-1,-1,-1
342,0,122,528,40,72,-1,-1,-1,-1
343,0,123,528,40,73,-1,-1,-1,-1
344,0,122,528,40,71,-1,-1,-1,-1
345,0,130,528,31,73,-1,-1,-1,-1
346,0,130,528,31,73,-1,-1,-1,-1
347,0,122,528,40,71,-1,-1,-1,-1
348,0,122,528,40,71,-1,-1,-1,-1
349,0,123,528,40,74,-1,-1,-1,-1
350,0,122,529,40,71,-1,-1,-1,-1
351,0,123,528,40,74,-1,-1,-1,-1
352,0,123,528,40,74,-1,-1,-1,-1
353,0,122,528,40,72,-1,-1,-1,-1
354,0,122,528,40,72,-1,-1,-1,-1
355,0,121,529,41,71,-1,-1,-1,-1
356,0,121,529,42,71,-1,-1,-1,-1
357,0,122,529,40,71,-1,-1,-1,-1
358,0,122,529,41,71,-1,-1,-1,-1
359,0,121,529,41,71,-1,-1,-1,-1
360,0,121,529,42,71,-1,-1,-1,-1
361,0,122,528,40,70,-1,-1,-1,-1
362,0,122,528,40,70,-1,-1,-1,-1
363,0,121,528,41,70,-1,-1,-1,-1
364,0,122,528,40,71,-1,-1,-1,-1
365,0,121,528,42,71,-1,-1,-1,-1
366,0,121,528,42,71,-1,-1,-1,-1
367,0,122,528,41,71,-1,-1,-1,-1
368,0,122,529,41,70,-1,-1,-1,-1
369,0,122,529,41,70,-1,-1,-1,-1
370,0,122,529,40,70,-1,-1,-1,-1
371,0,122,528,40,71,-1,-1,-1,-1
372,0,121,528,41,71,-1,-1,-1,-1
373,0,121,528,41,70,-1,-1,-1,-1
374,0,122,528,40,71,-1,-1,-1,-1
375,0,122,528,40,71,-1,-1,-1,-1
376,0,121,528,41,71,-1,-1,-1,-1
377,0,122,528,40,71,-1,-1,-1,-1
378,0,122,528,40,71,-1,-1,-1,-1
379,0,121,529,42,70,-1,-1,-1,-1
380,0,121,529,42,70,-1,-1,-1,-1
381,0,121,528,41,72,-1,-1,-1,-1
382,0,121,528,41,72,-1,-1,-1,-1
383,0,122,528,40,71,-1,-1,-1,-1
384,0,122,528,40,71,-1,-1,-1,-1
385,0,131,528,30,73,-1,-1,-1,-1
386,0,131,528,30,73,-1,-1,-1,-1
387,0,122,528,40,71,-1,-1,-1,-1
388,0,130,528,31,73,-1,-1,-1,-1
389,0,131,528,30,73,-1,-1,-1,-1
390,0,122,528,41,72,-1,-1,-1,-1
391,0,121,528,41,71,-1,-1,-1,-1
392,0,130,527,31,74,-1,-1,-1,-1
393,0,130,527,31,74,-1,-1,-1,-1
394,0,121,527,41,72,-1,-1,-1,-1
395,0,121,527,41,72,-1,-1,-1,-1
396,0,121,528,41,71,-1,-1,-1,-1
397,0,121,528,40,71,-1,-1,-1,-1
398,0,121,528,40,71,-1,-1,-1,-1
399,0,121,528,40,71,-1,-1,-1,-1
400,0,121,528,40,71,-1,-1,-1,-1
401,0,121,528,40,71,-1,-1,-1,-1
402,0,121,528,40,71,-1,-1,-1,-1
403,0,121,528,41,72,-1,-1,-1,-1
404,0,122,528,40,71,-1,-1,-1,-1
405,0,122,528,40,71,-1,-1,-1,-1
406,0,122,530,40,69,-1,-1,-1,-1
407,0,129,528,32,73,-1,-1,-1,-1
408,0,130,527,31,74,-1,-1,-1,-1
409,0,122,528,40,71,-1,-1,-1,-1
410,0,121,528,41,71,-1,-1,-1,-1
411,0,122,528,40,71,-1,-1,-1,-1
412,0,122,528,40,71,-1,-1,-1,-1
413,0,122,528,40,71,-1,-1,-1,-1
414,0,122,528,39,71,-1,-1,-1,-1
415,0,122,528,40,71,-1,-1,-1,-1
416,0,122,528,40,71,-1,-1,-1,-1
417,0,122,528,40,71,-1,-1,-1,-1
418,0,122,528,40,71,-1,-1,-1,-1
419,0,122,529,40,70,-1,-1,-1,-1
420,0,121,529,41,70,-1,-1,-1,-1
421,0,122,528,40,71,-1,-1,-1,-1
422,0,121,528,41,71,-1,-1,-1,-1
423,0,121,528,41,71,-1,-1,-1,-1
424,0,121,528,41,71,-1,-1,-1,-1
425,0,121,528,41,71,-1,-1,-1,-1
426,0,121,528,41,71,-1,-1,-1,-1
427,0,121,528,41,71,-1,-1,-1,-1
428,0,121,528,41,71,-1,-1,-1,-1
429,0,121,528,41,72,-1,-1,-1,-1
430,0,121,528,41,71,-1,-1,-1,-1
431,0,121,528,41,71,-1,-1,-1,-1
432,0,122,528,40,72,-1,-1,-1,-1
433,0,122,529,40,71,-1,-1,-1,-1
434,0,122,529,40,71,-1,-1,-1,-1
435,0,122,529,40,71,-1,-1,-1,-1
436,0,121,528,41,72,-1,-1,-1,-1
437,0,121,528,41,72,-1,-1,-1,-1
438,0,122,528,40,72,-1,-1,-1,-1
439,0,122,528,40,71,-1,-1,-1,-1
440,0,122,528,40,71,-1,-1,-1,-1
441,0,121,528,41,71,-1,-1,-1,-1
442,0,122,528,40,72,-1,-1,-1,-1
443,0,121,528,41,72,-1,-1,-1,-1
444,0,121,528,41,72,-1,-1,-1,-1
445,0,122,529,39,70,-1,-1,-1,-1
446,0,122,528,40,71,-1,-1,-1,-1
447,0,121,528,41,71,-1,-1,-1,-1
448,0,121,527,41,72,-1,-1,-1,-1
449,0,121,528,41,71,-1,-1,-1,-1
450,0,121,528,41,71,-1,-1,-1,-1
451,0,121,528,41,71,-1,-1,-1,-1
452,0,121,528,41,71,-1,-1,-1,-1
453,0,121,528,41,72,-1,-1,-1,-1
454,0,121,528,41,71,-1,-1,-1,-1
455,0,121,528,41,72,-1,-1,-1,-1
456,0,121,528,41,71,-1,-1,-1,-1
457,0,122,530,39,70,-1,-1,-1,-1
458,0,122,530,39,70,-1,-1,-1,-1
459,0,122,530,39,70,-1,-1,-1,-1
460,0,122,528,40,72,-1,-1,-1,-1
461,0,129,529,29,75,-1,-1,-1,-1
462,0,122,530,40,70,-1,-1,-1,-1
463,0,121,528,41,72,-1,-1,-1,-1
464,0,121,528,41,72,-1,-1,-1,-1
465,0,121,528,41,72,-1,-1,-1,-1
466,0,121,528,42,72,-1,-1,-1,-1
467,0,121,529,42,71,-1,-1,-1,-1
468,0,121,529,42,71,-1,-1,-1,-1
469,0,122,529,40,71,-1,-1,-1,-1
470,0,122,529,40,71,-1,-1,-1,-1
471,0,121,529,41,71,-1,-1,-1,-1
472,0,121,528,41,71,-1,-1,-1,-1
473,0,121,528,41,72,-1,-1,-1,-1
474,0,121,528,41,71,-1,-1,-1,-1
475,0,121,528,41,72,-1,-1,-1,-1
476,0,121,528,41,71,-1,-1,-1,-1
477,0,121,528,41,71,-1,-1,-1,-1
478,0,121,528,41,72,-1,-1,-1,-1
479,0,121,529,41,71,-1,-1,-1,-1
480,0,121,529,41,71,-1,-1,-1,-1
481,0,122,529,40,71,-1,-1,-1,-1
482,0,122,528,40,72,-1,-1,-1,-1
483,0,123,528,40,73,-1,-1,-1,-1
484,0,121,528,41,72,-1,-1,-1,-1
485,0,121,528,41,72,-1,-1,-1,-1
486,0,121,528,41,72,-1,-1,-1,-1
487,0,121,528,41,72,-1,-1,-1,-1
488,0,121,528,41,71,-1,-1,-1,-1
489,0,121,528,41,72,-1,-1,-1,-1
490,0,121,528,41,72,-1,-1,-1,-1
491,0,121,528,41,72,-1,-1,-1,-1
492,0,121,528,41,71,-1,-1,-1,-1
493,0,123,529,38,70,-1,-1,-1,-1
494,0,122,528,39,71,-1,-1,-1,-1
495,0,122,528,39,72,-1,-1,-1,-1
496,0,123,529,38,71,-1,-1,-1,-1
497,0,122,528,40,71,-1,-1,-1,-1
498,0,121,528,40,71,-1,-1,-1,-1
499,0,122,528,39,71,-1,-1,-1,-1
500,0,130,527,30,74,-1,-1,-1,-1
501,0,129,527,31,74,-1,-1,-1,-1
502,0,122,528,39,71,-1,-1,-1,-1
503,0,122,528,40,71,-1,-1,-1,-1
504,0,122,528,39,71,-1,-1,-1,-1
505,0,130,527,31,74,-1,-1,-1,-1
506,0,121,528,41,71,-1,-1,-1,-1
507,0,121,528,40,71,-1,-1,-1,-1
508,0,122,529,39,71,-1,-1,-1,-1
509,0,122,529,39,71,-1,-1,-1,-1
510,0,122,529,39,70,-1,-1,-1,-1
511,0,123,526,40,77,-1,-1,-1,-1
512,0,122,527,40,73,-1,-1,-1,-1
513,0,121,527,41,73,-1,-1,-1,-1
514,0,121,528,41,71,-1,-1,-1,-1
515,0,121,528,41,71,-1,-1,-1,-1
516,0,121,528,41,71,-1,-1,-1,-1
517,0,122,530,40,69,-1,-1,-1,-1
518,0,122,529,40,71,-1,-1,-1,-1
519,0,122,530,40,70,-1,-1,-1,-1
520,0,121,529,41,71,-1,-1,-1,-1
521,0,121,528,41,71,-1,-1,-1,-1
522,0,121,528,41,71,-1,-1,-1,-1
523,0,121,528,41,71,-1,-1,-1,-1
524,0,121,528,41,71,-1,-1,-1,-1
525,0,121,528,41,71,-1,-1,-1,-1
526,0,121,528,41,71,-1,-1,-1,-1
527,0,121,529,40,71,-1,-1,-1,-1
528,0,120,528,42,71,-1,-1,-1,-1
529,0,121,528,41,72,-1,-1,-1,-1
530,0,121,528,41,72,-1,-1,-1,-1
531,0,121,528,41,72,-1,-1,-1,-1
532,0,121,528,41,71,-1,-1,-1,-1
533,0,121,528,41,71,-1,-1,-1,-1
534,0,121,528,41,71,-1,-1,-1,-1
535,0,121,528,41,71,-1,-1,-1,-1
536,0,121,529,41,71,-1,-1,-1,-1
537,0,121,529,41,71,-1,-1,-1,-1
538,0,121,529,41,71,-1,-1,-1,-1
539,0,121,529,42,71,-1,-1,-1,-1
540,0,122,528,40,71,-1,-1,-1,-1
541,0,122,528,39,71,-1,-1,-1,-1
542,0,123,530,38,70,-1,-1,-1,-1
543,0,122,528,40,72,-1,-1,-1,-1
544,0,121,528,41,72,-1,-1,-1,-1
545,0,121,528,41,72,-1,-1,-1,-1
546,0,121,529,41,71,-1,-1,-1,-1
547,0,121,528,41,71,-1,-1,-1,-1
548,0,121,528,41,71,-1,-1,-1,-1
549,0,121,528,41,72,-1,-1,-1,-1
550,0,121,528,41,72,-1,-1,-1,-1
551,0,121,529,42,71,-1,-1,-1,-1
552,0,121,528,41,71,-1,-1,-1,-1
553,0,122,528,40,72,-1,-1,-1,-1
554,0,122,529,41,71,-1,-1,-1,-1
555,0,123,530,38,72,-1,-1,-1,-1
556,0,123,529,38,72,-1,-1,-1,-1
557,0,123,530,38,71,-1,-1,-1,-1
558,0,123,529,40,70,-1,-1,-1,-1
559,0,124,529,37,72,-1,-1,-1,-1
560,0,123,530,37,71,-1,-1,-1,-1
561,0,123,530,38,71,-1,-1,-1,-1
562,0,123,529,39,70,-1,-1,-1,-1
563,0,123,530,39,69,-1,-1,-1,-1
564,0,123,528,39,71,-1,-1,-1,-1
565,0,123,529,38,70,-1,-1,-1,-1
566,0,123,530,38,69,-1,-1,-1,-1
567,0,123,528,38,71,-1,-1,-1,-1
568,0,122,530,39,69,-1,-1,-1,-1
569,0,123,526,40,76,-1,-1,-1,-1
570,0,123,527,40,74,-1,-1,-1,-1
571,0,123,526,40,76,-1,-1,-1,-1
572,0,123,526,40,75,-1,-1,-1,-1
573,0,122,528,40,70,-1,-1,-1,-1
574,0,122,531,39,67,-1,-1,-1,-1
575,0,122,531,40,67,-1,-1,-1,-1
576,0,124,527,39,74,-1,-1,-1,-1
577,0,124,528,38,73,-1,-1,-1,-1
578,0,124,528,38,73,-1,-1,-1,-1
579,0,123,529,39,69,-1,-1,-1,-1
580,0,124,527,39,74,-1,-1,-1,-1
581,0,124,528,38,73,-1,-1,-1,-1
582,0,123,529,38,69,-1,-1,-1,-1
583,0,124,530,38,69,-1,-1,-1,-1
584,0,124,528,39,74,-1,-1,-1,-1
585,0,124,528,39,74,-1,-1,-1,-1
586,0,122,530,40,72,-1,-1,-1,-1
587,0,132,529,30,75,-1,-1,-1,-1
588,0,122,529,39,72,-1,-1,-1,-1
589,0,124,527,38,76,-1,-1,-1,-1
590,0,131,529,30,74,-1,-1,-1,-1
591,0,131,529,30,74,-1,-1,-1,-1
592,0,123,527,40,76,-1,-1,-1,-1
593,0,131,529,30,74,-1,-1,-1,-1
594,0,123,528,40,74,-1,-1,-1,-1
595,0,130,529,31,74,-1,-1,-1,-1
596,0,124,527,40,76,-1,-1,-1,-1
597,0,132,529,30,74,-1,-1,-1,-1
598,0,124,527,40,76,-1,-1,-1,-1
599,0,131,529,30,73,-1,-1,-1,-1
600,0,130,529,31,73,-1,-1,-1,-1
601,0,124,527,39,75,-1,-1,-1,-1
602,0,124,527,39,75,-1,-1,-1,-1
603,0,124,528,40,73,-1,-1,-1,-1
604,0,124,528,39,73,-1,-1,-1,-1
605,0,124,528,40,73,-1,-1,-1,-1
606,0,125,528,39,73,-1,-1,-1,-1
607,0,125,527,39,76,-1,-1,-1,-1
608,0,125,528,39,73,-1,-1,-1,-1
609,0,131,529,31,73,-1,-1,-1,-1
610,0,132,529,31,74,-1,-1,-1,-1
611,0,125,528,39,74,-1,-1,-1,-1
612,0,125,527,39,77,-1,-1,-1,-1
613,0,130,530,29,75,-1,-1,-1,-1
614,0,123,528,40,75,-1,-1,-1,-1
615,0,129,529,31,76,-1,-1,-1,-1
616,0,129,529,30,75,-1,-1,-1,-1
617,0,129,530,30,76,-1,-1,-1,-1
618,0,129,529,30,77,-1,-1,-1,-1
619,0,127,529,32,76,-1,-1,-1,-1
620,0,129,529,30,78,-1,-1,-1,-1
621,0,124,530,38,76,-1,-1,-1,-1
622,0,132,530,27,79,-1,-1,-1,-1
623,0,125,528,37,82,-1,-1,-1,-1
624,0,135,532,25,80,-1,-1,-1,-1
625,0,132,531,27,83,-1,-1,-1,-1
626,0,129,530,30,82,-1,-1,-1,-1
627,0,127,530,32,89,-1,-1,-1,-1
628,0,122,527,40,91,-1,-1,-1,-1
629,0,122,526,40,83,-1,-1,-1,-1
630,0,126,528,33,86,-1,-1,-1,-1
631,0,124,528,41,85,-1,-1,-1,-1
632,0,123,528,42,78,-1,-1,-1,-1
633,0,122,528,42,67,-1,-1,-1,-1
634,0,123,528,41,64,-1,-1,-1,-1
635,0,124,528,40,61,-1,-1,-1,-1
636,0,124,528,40,62,-1,-1,-1,-1
637,0,124,529,41,58,-1,-1,-1,-1
638,0,126,529,36,58,-1,-1,-1,-1
639,0,125,528,38,56,-1,-1,-1,-1
640,0,126,528,36,55,-1,-1,-1,-1
641,0,124,527,41,54,-1,-1,-1,-1
642,0,124,526,40,54,-1,-1,-1,-1
643,0,126,527,40,52,-1,-1,-1,-1
644,0,126,528,41,54,-1,-1,-1,-1
645,0,127,529,40,52,-1,-1,-1,-1
646,0,125,530,41,55,-1,-1,-1,-1
647,0,124,530,40,52,-1,-1,-1,-1
648,0,126,531,38,53,-1,-1,-1,-1
649,0,127,530,37,52,-1,-1,-1,-1
650,0,125,530,40,55,-1,-1,-1,-1
651,0,128,531,37,53,-1,-1,-1,-1
652,0,126,530,40,57,-1,-1,-1,-1
750,10,126,554,32,58,-1,-1,-1,-1
751,10,128,554,31,58,-1,-1,-1,-1
752,10,127,555,33,58,-1,-1,-1,-1
753,10,128,553,35,64,-1,-1,-1,-1
667,11,122,531,38,62,-1,-1,-1,-1
668,11,124,531,37,63,-1,-1,-1,-1
669,11,123,531,37,63,-1,-1,-1,-1
670,11,123,531,37,64,-1,-1,-1,-1
671,11,124,531,37,63,-1,-1,-1,-1
672,11,122,529,39,64,-1,-1,-1,-1
673,11,123,530,38,65,-1,-1,-1,-1
674,11,123,532,38,68,-1,-1,-1,-1
675,11,124,530,38,68,-1,-1,-1,-1
676,11,125,530,38,66,-1,-1,-1,-1
677,11,122,531,38,72,-1,-1,-1,-1
678,11,121,531,39,73,-1,-1,-1,-1
679,11,122,530,38,72,-1,-1,-1,-1
680,11,122,531,39,69,-1,-1,-1,-1
681,11,123,531,40,68,-1,-1,-1,-1
682,11,122,531,40,71,-1,-1,-1,-1
683,11,122,532,39,71,-1,-1,-1,-1
684,11,122,531,40,73,-1,-1,-1,-1
685,11,122,531,40,70,-1,-1,-1,-1
686,11,122,531,38,73,-1,-1,-1,-1
687,11,121,531,39,72,-1,-1,-1,-1
688,11,123,533,40,67,-1,-1,-1,-1
689,11,122,531,40,67,-1,-1,-1,-1
690,11,122,532,39,67,-1,-1,-1,-1
691,11,121,533,40,64,-1,-1,-1,-1
692,11,121,532,41,69,-1,-1,-1,-1
693,11,122,532,39,68,-1,-1,-1,-1
694,11,122,533,37,67,-1,-1,-1,-1
695,11,122,534,41,68,-1,-1,-1,-1
696,11,122,534,40,70,-1,-1,-1,-1
697,11,122,532,34,69,-1,-1,-1,-1
698,11,123,532,34,66,-1,-1,-1,-1
699,11,123,531,35,69,-1,-1,-1,-1
700,11,122,534,40,65,-1,-1,-1,-1
701,11,123,532,34,67,-1,-1,-1,-1
702,11,123,534,39,63,-1,-1,-1,-1
703,11,123,532,35,67,-1,-1,-1,-1
704,11,123,532,37,67,-1,-1,-1,-1
705,11,124,532,37,67,-1,-1,-1,-1
706,11,124,533,37,66,-1,-1,-1,-1
707,11,124,532,37,67,-1,-1,-1,-1
708,11,124,532,37,67,-1,-1,-1,-1
709,11,123,533,38,66,-1,-1,-1,-1
710,11,123,533,38,66,-1,-1,-1,-1
711,11,124,533,38,66,-1,-1,-1,-1
712,11,123,535,37,65,-1,-1,-1,-1
713,11,123,536,36,64,-1,-1,-1,-1
714,11,123,537,35,63,-1,-1,-1,-1
715,11,122,536,34,65,-1,-1,-1,-1
716,11,122,536,33,65,-1,-1,-1,-1
717,11,121,536,34,65,-1,-1,-1,-1
718,11,121,536,33,66,-1,-1,-1,-1
719,11,119,536,37,65,-1,-1,-1,-1
720,11,118,536,38,66,-1,-1,-1,-1
721,11,119,537,37,64,-1,-1,-1,-1
722,11,118,537,37,65,-1,-1,-1,-1
723,11,121,539,33,62,-1,-1,-1,-1
724,11,117,535,36,69,-1,-1,-1,-1
725,11,116,536,37,69,-1,-1,-1,-1
726,11,115,535,37,70,-1,-1,-1,-1
727,11,115,536,37,70,-1,-1,-1,-1
728,11,117,539,36,66,-1,-1,-1,-1
729,11,117,539,37,67,-1,-1,-1,-1
730,11,117,540,36,67,-1,-1,-1,-1
731,11,118,539,35,68,-1,-1,-1,-1
732,11,118,540,35,68,-1,-1,-1,-1
733,11,118,542,34,67,-1,-1,-1,-1
734,11,118,541,35,68,-1,-1,-1,-1
735,11,119,544,35,65,-1,-1,-1,-1
736,11,119,544,35,65,-1,-1,-1,-1
737,11,118,545,36,65,-1,-1,-1,-1
738,11,119,544,35,65,-1,-1,-1,-1
739,11,119,544,36,66,-1,-1,-1,-1
740,11,119,544,36,67,-1,-1,-1,-1
741,11,119,545,36,67,-1,-1,-1,-1
742,11,120,545,35,68,-1,-1,-1,-1
743,11,120,545,35,69,-1,-1,-1,-1
744,11,120,546,35,68,-1,-1,-1,-1
745,11,119,547,37,65,-1,-1,-1,-1
746,11,120,548,35,66,-1,-1,-1,-1
747,11,120,550,33,65,-1,-1,-1,-1
748,11,118,552,32,63,-1,-1,-1,-1
749,11,118,551,31,64,-1,-1,-1,-1
750,11,117,552,28,64,-1,-1,-1,-1
751,11,111,555,31,61,-1,-1,-1,-1
752,11,117,553,29,65,-1,-1,-1,-1
753,11,118,552,31,65,-1,-1,-1,-1
754,11,118,552,35,67,-1,-1,-1,-1
755,11,123,553,36,61,-1,-1,-1,-1
756,11,124,554,34,61,-1,-1,-1,-1
757,11,124,552,33,66,-1,-1,-1,-1
758,11,124,552,33,66,-1,-1,-1,-1
759,11,125,551,33,66,-1,-1,-1,-1
760,11,123,551,34,67,-1,-1,-1,-1
761,11,123,552,34,66,-1,-1,-1,-1
762,11,123,552,34,69,-1,-1,-1,-1
763,11,123,552,34,70,-1,-1,-1,-1
764,11,123,552,35,70,-1,-1,-1,-1
765,11,124,551,35,71,-1,-1,-1,-1
766,11,124,551,35,71,-1,-1,-1,-1
767,11,124,551,35,71,-1,-1,-1,-1
768,11,123,551,36,72,-1,-1,-1,-1
769,11,123,551,36,73,-1,-1,-1,-1
770,11,124,550,35,74,-1,-1,-1,-1
771,11,126,550,35,73,-1,-1,-1,-1
772,11,126,550,34,73,-1,-1,-1,-1
773,11,127,550,34,72,-1,-1,-1,-1
774,11,128,552,36,70,-1,-1,-1,-1
775,11,129,553,36,70,-1,-1,-1,-1
776,11,130,557,37,66,-1,-1,-1,-1
777,11,131,557,39,67,-1,-1,-1,-1
778,11,132,556,39,68,-1,-1,-1,-1
779,11,133,555,39,69,-1,-1,-1,-1
780,11,134,555,38,69,-1,-1,-1,-1
781,11,133,555,38,69,-1,-1,-1,-1
782,11,134,557,39,68,-1,-1,-1,-1
783,11,135,555,39,71,-1,-1,-1,-1
784,11,141,552,36,74,-1,-1,-1,-1
785,11,141,552,38,72,-1,-1,-1,-1
786,11,144,550,39,75,-1,-1,-1,-1
787,11,142,552,41,72,-1,-1,-1,-1
788,11,146,547,38,76,-1,-1,-1,-1
789,11,146,548,38,77,-1,-1,-1,-1
790,11,148,547,38,76,-1,-1,-1,-1
791,11,150,548,36,75,-1,-1,-1,-1
792,11,151,549,35,73,-1,-1,-1,-1
793,11,150,552,38,70,-1,-1,-1,-1
794,11,151,556,37,67,-1,-1,-1,-1
795,11,152,557,38,70,-1,-1,-1,-1
797,12,158,551,42,76,-1,-1,-1,-1
798,12,158,553,40,75,-1,-1,-1,-1
799,12,160,553,38,76,-1,-1,-1,-1
800,12,159,553,40,75,-1,-1,-1,-1
802,12,158,550,47,75,-1,-1,-1,-1
803,12,162,549,46,69,-1,-1,-1,-1
804,12,168,547,38,74,-1,-1,-1,-1
805,12,169,548,38,77,-1,-1,-1,-1
806,12,173,547,34,77,-1,-1,-1,-1
807,12,173,549,35,75,-1,-1,-1,-1
808,12,176,553,34,72,-1,-1,-1,-1
809,12,176,549,33,76,-1,-1,-1,-1
810,12,176,548,34,75,-1,-1,-1,-1
812,14,182,550,39,71,-1,-1,-1,-1
813,14,184,552,38,70,-1,-1,-1,-1
814,14,185,551,39,70,-1,-1,-1,-1
815,14,184,548,42,70,-1,-1,-1,-1
816,14,184,548,42,69,-1,-1,-1,-1
817,14,185,547,42,69,-1,-1,-1,-1
818,14,193,541,39,78,-1,-1,-1,-1
819,14,193,540,39,78,-1,-1,-1,-1
820,14,194,540,38,74,-1,-1,-1,-1
821,14,194,540,38,74,-1,-1,-1,-1
822,14,194,540,38,74,-1,-1,-1,-1
823,14,195,539,38,76,-1,-1,-1,-1
824,14,197,540,37,77,-1,-1,-1,-1
825,14,199,540,36,78,-1,-1,-1,-1
826,14,202,540,35,77,-1,-1,-1,-1
827,14,203,539,36,76,-1,-1,-1,-1
828,14,205,541,36,74,-1,-1,-1,-1
829,14,207,537,35,78,-1,-1,-1,-1
830,14,207,536,36,78,-1,-1,-1,-1
831,14,208,537,35,77,-1,-1,-1,-1
832,14,208,536,36,78,-1,-1,-1,-1
833,14,208,536,37,78,-1,-1,-1,-1
834,14,207,536,38,77,-1,-1,-1,-1
835,14,208,538,40,75,-1,-1,-1,-1
836,14,209,538,40,77,-1,-1,-1,-1
837,14,209,537,38,78,-1,-1,-1,-1
838,14,209,535,38,78,-1,-1,-1,-1
839,14,209,535,41,78,-1,-1,-1,-1
840,14,210,536,40,77,-1,-1,-1,-1
841,14,210,536,40,78,-1,-1,-1,-1
842,14,210,538,41,75,-1,-1,-1,-1
843,14,210,540,40,71,-1,-1,-1,-1
844,14,212,536,38,76,-1,-1,-1,-1
845,14,213,535,40,76,-1,-1,-1,-1
846,14,214,535,39,77,-1,-1,-1,-1
847,14,221,538,33,74,-1,-1,-1,-1
848,14,216,535,39,75,-1,-1,-1,-1
849,14,213,537,41,72,-1,-1,-1,-1
850,14,221,533,37,76,-1,-1,-1,-1
851,14,217,537,39,71,-1,-1,-1,-1
852,14,224,533,36,76,-1,-1,-1,-1
853,14,227,534,34,76,-1,-1,-1,-1
854,14,228,534,33,76,-1,-1,-1,-1
855,14,228,534,33,76,-1,-1,-1,-1
856,14,228,534,32,75,-1,-1,-1,-1
857,14,228,534,33,75,-1,-1,-1,-1
858,14,228,534,33,75,-1,-1,-1,-1
859,14,229,534,32,75,-1,-1,-1,-1
860,14,228,534,34,75,-1,-1,-1,-1
861,14,229,534,33,75,-1,-1,-1,-1
862,14,229,534,33,76,-1,-1,-1,-1
863,14,229,534,33,76,-1,-1,-1,-1
864,14,229,534,33,75,-1,-1,-1,-1
865,14,226,533,36,74,-1,-1,-1,-1
866,14,225,532,37,77,-1,-1,-1,-1
867,14,225,532,37,77,-1,-1,-1,-1
868,14,225,532,38,77,-1,-1,-1,-1
869,14,225,532,38,78,-1,-1,-1,-1
870,14,230,534,35,76,-1,-1,-1,-1
871,14,226,532,38,78,-1,-1,-1,-1
872,14,226,531,39,79,-1,-1,-1,-1
873,14,229,534,36,76,-1,-1,-1,-1
874,14,230,534,35,76,-1,-1,-1,-1
875,14,229,534,36,76,-1,-1,-1,-1
876,14,228,533,36,72,-1,-1,-1,-1
877,14,227,532,36,73,-1,-1,-1,-1
878,14,227,533,36,77,-1,-1,-1,-1
879,14,227,533,37,77,-1,-1,-1,-1
880,14,227,532,38,78,-1,-1,-1,-1
881,14,227,532,37,78,-1,-1,-1,-1
882,14,227,532,36,73,-1,-1,-1,-1
883,14,226,533,38,77,-1,-1,-1,-1
884,14,227,534,37,76,-1,-1,-1,-1
885,14,227,534,37,77,-1,-1,-1,-1
886,14,228,534,36,77,-1,-1,-1,-1
887,14,228,533,35,72,-1,-1,-1,-1
888,14,228,533,35,72,-1,-1,-1,-1
889,14,228,533,36,78,-1,-1,-1,-1
890,14,229,533,35,78,-1,-1,-1,-1
891,14,228,532,36,79,-1,-1,-1,-1
892,14,228,532,36,73,-1,-1,-1,-1
893,14,228,533,36,78,-1,-1,-1,-1
894,14,229,533,36,78,-1,-1,-1,-1
895,14,227,534,37,76,-1,-1,-1,-1
896,14,230,533,35,78,-1,-1,-1,-1
897,14,227,533,37,77,-1,-1,-1,-1
898,14,230,532,35,79,-1,-1,-1,-1
899,14,229,533,36,77,-1,-1,-1,-1
900,14,226,530,39,81,-1,-1,-1,-1
901,14,229,532,36,78,-1,-1,-1,-1
902,14,230,532,34,78,-1,-1,-1,-1
903,14,229,531,35,79,-1,-1,-1,-1
904,14,229,532,35,78,-1,-1,-1,-1
905,14,228,532,36,78,-1,-1,-1,-1
906,14,228,532,35,78,-1,-1,-1,-1
907,14,228,532,35,79,-1,-1,-1,-1
908,14,228,532,35,79,-1,-1,-1,-1
909,14,228,532,35,78,-1,-1,-1,-1
910,14,228,532,36,78,-1,-1,-1,-1
911,14,228,532,35,79,-1,-1,-1,-1
912,14,228,532,35,79,-1,-1,-1,-1
913,14,228,532,36,79,-1,-1,-1,-1
914,14,227,532,37,78,-1,-1,-1,-1
915,14,226,533,38,76,-1,-1,-1,-1
916,14,227,532,37,79,-1,-1,-1,-1
917,14,227,532,36,79,-1,-1,-1,-1
918,14,227,532,37,79,-1,-1,-1,-1
919,14,227,532,37,79,-1,-1,-1,-1
920,14,227,532,37,78,-1,-1,-1,-1
921,14,228,532,36,79,-1,-1,-1,-1
922,14,228,532,35,79,-1,-1,-1,-1
923,14,228,532,36,79,-1,-1,-1,-1
924,14,227,533,37,76,-1,-1,-1,-1
925,14,228,533,35,71,-1,-1,-1,-1
926,14,228,533,35,71,-1,-1,-1,-1
927,14,229,533,35,72,-1,-1,-1,-1
928,14,228,533,36,72,-1,-1,-1,-1
929,14,229,533,35,72,-1,-1,-1,-1
930,14,228,533,36,72,-1,-1,-1,-1
931,14,228,532,37,79,-1,-1,-1,-1
932,14,228,532,36,72,-1,-1,-1,-1
933,14,228,532,37,78,-1,-1,-1,-1
934,14,228,532,37,78,-1,-1,-1,-1
935,14,227,533,38,77,-1,-1,-1,-1
936,14,228,533,37,77,-1,-1,-1,-1
937,14,228,533,37,78,-1,-1,-1,-1
938,14,228,533,37,77,-1,-1,-1,-1
939,14,228,533,36,77,-1,-1,-1,-1
940,14,228,532,36,72,-1,-1,-1,-1
941,14,228,532,35,73,-1,-1,-1,-1
942,14,228,533,34,72,-1,-1,-1,-1
943,14,228,533,34,71,-1,-1,-1,-1
944,14,228,534,35,71,-1,-1,-1,-1
945,14,227,531,36,81,-1,-1,-1,-1
946,14,226,532,37,80,-1,-1,-1,-1
947,14,226,532,37,80,-1,-1,-1,-1
948,14,226,532,36,80,-1,-1,-1,-1
949,14,226,533,36,78,-1,-1,-1,-1
950,14,226,533,36,78,-1,-1,-1,-1
951,14,228,533,36,75,-1,-1,-1,-1
952,14,227,533,37,75,-1,-1,-1,-1
953,14,228,533,36,75,-1,-1,-1,-1
954,14,228,532,36,76,-1,-1,-1,-1
955,14,227,532,36,78,-1,-1,-1,-1
956,14,227,531,35,79,-1,-1,-1,-1
957,14,227,532,36,79,-1,-1,-1,-1
958,14,228,533,36,78,-1,-1,-1,-1
959,14,228,533,36,78,-1,-1,-1,-1
960,14,229,533,36,78,-1,-1,-1,-1
961,14,230,532,36,78,-1,-1,-1,-1
962,14,230,532,36,77,-1,-1,-1,-1
963,14,233,530,31,76,-1,-1,-1,-1
964,14,233,531,32,76,-1,-1,-1,-1
965,14,233,530,32,76,-1,-1,-1,-1
966,14,232,531,36,79,-1,-1,-1,-1
967,14,236,530,32,79,-1,-1,-1,-1
968,14,239,529,31,78,-1,-1,-1,-1
969,14,237,530,33,78,-1,-1,-1,-1
970,14,238,529,33,79,-1,-1,-1,-1
971,14,240,529,31,79,-1,-1,-1,-1
972,14,240,529,32,78,-1,-1,-1,-1
973,14,239,529,34,78,-1,-1,-1,-1
974,14,243,529,32,78,-1,-1,-1,-1
975,14,244,529,31,78,-1,-1,-1,-1
976,14,245,529,32,77,-1,-1,-1,-1
977,14,243,529,34,78,-1,-1,-1,-1
978,14,243,529,33,77,-1,-1,-1,-1
979,14,243,528,33,78,-1,-1,-1,-1
980,14,244,528,33,79,-1,-1,-1,-1
981,14,245,528,32,79,-1,-1,-1,-1
982,14,247,529,32,77,-1,-1,-1,-1
983,14,247,529,33,77,-1,-1,-1,-1
984,14,247,530,33,76,-1,-1,-1,-1
985,14,245,528,34,77,-1,-1,-1,-1
986,14,245,529,35,76,-1,-1,-1,-1
987,14,246,528,34,78,-1,-1,-1,-1
988,14,246,529,35,77,-1,-1,-1,-1
989,14,247,529,35,77,-1,-1,-1,-1
990,14,246,529,35,77,-1,-1,-1,-1
991,14,246,528,35,77,-1,-1,-1,-1
992,14,248,529,33,76,-1,-1,-1,-1
993,14,248,527,34,79,-1,-1,-1,-1
994,14,247,528,35,77,-1,-1,-1,-1
995,14,247,528,35,77,-1,-1,-1,-1
996,14,247,527,34,79,-1,-1,-1,-1
997,14,248,529,33,78,-1,-1,-1,-1
998,14,248,529,32,78,-1,-1,-1,-1
999,14,247,529,32,78,-1,-1,-1,-1
1000,14,247,528,32,79,-1,-1,-1,-1
1001,14,247,529,33,78,-1,-1,-1,-1
1002,14,247,528,33,80,-1,-1,-1,-1
1003,14,246,529,35,78,-1,-1,-1,-1
1004,14,246,528,35,79,-1,-1,-1,-1
1005,14,245,528,36,79,-1,-1,-1,-1
1006,14,247,528,34,81,-1,-1,-1,-1
1007,14,245,530,36,78,-1,-1,-1,-1
1008,14,247,530,34,78,-1,-1,-1,-1
1009,14,248,530,33,78,-1,-1,-1,-1
1010,14,248,529,33,79,-1,-1,-1,-1
1011,14,248,529,33,79,-1,-1,-1,-1
1012,14,250,529,32,79,-1,-1,-1,-1
1013,14,247,530,36,77,-1,-1,-1,-1
1014,14,248,529,34,78,-1,-1,-1,-1
1015,14,250,528,29,79,-1,-1,-1,-1
1016,14,248,529,35,78,-1,-1,-1,-1
1017,14,248,528,35,79,-1,-1,-1,-1
1018,14,249,528,34,79,-1,-1,-1,-1
1019,14,249,527,34,80,-1,-1,-1,-1
1020,14,247,529,36,71,-1,-1,-1,-1
1021,14,248,529,35,71,-1,-1,-1,-1
1022,14,249,530,35,70,-1,-1,-1,-1
1023,14,249,530,35,70,-1,-1,-1,-1
1024,14,252,529,31,77,-1,-1,-1,-1
1025,14,251,529,33,75,-1,-1,-1,-1
1026,14,253,529,30,74,-1,-1,-1,-1
1027,14,253,529,31,73,-1,-1,-1,-1
1028,14,254,529,30,74,-1,-1,-1,-1
1029,14,249,529,34,66,-1,-1,-1,-1
1030,14,254,530,28,73,-1,-1,-1,-1
1031,14,254,530,28,72,-1,-1,-1,-1
1032,14,253,530,29,73,-1,-1,-1,-1
1033,14,254,529,28,74,-1,-1,-1,-1
1034,14,254,529,28,75,-1,-1,-1,-1
1035,14,250,531,34,67,-1,-1,-1,-1
1036,14,254,530,29,75,-1,-1,-1,-1
1037,14,254,530,29,73,-1,-1,-1,-1
1038,14,254,529,28,74,-1,-1,-1,-1
1039,14,254,530,29,73,-1,-1,-1,-1
1040,14,254,530,29,73,-1,-1,-1,-1
1041,14,254,530,29,72,-1,-1,-1,-1
1042,14,254,530,29,72,-1,-1,-1,-1
1043,14,254,530,29,72,-1,-1,-1,-1
1044,14,254,530,29,74,-1,-1,-1,-1
1045,14,249,529,34,66,-1,-1,-1,-1
1046,14,254,530,29,73,-1,-1,-1,-1
1047,14,254,530,29,73,-1,-1,-1,-1
1048,14,250,529,32,66,-1,-1,-1,-1
1049,14,255,529,28,73,-1,-1,-1,-1
1050,14,250,529,32,66,-1,-1,-1,-1
1051,14,255,529,29,74,-1,-1,-1,-1
1052,14,251,530,33,65,-1,-1,-1,-1
1053,14,251,530,33,64,-1,-1,-1,-1
1054,14,255,529,29,73,-1,-1,-1,-1
1055,14,255,529,29,72,-1,-1,-1,-1
1056,14,255,529,29,73,-1,-1,-1,-1
1057,14,251,531,33,65,-1,-1,-1,-1
1058,14,255,530,29,73,-1,-1,-1,-1
1059,14,255,530,29,72,-1,-1,-1,-1
1060,14,255,530,29,72,-1,-1,-1,-1
1061,14,255,530,29,73,-1,-1,-1,-1
1062,14,254,530,30,73,-1,-1,-1,-1
1063,14,255,530,30,73,-1,-1,-1,-1
1064,14,254,530,30,72,-1,-1,-1,-1
1065,14,254,530,29,75,-1,-1,-1,-1
1066,14,253,530,30,74,-1,-1,-1,-1
1067,14,253,530,28,74,-1,-1,-1,-1
1068,14,252,530,28,75,-1,-1,-1,-1
1069,14,251,530,27,73,-1,-1,-1,-1
1070,14,251,530,27,74,-1,-1,-1,-1
1071,14,251,530,26,73,-1,-1,-1,-1
1072,14,252,530,25,73,-1,-1,-1,-1
1073,14,250,531,32,63,-1,-1,-1,-1
1074,14,250,531,33,64,-1,-1,-1,-1
1075,14,253,530,27,73,-1,-1,-1,-1
1076,14,252,531,28,72,-1,-1,-1,-1
1077,14,252,531,29,73,-1,-1,-1,-1
1078,14,252,531,30,71,-1,-1,-1,-1
1079,14,253,531,30,72,-1,-1,-1,-1
1080,14,253,530,29,73,-1,-1,-1,-1
1081,14,252,530,30,72,-1,-1,-1,-1
1082,14,253,530,29,73,-1,-1,-1,-1
1083,14,253,530,29,72,-1,-1,-1,-1
1084,14,252,530,30,72,-1,-1,-1,-1
1085,14,252,530,31,70,-1,-1,-1,-1
1086,14,251,529,30,70,-1,-1,-1,-1
1087,14,252,529,28,70,-1,-1,-1,-1
1088,14,252,530,28,70,-1,-1,-1,-1
1089,14,252,530,28,68,-1,-1,-1,-1
1090,14,252,530,27,67,-1,-1,-1,-1
1091,14,252,531,28,66,-1,-1,-1,-1
1092,14,253,531,28,67,-1,-1,-1,-1
1093,14,253,531,28,67,-1,-1,-1,-1
1094,14,252,531,28,69,-1,-1,-1,-1
1095,14,253,531,28,69,-1,-1,-1,-1
1096,14,252,531,27,69,-1,-1,-1,-1
1097,14,252,531,28,69,-1,-1,-1,-1
1098,14,252,531,28,68,-1,-1,-1,-1
1099,14,252,531,28,68,-1,-1,-1,-1
1100,14,250,532,32,59,-1,-1,-1,-1
1101,14,250,533,31,59,-1,-1,-1,-1
1102,14,250,533,31,58,-1,-1,-1,-1
1103,14,250,533,32,59,-1,-1,-1,-1
1104,14,250,532,32,59,-1,-1,-1,-1
1105,14,250,532,31,59,-1,-1,-1,-1
1106,14,249,532,32,59,-1,-1,-1,-1
1107,14,249,532,32,59,-1,-1,-1,-1
1108,14,249,532,33,59,-1,-1,-1,-1
1109,14,249,532,33,59,-1,-1,-1,-1
1110,14,251,531,30,68,-1,-1,-1,-1
1111,14,252,531,29,68,-1,-1,-1,-1
1112,14,252,530,29,70,-1,-1,-1,-1
1113,14,252,530,29,69,-1,-1,-1,-1
1114,14,251,530,30,69,-1,-1,-1,-1
1115,14,251,530,30,69,-1,-1,-1,-1
1116,14,252,531,29,69,-1,-1,-1,-1
1117,14,252,530,29,68,-1,-1,-1,-1
1118,14,252,531,29,69,-1,-1,-1,-1
1119,14,252,531,30,69,-1,-1,-1,-1
1120,14,252,530,30,70,-1,-1,-1,-1
1121,14,251,530,31,70,-1,-1,-1,-1
1122,14,251,530,31,69,-1,-1,-1,-1
1123,14,251,530,30,69,-1,-1,-1,-1
1124,14,251,530,30,70,-1,-1,-1,-1
1125,14,250,530,30,69,-1,-1,-1,-1
1126,14,251,530,30,69,-1,-1,-1,-1
1127,14,251,530,30,70,-1,-1,-1,-1
1128,14,250,530,31,70,-1,-1,-1,-1
1129,14,250,531,30,69,-1,-1,-1,-1
1130,14,249,531,31,69,-1,-1,-1,-1
1131,14,248,530,33,70,-1,-1,-1,-1
1132,14,249,533,33,65,-1,-1,-1,-1
1149,15,199,363,15,40,-1,-1,-1,-1
1150,15,197,363,16,39,-1,-1,-1,-1
1151,15,197,364,16,38,-1,-1,-1,-1
1152,15,198,363,16,41,-1,-1,-1,-1
1153,15,200,363,17,40,-1,-1,-1,-1
1162,15,200,364,16,40,-1,-1,-1,-1
1163,15,199,360,23,38,-1,-1,-1,-1
1164,15,202,364,15,39,-1,-1,-1,-1
1165,15,204,364,15,36,-1,-1,-1,-1
1166,15,202,365,16,38,-1,-1,-1,-1
1167,15,207,368,15,36,-1,-1,-1,-1
963,17,18,369,24,37,-1,-1,-1,-1
964,17,21,371,23,38,-1,-1,-1,-1
965,17,24,370,23,39,-1,-1,-1,-1
966,17,25,370,23,38,-1,-1,-1,-1
967,17,26,371,25,39,-1,-1,-1,-1
968,17,22,370,24,37,-1,-1,-1,-1
969,17,23,372,26,43,-1,-1,-1,-1
970,17,28,375,26,42,-1,-1,-1,-1
971,17,29,374,30,43,-1,-1,-1,-1
972,17,29,373,31,43,-1,-1,-1,-1
973,17,30,370,31,44,-1,-1,-1,-1
974,17,30,371,32,44,-1,-1,-1,-1
975,17,31,370,30,42,-1,-1,-1,-1
976,17,31,370,29,39,-1,-1,-1,-1
977,17,31,370,30,41,-1,-1,-1,-1
978,17,32,370,28,40,-1,-1,-1,-1
979,17,32,369,28,40,-1,-1,-1,-1
980,17,33,370,27,39,-1,-1,-1,-1
981,17,34,369,27,38,-1,-1,-1,-1
982,17,34,370,30,39,-1,-1,-1,-1
983,17,34,369,30,43,-1,-1,-1,-1
984,17,34,367,31,46,-1,-1,-1,-1
985,17,35,366,30,44,-1,-1,-1,-1
986,17,36,366,29,42,-1,-1,-1,-1
987,17,36,366,29,43,-1,-1,-1,-1
988,17,37,367,30,42,-1,-1,-1,-1
989,17,38,367,29,43,-1,-1,-1,-1
990,17,40,367,28,43,-1,-1,-1,-1
991,17,43,367,26,41,-1,-1,-1,-1
992,17,43,366,27,42,-1,-1,-1,-1
993,17,43,366,26,41,-1,-1,-1,-1
994,17,44,366,26,41,-1,-1,-1,-1
995,17,42,366,30,44,-1,-1,-1,-1
996,17,43,367,32,45,-1,-1,-1,-1
997,17,44,368,34,46,-1,-1,-1,-1
998,17,45,368,33,46,-1,-1,-1,-1
999,17,45,367,34,46,-1,-1,-1,-1
1000,17,46,366,33,47,-1,-1,-1,-1
1001,17,48,367,32,46,-1,-1,-1,-1
1002,17,51,367,30,44,-1,-1,-1,-1
1003,17,52,367,30,44,-1,-1,-1,-1
1004,17,53,366,28,44,-1,-1,-1,-1
1005,17,54,366,27,44,-1,-1,-1,-1
1006,17,55,366,26,44,-1,-1,-1,-1
1007,17,56,367,26,43,-1,-1,-1,-1
1008,17,56,367,25,41,-1,-1,-1,-1
1009,17,57,367,25,43,-1,-1,-1,-1
1010,17,57,367,23,40,-1,-1,-1,-1
1011,17,58,366,22,41,-1,-1,-1,-1
1012,17,57,366,23,41,-1,-1,-1,-1
1013,17,58,366,24,41,-1,-1,-1,-1
1014,17,59,366,24,41,-1,-1,-1,-1
1015,17,60,366,24,43,-1,-1,-1,-1
1016,17,61,365,23,43,-1,-1,-1,-1
1017,17,62,365,23,43,-1,-1,-1,-1
1018,17,61,365,23,42,-1,-1,-1,-1
1019,17,63,365,23,42,-1,-1,-1,-1
1020,17,64,366,23,41,-1,-1,-1,-1
1021,17,67,365,23,40,-1,-1,-1,-1
1022,17,67,366,22,41,-1,-1,-1,-1
1023,17,67,366,23,40,-1,-1,-1,-1
1024,17,68,367,23,39,-1,-1,-1,-1
1025,17,69,366,22,37,-1,-1,-1,-1
1026,17,69,369,24,38,-1,-1,-1,-1
1027,17,69,370,28,41,-1,-1,-1,-1
1028,17,72,369,27,41,-1,-1,-1,-1
1029,17,73,369,28,42,-1,-1,-1,-1
1030,17,74,368,28,43,-1,-1,-1,-1
1031,17,74,370,30,43,-1,-1,-1,-1
1032,17,75,370,29,44,-1,-1,-1,-1
1033,17,75,371,31,44,-1,-1,-1,-1
1034,17,77,371,29,41,-1,-1,-1,-1
1035,17,78,369,27,43,-1,-1,-1,-1
1036,17,78,369,27,42,-1,-1,-1,-1
1037,17,79,369,26,40,-1,-1,-1,-1
1038,17,80,370,27,39,-1,-1,-1,-1
1039,17,81,371,26,39,-1,-1,-1,-1
1040,17,82,370,26,39,-1,-1,-1,-1
1041,17,82,370,27,39,-1,-1,-1,-1
1042,17,84,369,25,39,-1,-1,-1,-1
1043,17,87,369,24,38,-1,-1,-1,-1
1044,17,88,370,24,37,-1,-1,-1,-1
1045,17,89,367,26,40,-1,-1,-1,-1
1046,17,89,367,27,40,-1,-1,-1,-1
1047,17,90,368,26,40,-1,-1,-1,-1
1048,17,93,369,24,38,-1,-1,-1,-1
1049,17,94,371,25,37,-1,-1,-1,-1
1050,17,94,371,25,39,-1,-1,-1,-1
1051,17,95,370,25,39,-1,-1,-1,-1
1052,17,96,369,27,38,-1,-1,-1,-1
1053,17,97,365,26,40,-1,-1,-1,-1
1054,17,97,365,27,41,-1,-1,-1,-1
1055,17,97,365,26,40,-1,-1,-1,-1
1056,17,98,365,26,40,-1,-1,-1,-1
1057,17,100,365,27,40,-1,-1,-1,-1
1058,17,101,365,27,40,-1,-1,-1,-1
1059,17,101,366,27,39,-1,-1,-1,-1
1060,17,102,365,26,39,-1,-1,-1,-1
1061,17,102,366,26,39,-1,-1,-1,-1
1062,17,103,366,25,39,-1,-1,-1,-1
1063,17,104,367,25,38,-1,-1,-1,-1
1064,17,106,366,24,38,-1,-1,-1,-1
1065,17,107,366,25,38,-1,-1,-1,-1
1066,17,107,366,25,38,-1,-1,-1,-1
1067,17,107,367,26,38,-1,-1,-1,-1
1068,17,107,368,27,40,-1,-1,-1,-1
1069,17,107,368,26,39,-1,-1,-1,-1
1070,17,108,367,25,40,-1,-1,-1,-1
1071,17,109,366,25,40,-1,-1,-1,-1
1072,17,112,366,24,39,-1,-1,-1,-1
1073,17,111,366,24,38,-1,-1,-1,-1
1074,17,115,369,24,37,-1,-1,-1,-1
1075,17,116,366,24,38,-1,-1,-1,-1
1076,17,118,365,25,40,-1,-1,-1,-1
1077,17,121,366,25,40,-1,-1,-1,-1
1078,17,122,366,25,40,-1,-1,-1,-1
1079,17,124,368,24,39,-1,-1,-1,-1
1080,17,125,365,24,39,-1,-1,-1,-1
1081,17,125,366,23,38,-1,-1,-1,-1
1082,17,126,366,23,38,-1,-1,-1,-1
1083,17,126,366,23,38,-1,-1,-1,-1
1084,17,127,366,22,38,-1,-1,-1,-1
1085,17,127,366,23,38,-1,-1,-1,-1
1086,17,127,366,22,36,-1,-1,-1,-1
1087,17,128,367,23,37,-1,-1,-1,-1
1088,17,126,368,27,41,-1,-1,-1,-1
1089,17,128,369,26,41,-1,-1,-1,-1
1090,17,129,370,25,41,-1,-1,-1,-1
1091,17,128,374,26,41,-1,-1,-1,-1
1092,17,129,373,26,41,-1,-1,-1,-1
1093,17,134,367,20,39,-1,-1,-1,-1
1094,17,136,367,19,38,-1,-1,-1,-1
1095,17,137,367,19,38,-1,-1,-1,-1
1096,17,137,366,20,40,-1,-1,-1,-1
1097,17,136,368,22,38,-1,-1,-1,-1
1098,17,137,363,21,42,-1,-1,-1,-1
1099,17,138,364,21,41,-1,-1,-1,-1
1100,17,139,363,21,41,-1,-1,-1,-1
1101,17,141,365,21,40,-1,-1,-1,-1
1102,17,144,364,21,40,-1,-1,-1,-1
1103,17,145,362,21,41,-1,-1,-1,-1
1104,17,146,364,21,40,-1,-1,-1,-1
1105,17,147,363,20,40,-1,-1,-1,-1
1106,17,147,363,20,40,-1,-1,-1,-1
1107,17,147,363,22,42,-1,-1,-1,-1
1108,17,147,364,23,41,-1,-1,-1,-1
1109,17,148,365,23,40,-1,-1,-1,-1
1110,17,148,366,24,40,-1,-1,-1,-1
1111,17,148,365,24,40,-1,-1,-1,-1
1112,17,149,365,23,40,-1,-1,-1,-1
1113,17,149,364,23,41,-1,-1,-1,-1
1114,17,150,366,22,39,-1,-1,-1,-1
1115,17,151,367,23,37,-1,-1,-1,-1
1116,17,152,367,23,37,-1,-1,-1,-1
1117,17,153,368,24,37,-1,-1,-1,-1
1118,17,155,368,22,37,-1,-1,-1,-1
1119,17,156,367,21,37,-1,-1,-1,-1
1120,17,158,365,20,39,-1,-1,-1,-1
1121,17,160,367,20,37,-1,-1,-1,-1
1122,17,161,367,19,37,-1,-1,-1,-1
1123,17,163,367,19,37,-1,-1,-1,-1
1124,17,164,366,19,39,-1,-1,-1,-1
1125,17,164,365,20,41,-1,-1,-1,-1
1126,17,164,366,21,40,-1,-1,-1,-1
1127,17,166,365,21,40,-1,-1,-1,-1
1128,17,166,366,23,39,-1,-1,-1,-1
1129,17,168,364,24,41,-1,-1,-1,-1
1130,17,170,363,23,42,-1,-1,-1,-1
1131,17,171,365,23,41,-1,-1,-1,-1
1132,17,172,364,22,41,-1,-1,-1,-1
1133,17,172,363,22,41,-1,-1,-1,-1
1134,17,174,365,21,39,-1,-1,-1,-1
1135,17,173,364,22,41,-1,-1,-1,-1
1136,17,173,364,22,39,-1,-1,-1,-1
1137,17,173,364,22,40,-1,-1,-1,-1
1138,17,173,365,22,40,-1,-1,-1,-1
1139,17,173,366,25,41,-1,-1,-1,-1
1140,17,174,366,25,42,-1,-1,-1,-1
1141,17,175,366,25,41,-1,-1,-1,-1
1142,17,177,368,23,39,-1,-1,-1,-1
1143,17,179,369,22,38,-1,-1,-1,-1
1144,17,180,370,22,38,-1,-1,-1,-1
1145,17,184,369,19,37,-1,-1,-1,-1
1146,17,185,366,18,39,-1,-1,-1,-1
1147,17,187,364,17,41,-1,-1,-1,-1
1148,17,188,364,16,39,-1,-1,-1,-1
1149,17,190,363,15,39,-1,-1,-1,-1
1150,17,191,363,16,39,-1,-1,-1,-1
1151,17,192,364,16,39,-1,-1,-1,-1
1152,17,191,363,17,39,-1,-1,-1,-1
1153,17,194,363,17,41,-1,-1,-1,-1
1154,17,195,363,16,41,-1,-1,-1,-1
1155,17,194,363,17,41,-1,-1,-1,-1
1156,17,194,362,17,41,-1,-1,-1,-1
1157,17,194,362,17,40,-1,-1,-1,-1
1158,17,195,362,17,40,-1,-1,-1,-1
1159,17,195,362,18,40,-1,-1,-1,-1
1160,17,198,364,18,41,-1,-1,-1,-1
1161,17,195,362,19,41,-1,-1,-1,-1
1162,17,190,363,23,39,-1,-1,-1,-1
1163,17,196,362,17,40,-1,-1,-1,-1
1164,17,196,362,16,39,-1,-1,-1,-1
1165,17,195,362,19,39,-1,-1,-1,-1
1166,17,194,363,19,38,-1,-1,-1,-1
1167,17,197,365,21,39,-1,-1,-1,-1
1168,17,203,366,15,38,-1,-1,-1,-1
1169,17,202,369,18,40,-1,-1,-1,-1
1170,17,205,369,17,39,-1,-1,-1,-1
1171,17,206,367,14,38,-1,-1,-1,-1
1172,17,207,370,15,36,-1,-1,-1,-1
1173,17,206,369,15,38,-1,-1,-1,-1
1174,17,208,370,16,37,-1,-1,-1,-1
1175,17,208,370,17,38,-1,-1,-1,-1
1176,17,211,368,14,36,-1,-1,-1,-1
1177,17,212,366,14,37,-1,-1,-1,-1
1178,17,213,367,14,38,-1,-1,-1,-1
1179,17,214,367,16,38,-1,-1,-1,-1
1180,17,215,366,16,38,-1,-1,-1,-1
1181,17,217,365,16,39,-1,-1,-1,-1
1182,17,218,365,17,39,-1,-1,-1,-1
1183,17,218,366,18,39,-1,-1,-1,-1
1184,17,219,366,17,40,-1,-1,-1,-1
1185,17,218,366,18,39,-1,-1,-1,-1
1186,17,217,365,16,39,-1,-1,-1,-1
1187,17,220,365,17,41,-1,-1,-1,-1
1188,17,220,366,21,39,-1,-1,-1,-1
1189,17,221,365,21,39,-1,-1,-1,-1
1190,17,222,365,20,38,-1,-1,-1,-1
1181,18,222,366,20,36,-1,-1,-1,-1
1182,18,224,366,18,38,-1,-1,-1,-1
1183,18,228,367,18,37,-1,-1,-1,-1
1184,18,229,367,17,37,-1,-1,-1,-1
1185,18,230,367,17,37,-1,-1,-1,-1
1186,18,229,365,16,37,-1,-1,-1,-1
1187,18,226,368,23,38,-1,-1,-1,-1
1188,18,230,367,19,37,-1,-1,-1,-1
1189,18,230,366,18,37,-1,-1,-1,-1
1190,18,230,366,18,37,-1,-1,-1,-1
1191,18,232,365,18,38,-1,-1,-1,-1
1196,18,235,365,16,37,-1,-1,-1,-1
1197,18,236,364,16,38,-1,-1,-1,-1
1198,18,236,363,16,38,-1,-1,-1,-1
1201,20,237,365,16,38,-1,-1,-1,-1
1202,20,237,365,16,38,-1,-1,-1,-1
1203,20,237,365,15,37,-1,-1,-1,-1
1204,20,236,364,16,37,-1,-1,-1,-1
1205,20,237,363,15,37,-1,-1,-1,-1
1208,18,237,364,16,37,-1,-1,-1,-1
1209,18,237,364,17,38,-1,-1,-1,-1
1210,18,238,365,18,39,-1,-1,-1,-1
1211,18,238,365,19,38,-1,-1,-1,-1
1212,18,238,365,18,38,-1,-1,-1,-1
1265,22,294,354,17,36,-1,-1,-1,-1
1266,22,293,352,18,39,-1,-1,-1,-1
1267,22,291,351,20,39,-1,-1,-1,-1
1268,22,292,347,19,38,-1,-1,-1,-1
1269,22,294,348,18,37,-1,-1,-1,-1
1270,22,292,347,22,41,-1,-1,-1,-1
1271,22,292,348,23,41,-1,-1,-1,-1
1272,22,294,348,21,41,-1,-1,-1,-1
1273,22,294,347,21,41,-1,-1,-1,-1
1274,22,295,348,21,40,-1,-1,-1,-1
1275,22,297,350,19,36,-1,-1,-1,-1
1276,22,298,349,19,35,-1,-1,-1,-1
1277,22,298,347,19,38,-1,-1,-1,-1
1278,22,299,345,17,39,-1,-1,-1,-1
1279,22,301,346,15,39,-1,-1,-1,-1
1282,23,302,351,15,36,-1,-1,-1,-1
1283,23,303,351,15,37,-1,-1,-1,-1
1284,23,304,351,16,38,-1,-1,-1,-1
1285,23,305,350,17,38,-1,-1,-1,-1
1286,23,303,348,22,41,-1,-1,-1,-1
1287,23,306,349,16,38,-1,-1,-1,-1
1288,23,305,345,21,43,-1,-1,-1,-1
1289,23,305,345,21,43,-1,-1,-1,-1
1290,23,306,345,21,43,-1,-1,-1,-1
1291,23,306,344,20,42,-1,-1,-1,-1
1292,23,305,344,21,42,-1,-1,-1,-1
1293,23,305,344,20,42,-1,-1,-1,-1
1294,23,306,345,20,40,-1,-1,-1,-1
1295,23,307,345,21,40,-1,-1,-1,-1
1296,23,307,342,21,42,-1,-1,-1,-1
1297,23,309,340,23,44,-1,-1,-1,-1
1298,23,310,340,23,44,-1,-1,-1,-1
1299,23,309,338,25,44,-1,-1,-1,-1
1300,23,311,332,29,51,-1,-1,-1,-1
1301,23,309,334,27,50,-1,-1,-1,-1
1302,23,310,336,27,48,-1,-1,-1,-1
1303,23,311,338,24,46,-1,-1,-1,-1
1304,23,312,340,22,44,-1,-1,-1,-1
1305,23,312,340,22,44,-1,-1,-1,-1
1306,23,314,335,28,48,-1,-1,-1,-1
1307,23,315,335,26,49,-1,-1,-1,-1
1308,23,315,336,26,48,-1,-1,-1,-1
1309,23,315,334,24,50,-1,-1,-1,-1
1310,23,316,334,23,50,-1,-1,-1,-1
1311,23,315,333,25,51,-1,-1,-1,-1
1312,23,316,335,24,49,-1,-1,-1,-1
1313,23,315,335,27,49,-1,-1,-1,-1
1314,23,316,336,24,49,-1,-1,-1,-1
1315,23,318,332,25,52,-1,-1,-1,-1
1316,23,320,336,24,46,-1,-1,-1,-1
1317,23,322,339,24,43,-1,-1,-1,-1
1318,23,326,338,23,44,-1,-1,-1,-1
1319,23,326,337,23,45,-1,-1,-1,-1
1320,23,326,336,24,47,-1,-1,-1,-1
1321,23,330,338,24,45,-1,-1,-1,-1
1322,23,333,339,21,45,-1,-1,-1,-1
1323,23,331,338,23,45,-1,-1,-1,-1
1324,23,333,337,23,47,-1,-1,-1,-1
1325,23,335,341,23,41,-1,-1,-1,-1
1326,23,335,341,24,42,-1,-1,-1,-1
1327,23,335,343,25,42,-1,-1,-1,-1
1328,23,338,345,23,40,-1,-1,-1,-1
1329,23,338,344,23,40,-1,-1,-1,-1
1330,23,339,343,23,40,-1,-1,-1,-1
1331,23,337,342,24,41,-1,-1,-1,-1
1332,23,339,341,23,42,-1,-1,-1,-1
1333,23,339,342,22,41,-1,-1,-1,-1
1334,23,340,341,21,41,-1,-1,-1,-1
1335,23,342,344,20,38,-1,-1,-1,-1
1336,23,343,344,19,37,-1,-1,-1,-1
1337,23,344,345,19,36,-1,-1,-1,-1
1338,23,345,345,20,37,-1,-1,-1,-1
1339,23,345,343,20,37,-1,-1,-1,-1
