199,0,1879,449,35,86,-1,-1,-1,-1
200,0,1876,441,43,100,-1,-1,-1,-1
201,0,1872,443,46,100,-1,-1,-1,-1
202,0,1876,439,37,97,-1,-1,-1,-1
203,0,1873,437,38,97,-1,-1,-1,-1
204,0,1863,435,48,104,-1,-1,-1,-1
205,0,1862,433,50,104,-1,-1,-1,-1
206,0,1861,431,47,106,-1,-1,-1,-1
207,0,1862,434,43,103,-1,-1,-1,-1
208,0,1851,435,54,102,-1,-1,-1,-1
209,0,1852,434,46,106,-1,-1,-1,-1
210,0,1844,432,51,109,-1,-1,-1,-1
211,0,1844,435,50,107,-1,-1,-1,-1
212,0,1845,432,48,108,-1,-1,-1,-1
213,0,1839,431,54,107,-1,-1,-1,-1
214,0,1836,429,55,108,-1,-1,-1,-1
215,0,1835,430,55,110,-1,-1,-1,-1
216,0,1829,433,54,104,-1,-1,-1,-1
217,0,1824,432,55,107,-1,-1,-1,-1
218,0,1819,431,55,108,-1,-1,-1,-1
219,0,1817,427,54,110,-1,-1,-1,-1
220,0,1822,424,49,110,-1,-1,-1,-1
221,0,1819,425,51,108,-1,-1,-1,-1
222,0,1813,421,52,112,-1,-1,-1,-1
223,0,1808,422,55,112,-1,-1,-1,-1
224,0,1810,426,47,104,-1,-1,-1,-1
225,0,1803,425,53,111,-1,-1,-1,-1
226,0,1797,425,53,112,-1,-1,-1,-1
227,0,1797,433,50,102,-1,-1,-1,-1
228,0,1798,430,47,104,-1,-1,-1,-1
229,0,1801,425,46,108,-1,-1,-1,-1
230,0,1796,426,49,108,-1,-1,-1,-1
231,0,1789,431,53,106,-1,-1,-1,-1
232,0,1783,431,58,104,-1,-1,-1,-1
233,0,1787,426,51,107,-1,-1,-1,-1
234,0,1777,425,56,109,-1,-1,-1,-1
235,0,1776,423,53,108,-1,-1,-1,-1
236,0,1773,426,52,106,-1,-1,-1,-1
237,0,1772,423,51,107,-1,-1,-1,-1
238,0,1768,422,53,107,-1,-1,-1,-1
239,0,1766,423,55,107,-1,-1,-1,-1
240,0,1764,423,54,107,-1,-1,-1,-1
241,0,1762,422,52,109,-1,-1,-1,-1
242,0,1759,422,52,112,-1,-1,-1,-1
243,0,1755,423,50,108,-1,-1,-1,-1
244,0,1755,425,49,104,-1,-1,-1,-1
245,0,1755,424,46,105,-1,-1,-1,-1
246,0,1754,426,46,102,-1,-1,-1,-1
247,0,1744,427,54,103,-1,-1,-1,-1
248,0,1737,423,59,107,-1,-1,-1,-1
249,0,1738,422,55,108,-1,-1,-1,-1
250,0,1733,420,52,109,-1,-1,-1,-1
251,0,1732,422,50,107,-1,-1,-1,-1
252,0,1730,426,49,102,-1,-1,-1,-1
253,0,1729,422,49,101,-1,-1,-1,-1
254,0,1726,420,49,105,-1,-1,-1,-1
255,0,1721,419,52,107,-1,-1,-1,-1
256,0,1719,419,52,111,-1,-1,-1,-1
257,0,1719,416,48,111,-1,-1,-1,-1
258,0,1715,420,51,106,-1,-1,-1,-1
259,0,1715,417,47,109,-1,-1,-1,-1
260,0,1711,420,47,106,-1,-1,-1,-1
261,0,1711,422,45,102,-1,-1,-1,-1
262,0,1704,422,48,104,-1,-1,-1,-1
263,0,1698,420,52,107,-1,-1,-1,-1
264,0,1696,421,49,103,-1,-1,-1,-1
265,0,1692,422,50,103,-1,-1,-1,-1
266,0,1688,419,52,106,-1,-1,-1,-1
267,0,1687,419,48,102,-1,-1,-1,-1
268,0,1687,418,48,100,-1,-1,-1,-1
269,0,1685,416,45,99,-1,-1,-1,-1
270,0,1677,414,52,107,-1,-1,-1,-1
271,0,1681,417,47,96,-1,-1,-1,-1
272,0,1675,414,49,102,-1,-1,-1,-1
273,0,1669,416,50,104,-1,-1,-1,-1
274,0,1663,414,49,107,-1,-1,-1,-1
275,0,1669,416,46,102,-1,-1,-1,-1
276,0,1658,413,53,108,-1,-1,-1,-1
277,0,1662,415,48,101,-1,-1,-1,-1
278,0,1657,414,51,105,-1,-1,-1,-1
279,0,1655,413,49,105,-1,-1,-1,-1
280,0,1659,418,46,97,-1,-1,-1,-1
281,0,1654,414,46,102,-1,-1,-1,-1
282,0,1651,413,50,106,-1,-1,-1,-1
283,0,1645,412,48,104,-1,-1,-1,-1
284,0,1644,414,46,100,-1,-1,-1,-1
285,0,1633,410,52,109,-1,-1,-1,-1
286,0,1632,406,49,109,-1,-1,-1,-1
287,0,1631,408,53,113,-1,-1,-1,-1
288,0,1630,410,52,108,-1,-1,-1,-1
289,0,1627,410,52,106,-1,-1,-1,-1
290,0,1624,407,48,110,-1,-1,-1,-1
291,0,1623,410,50,107,-1,-1,-1,-1
292,0,1622,413,48,109,-1,-1,-1,-1
293,0,1616,414,48,101,-1,-1,-1,-1
294,0,1613,413,52,107,-1,-1,-1,-1
295,0,1613,412,52,106,-1,-1,-1,-1
296,0,1605,406,54,113,-1,-1,-1,-1
297,0,1603,407,53,107,-1,-1,-1,-1
298,0,1594,407,52,109,-1,-1,-1,-1
299,0,1595,403,51,107,-1,-1,-1,-1
300,0,1593,408,48,108,-1,-1,-1,-1
301,0,1592,408,48,106,-1,-1,-1,-1
302,0,1589,412,50,102,-1,-1,-1,-1
303,0,1585,410,53,105,-1,-1,-1,-1
304,0,1588,412,49,99,-1,-1,-1,-1
305,0,1583,407,49,107,-1,-1,-1,-1
306,0,1580,407,52,108,-1,-1,-1,-1
307,0,1578,408,49,107,-1,-1,-1,-1
308,0,1576,408,50,107,-1,-1,-1,-1
309,0,1573,405,49,110,-1,-1,-1,-1
310,0,1570,406,51,108,-1,-1,-1,-1
311,0,1567,410,51,101,-1,-1,-1,-1
312,0,1563,408,53,106,-1,-1,-1,-1
313,0,1563,402,49,107,-1,-1,-1,-1
314,0,1564,406,44,96,-1,-1,-1,-1
340,1,1471,378,48,108,-1,-1,-1,-1
341,1,1465,378,47,104,-1,-1,-1,-1
342,1,1460,380,49,105,-1,-1,-1,-1
343,1,1455,384,49,107,-1,-1,-1,-1
344,1,1456,386,49,108,-1,-1,-1,-1
345,1,1454,377,50,112,-1,-1,-1,-1
369,2,1390,371,52,110,-1,-1,-1,-1
370,2,1386,382,55,107,-1,-1,-1,-1
371,2,1381,374,53,114,-1,-1,-1,-1
372,2,1382,382,53,106,-1,-1,-1,-1
373,2,1377,370,55,117,-1,-1,-1,-1
374,2,1376,370,54,119,-1,-1,-1,-1
375,2,1374,372,56,112,-1,-1,-1,-1
385,3,1340,364,63,114,-1,-1,-1,-1
386,3,1340,370,57,110,-1,-1,-1,-1
387,3,1340,366,54,114,-1,-1,-1,-1
388,3,1338,369,52,112,-1,-1,-1,-1
401,4,1299,365,69,119,-1,-1,-1,-1
402,4,1288,360,71,116,-1,-1,-1,-1
403,4,1297,363,57,115,-1,-1,-1,-1
404,4,1295,364,55,116,-1,-1,-1,-1
405,4,1294,366,53,118,-1,-1,-1,-1
406,4,1291,367,51,125,-1,-1,-1,-1
407,4,1289,372,52,123,-1,-1,-1,-1
408,4,1288,363,49,128,-1,-1,-1,-1
409,4,1290,368,52,117,-1,-1,-1,-1
412,5,1273,360,54,118,-1,-1,-1,-1
413,5,1275,364,47,115,-1,-1,-1,-1
414,5,1274,364,48,116,-1,-1,-1,-1
415,5,1267,363,52,118,-1,-1,-1,-1
416,5,1264,361,54,124,-1,-1,-1,-1
417,5,1263,365,53,119,-1,-1,-1,-1
418,5,1258,363,56,118,-1,-1,-1,-1
419,5,1255,363,62,113,-1,-1,-1,-1
420,5,1255,362,59,117,-1,-1,-1,-1
421,5,1246,364,55,112,-1,-1,-1,-1
422,5,1244,369,51,106,-1,-1,-1,-1
423,5,1247,362,48,115,-1,-1,-1,-1
424,5,1246,362,49,117,-1,-1,-1,-1
425,5,1242,358,55,125,-1,-1,-1,-1
427,5,1242,364,55,109,-1,-1,-1,-1
428,5,1236,358,52,112,-1,-1,-1,-1
429,5,1233,359,52,115,-1,-1,-1,-1
430,5,1229,358,52,118,-1,-1,-1,-1
431,5,1225,361,53,116,-1,-1,-1,-1
432,5,1220,360,55,123,-1,-1,-1,-1
433,5,1217,369,56,118,-1,-1,-1,-1
434,5,1218,361,55,112,-1,-1,-1,-1
84,7,1078,0,27,43,-1,-1,-1,-1
85,7,1079,0,28,42,-1,-1,-1,-1
86,7,1078,0,29,42,-1,-1,-1,-1
87,7,1078,0,28,42,-1,-1,-1,-1
88,7,1078,1,29,42,-1,-1,-1,-1
89,7,1077,1,29,42,-1,-1,-1,-1
90,7,1076,1,31,44,-1,-1,-1,-1
91,7,1077,1,29,42,-1,-1,-1,-1
92,7,1078,1,28,42,-1,-1,-1,-1
93,7,1077,1,29,43,-1,-1,-1,-1
94,7,1077,1,28,44,-1,-1,-1,-1
95,7,1077,1,28,40,-1,-1,-1,-1
96,7,1076,1,28,43,-1,-1,-1,-1
97,7,1076,1,29,43,-1,-1,-1,-1
98,7,1076,1,29,43,-1,-1,-1,-1
99,7,1077,1,28,41,-1,-1,-1,-1
100,7,1076,1,29,41,-1,-1,-1,-1
101,7,1076,0,29,44,-1,-1,-1,-1
102,7,1074,0,31,45,-1,-1,-1,-1
103,7,1073,0,31,42,-1,-1,-1,-1
104,7,1072,0,32,43,-1,-1,-1,-1
105,7,1073,0,33,43,-1,-1,-1,-1
106,7,1072,0,33,42,-1,-1,-1,-1
107,7,1069,0,33,42,-1,-1,-1,-1
108,7,1068,0,32,41,-1,-1,-1,-1
109,7,1068,0,31,41,-1,-1,-1,-1
110,7,1067,0,30,40,-1,-1,-1,-1
111,7,1067,0,29,39,-1,-1,-1,-1
112,7,1066,0,28,38,-1,-1,-1,-1
113,7,1065,0,28,39,-1,-1,-1,-1
114,7,1063,0,29,40,-1,-1,-1,-1
115,7,1061,0,30,40,-1,-1,-1,-1
116,7,1062,0,28,40,-1,-1,-1,-1
117,7,1062,0,29,39,-1,-1,-1,-1
118,7,1061,0,30,40,-1,-1,-1,-1
119,7,1061,0,30,40,-1,-1,-1,-1
120,7,1061,0,30,41,-1,-1,-1,-1
121,7,1061,1,29,40,-1,-1,-1,-1
122,7,1061,1,29,40,-1,-1,-1,-1
123,7,1061,0,28,40,-1,-1,-1,-1
124,7,1061,1,28,38,-1,-1,-1,-1
125,7,1061,0,27,39,-1,-1,-1,-1
126,7,1061,1,27,38,-1,-1,-1,-1
127,7,1060,1,27,38,-1,-1,-1,-1
128,7,1059,1,27,38,-1,-1,-1,-1
129,7,1059,1,27,38,-1,-1,-1,-1
130,7,1057,1,27,38,-1,-1,-1,-1
131,7,1056,1,27,38,-1,-1,-1,-1
132,7,1056,1,27,38,-1,-1,-1,-1
133,7,1056,1,28,38,-1,-1,-1,-1
134,7,1056,1,28,40,-1,-1,-1,-1
135,7,1055,1,29,38,-1,-1,-1,-1
136,7,1054,1,28,39,-1,-1,-1,-1
137,7,1052,0,30,41,-1,-1,-1,-1
138,7,1051,0,31,42,-1,-1,-1,-1
139,7,1051,0,30,42,-1,-1,-1,-1
140,7,1051,0,30,43,-1,-1,-1,-1
141,7,1050,0,31,42,-1,-1,-1,-1
142,7,1051,0,30,42,-1,-1,-1,-1
143,7,1050,0,30,42,-1,-1,-1,-1
144,7,1046,0,32,43,-1,-1,-1,-1
145,7,1047,0,33,42,-1,-1,-1,-1
146,7,1046,0,32,44,-1,-1,-1,-1
147,7,1045,0,32,45,-1,-1,-1,-1
148,7,1044,0,31,45,-1,-1,-1,-1
149,7,1043,0,32,45,-1,-1,-1,-1
150,7,1043,0,31,45,-1,-1,-1,-1
151,7,1043,0,31,45,-1,-1,-1,-1
152,7,1041,0,32,44,-1,-1,-1,-1
153,7,1040,0,32,44,-1,-1,-1,-1
154,7,1039,0,32,44,-1,-1,-1,-1
155,7,1039,0,32,44,-1,-1,-1,-1
156,7,1039,1,31,44,-1,-1,-1,-1
157,7,1037,0,33,44,-1,-1,-1,-1
158,7,1037,0,32,44,-1,-1,-1,-1
159,7,1037,0,32,43,-1,-1,-1,-1
160,7,1036,0,33,42,-1,-1,-1,-1
161,7,1036,1,32,41,-1,-1,-1,-1
162,7,1035,1,32,41,-1,-1,-1,-1
163,7,1035,1,32,40,-1,-1,-1,-1
164,7,1035,1,31,41,-1,-1,-1,-1
165,7,1034,1,32,40,-1,-1,-1,-1
166,7,1033,1,32,41,-1,-1,-1,-1
167,7,1031,1,33,43,-1,-1,-1,-1
168,7,1031,1,32,43,-1,-1,-1,-1
169,7,1030,1,32,44,-1,-1,-1,-1
170,7,1029,1,34,45,-1,-1,-1,-1
171,7,1030,1,32,44,-1,-1,-1,-1
172,7,1029,1,33,43,-1,-1,-1,-1
173,7,1029,1,32,42,-1,-1,-1,-1
174,7,1028,1,31,43,-1,-1,-1,-1
175,7,1028,1,31,42,-1,-1,-1,-1
176,7,1027,1,31,43,-1,-1,-1,-1
177,7,1025,1,32,43,-1,-1,-1,-1
178,7,1026,1,32,44,-1,-1,-1,-1
179,7,1027,1,31,43,-1,-1,-1,-1
180,7,1025,1,33,44,-1,-1,-1,-1
181,7,1025,1,32,44,-1,-1,-1,-1
182,7,1024,0,29,47,-1,-1,-1,-1
183,7,1023,0,29,48,-1,-1,-1,-1
184,7,1021,0,30,49,-1,-1,-1,-1
185,7,1021,0,29,49,-1,-1,-1,-1
186,7,1021,0,29,48,-1,-1,-1,-1
187,7,1022,1,32,44,-1,-1,-1,-1
188,7,1021,0,30,48,-1,-1,-1,-1
189,7,1020,0,31,49,-1,-1,-1,-1
190,7,1020,0,29,47,-1,-1,-1,-1
191,7,1020,1,29,46,-1,-1,-1,-1
192,7,1020,1,27,44,-1,-1,-1,-1
193,7,1019,1,27,43,-1,-1,-1,-1
194,7,1018,1,27,44,-1,-1,-1,-1
195,7,1018,1,27,43,-1,-1,-1,-1
196,7,1018,1,27,43,-1,-1,-1,-1
197,7,1018,1,26,43,-1,-1,-1,-1
198,7,1018,1,27,42,-1,-1,-1,-1
199,7,1016,1,28,41,-1,-1,-1,-1
200,7,1016,1,28,41,-1,-1,-1,-1
201,7,1015,1,28,41,-1,-1,-1,-1
202,7,1014,0,29,43,-1,-1,-1,-1
203,7,1013,1,30,42,-1,-1,-1,-1
204,7,1013,1,27,39,-1,-1,-1,-1
205,7,1013,1,27,39,-1,-1,-1,-1
206,7,1011,1,29,39,-1,-1,-1,-1
207,7,1010,1,29,40,-1,-1,-1,-1
208,7,1009,1,29,39,-1,-1,-1,-1
209,7,1010,1,27,40,-1,-1,-1,-1
210,7,1009,1,28,41,-1,-1,-1,-1
211,7,1008,1,29,40,-1,-1,-1,-1
212,7,1008,2,28,42,-1,-1,-1,-1
213,7,1008,1,28,43,-1,-1,-1,-1
214,7,1006,1,30,42,-1,-1,-1,-1
215,7,1006,1,31,42,-1,-1,-1,-1
216,7,1005,1,32,41,-1,-1,-1,-1
217,7,1004,1,33,42,-1,-1,-1,-1
218,7,1002,1,34,42,-1,-1,-1,-1
219,7,1004,1,32,40,-1,-1,-1,-1
220,7,1004,1,33,40,-1,-1,-1,-1
221,7,1003,1,33,41,-1,-1,-1,-1
222,7,1003,1,33,41,-1,-1,-1,-1
223,7,1003,1,32,42,-1,-1,-1,-1
224,7,1001,0,29,43,-1,-1,-1,-1
225,7,1001,0,28,43,-1,-1,-1,-1
226,7,1000,0,28,43,-1,-1,-1,-1
227,7,1000,0,28,44,-1,-1,-1,-1
228,7,999,0,27,45,-1,-1,-1,-1
229,7,997,0,27,45,-1,-1,-1,-1
230,7,997,0,28,44,-1,-1,-1,-1
231,7,996,0,27,44,-1,-1,-1,-1
232,7,996,1,26,43,-1,-1,-1,-1
233,7,994,1,27,43,-1,-1,-1,-1
234,7,993,1,28,43,-1,-1,-1,-1
235,7,993,1,27,43,-1,-1,-1,-1
236,7,992,1,29,44,-1,-1,-1,-1
237,7,993,1,27,43,-1,-1,-1,-1
238,7,993,3,26,39,-1,-1,-1,-1
239,7,993,4,26,39,-1,-1,-1,-1
240,7,992,3,26,40,-1,-1,-1,-1
241,7,992,3,26,39,-1,-1,-1,-1
242,7,991,1,26,41,-1,-1,-1,-1
243,7,991,1,27,41,-1,-1,-1,-1
244,7,990,1,27,41,-1,-1,-1,-1
245,7,987,2,31,42,-1,-1,-1,-1
246,7,988,1,27,39,-1,-1,-1,-1
247,7,988,1,27,39,-1,-1,-1,-1
248,7,987,1,27,39,-1,-1,-1,-1
249,7,987,1,27,38,-1,-1,-1,-1
250,7,987,1,27,39,-1,-1,-1,-1
251,7,986,1,28,39,-1,-1,-1,-1
252,7,986,1,27,38,-1,-1,-1,-1
253,7,984,1,30,40,-1,-1,-1,-1
254,7,983,1,30,40,-1,-1,-1,-1
255,7,982,3,28,41,-1,-1,-1,-1
256,7,983,1,29,41,-1,-1,-1,-1
257,7,982,1,30,42,-1,-1,-1,-1
258,7,981,1,31,42,-1,-1,-1,-1
259,7,981,1,31,41,-1,-1,-1,-1
260,7,979,1,33,42,-1,-1,-1,-1
261,7,979,1,32,43,-1,-1,-1,-1
262,7,978,1,34,43,-1,-1,-1,-1
263,7,977,1,34,43,-1,-1,-1,-1
264,7,975,0,32,45,-1,-1,-1,-1
265,7,975,0,31,44,-1,-1,-1,-1
266,7,975,0,30,43,-1,-1,-1,-1
267,7,974,0,31,43,-1,-1,-1,-1
268,7,974,0,30,43,-1,-1,-1,-1
269,7,973,0,31,43,-1,-1,-1,-1
270,7,973,1,28,42,-1,-1,-1,-1
271,7,972,1,28,44,-1,-1,-1,-1
272,7,972,1,28,44,-1,-1,-1,-1
273,7,973,3,27,41,-1,-1,-1,-1
274,7,971,1,26,45,-1,-1,-1,-1
275,7,971,2,26,44,-1,-1,-1,-1
276,7,971,2,25,44,-1,-1,-1,-1
277,7,970,1,26,43,-1,-1,-1,-1
278,7,969,1,27,43,-1,-1,-1,-1
279,7,969,1,26,42,-1,-1,-1,-1
280,7,969,2,26,41,-1,-1,-1,-1
281,7,968,1,26,42,-1,-1,-1,-1
282,7,968,1,27,43,-1,-1,-1,-1
283,7,968,1,26,38,-1,-1,-1,-1
284,7,967,1,26,37,-1,-1,-1,-1
285,7,966,1,26,37,-1,-1,-1,-1
286,7,966,1,25,37,-1,-1,-1,-1
287,7,965,1,26,38,-1,-1,-1,-1
288,7,964,1,26,37,-1,-1,-1,-1
289,7,963,1,27,38,-1,-1,-1,-1
290,7,963,1,27,39,-1,-1,-1,-1
291,7,963,1,27,39,-1,-1,-1,-1
292,7,963,1,26,39,-1,-1,-1,-1
293,7,963,1,26,39,-1,-1,-1,-1
294,7,959,4,30,41,-1,-1,-1,-1
295,7,961,3,26,40,-1,-1,-1,-1
296,7,961,3,26,40,-1,-1,-1,-1
297,7,960,2,28,41,-1,-1,-1,-1
298,7,961,3,26,40,-1,-1,-1,-1
299,7,961,3,26,40,-1,-1,-1,-1
300,7,959,2,29,42,-1,-1,-1,-1
301,7,959,1,29,41,-1,-1,-1,-1
302,7,958,1,29,40,-1,-1,-1,-1
303,7,954,1,28,42,-1,-1,-1,-1
304,7,953,1,28,42,-1,-1,-1,-1
305,7,952,1,28,43,-1,-1,-1,-1
306,7,950,1,28,43,-1,-1,-1,-1
307,7,950,0,28,44,-1,-1,-1,-1
308,7,950,1,28,44,-1,-1,-1,-1
309,7,949,1,27,45,-1,-1,-1,-1
310,7,948,1,26,45,-1,-1,-1,-1
311,7,947,1,27,45,-1,-1,-1,-1
312,7,947,2,27,42,-1,-1,-1,-1
313,7,945,1,30,46,-1,-1,-1,-1
314,7,945,2,29,43,-1,-1,-1,-1
315,7,945,1,28,42,-1,-1,-1,-1
316,7,945,1,27,42,-1,-1,-1,-1
317,7,945,2,26,43,-1,-1,-1,-1
318,7,944,2,27,43,-1,-1,-1,-1
319,7,944,3,27,42,-1,-1,-1,-1
320,7,944,4,26,41,-1,-1,-1,-1
321,7,944,3,26,41,-1,-1,-1,-1
322,7,943,3,27,42,-1,-1,-1,-1
323,7,943,3,27,42,-1,-1,-1,-1
324,7,943,4,27,41,-1,-1,-1,-1
325,7,942,3,27,43,-1,-1,-1,-1
326,7,941,3,27,42,-1,-1,-1,-1
327,7,941,4,26,42,-1,-1,-1,-1
328,7,940,4,27,42,-1,-1,-1,-1
329,7,941,4,26,42,-1,-1,-1,-1
330,7,940,4,26,42,-1,-1,-1,-1
331,7,939,4,26,41,-1,-1,-1,-1
332,7,939,3,25,43,-1,-1,-1,-1
333,7,939,3,26,43,-1,-1,-1,-1
334,7,936,4,27,47,-1,-1,-1,-1
335,7,936,5,27,45,-1,-1,-1,-1
336,7,936,5,27,45,-1,-1,-1,-1
337,7,936,4,26,46,-1,-1,-1,-1
338,7,937,4,24,43,-1,-1,-1,-1
339,7,933,3,29,49,-1,-1,-1,-1
340,7,932,3,29,49,-1,-1,-1,-1
341,7,931,3,29,48,-1,-1,-1,-1
342,7,929,1,30,49,-1,-1,-1,-1
343,7,929,3,30,47,-1,-1,-1,-1
344,7,928,4,30,45,-1,-1,-1,-1
345,7,928,4,30,46,-1,-1,-1,-1
346,7,928,4,30,45,-1,-1,-1,-1
347,7,927,3,29,45,-1,-1,-1,-1
348,7,927,4,27,44,-1,-1,-1,-1
349,7,926,5,27,43,-1,-1,-1,-1
350,7,926,6,25,41,-1,-1,-1,-1
351,7,925,5,26,43,-1,-1,-1,-1
352,7,925,5,25,42,-1,-1,-1,-1
353,7,925,5,26,42,-1,-1,-1,-1
354,7,924,4,27,44,-1,-1,-1,-1
355,7,923,5,27,43,-1,-1,-1,-1
356,7,923,4,27,43,-1,-1,-1,-1
357,7,923,5,27,42,-1,-1,-1,-1
358,7,923,4,27,43,-1,-1,-1,-1
359,7,923,4,27,43,-1,-1,-1,-1
360,7,922,4,28,43,-1,-1,-1,-1
361,7,922,5,27,41,-1,-1,-1,-1
362,7,921,5,27,41,-1,-1,-1,-1
363,7,920,4,27,41,-1,-1,-1,-1
364,7,919,4,27,40,-1,-1,-1,-1
365,7,917,2,27,42,-1,-1,-1,-1
366,7,917,1,27,43,-1,-1,-1,-1
367,7,917,2,26,41,-1,-1,-1,-1
368,7,918,2,25,41,-1,-1,-1,-1
369,7,917,2,27,43,-1,-1,-1,-1
370,7,916,1,26,43,-1,-1,-1,-1
371,7,913,2,31,44,-1,-1,-1,-1
372,7,914,2,26,46,-1,-1,-1,-1
373,7,912,2,31,44,-1,-1,-1,-1
374,7,913,3,26,45,-1,-1,-1,-1
375,7,911,3,27,44,-1,-1,-1,-1
376,7,910,1,31,44,-1,-1,-1,-1
377,7,909,1,32,44,-1,-1,-1,-1
378,7,908,0,30,44,-1,-1,-1,-1
379,7,908,0,28,44,-1,-1,-1,-1
380,7,908,0,28,43,-1,-1,-1,-1
381,7,907,0,28,43,-1,-1,-1,-1
382,7,906,0,29,43,-1,-1,-1,-1
383,7,906,1,28,43,-1,-1,-1,-1
384,7,905,1,29,44,-1,-1,-1,-1
385,7,904,1,29,44,-1,-1,-1,-1
386,7,903,1,29,45,-1,-1,-1,-1
387,7,903,1,25,44,-1,-1,-1,-1
388,7,902,2,25,43,-1,-1,-1,-1
389,7,901,3,25,43,-1,-1,-1,-1
390,7,901,4,24,42,-1,-1,-1,-1
391,7,901,4,24,41,-1,-1,-1,-1
392,7,901,3,24,42,-1,-1,-1,-1
393,7,901,5,23,39,-1,-1,-1,-1
394,7,900,6,23,38,-1,-1,-1,-1
395,7,900,6,23,38,-1,-1,-1,-1
396,7,898,7,24,36,-1,-1,-1,-1
397,7,897,6,25,38,-1,-1,-1,-1
398,7,897,6,25,37,-1,-1,-1,-1
399,7,897,6,24,40,-1,-1,-1,-1
400,7,897,8,24,37,-1,-1,-1,-1
401,7,896,7,25,37,-1,-1,-1,-1
402,7,895,6,25,41,-1,-1,-1,-1
403,7,894,5,25,43,-1,-1,-1,-1
404,7,894,5,25,43,-1,-1,-1,-1
405,7,894,5,25,43,-1,-1,-1,-1
406,7,891,6,26,42,-1,-1,-1,-1
407,7,890,6,27,42,-1,-1,-1,-1
408,7,889,6,26,41,-1,-1,-1,-1
409,7,891,6,24,43,-1,-1,-1,-1
410,7,891,5,23,43,-1,-1,-1,-1
411,7,890,5,23,43,-1,-1,-1,-1
412,7,886,3,21,44,-1,-1,-1,-1
413,7,885,4,21,41,-1,-1,-1,-1
414,7,885,5,21,42,-1,-1,-1,-1
415,7,884,5,22,42,-1,-1,-1,-1
416,7,884,5,21,42,-1,-1,-1,-1
417,7,882,5,23,42,-1,-1,-1,-1
418,7,880,6,25,43,-1,-1,-1,-1
419,7,880,6,25,43,-1,-1,-1,-1
420,7,879,4,23,43,-1,-1,-1,-1
421,7,877,5,25,42,-1,-1,-1,-1
422,7,877,3,24,44,-1,-1,-1,-1
423,7,876,3,24,44,-1,-1,-1,-1
424,7,876,3,24,44,-1,-1,-1,-1
425,7,876,4,24,44,-1,-1,-1,-1
426,7,876,4,23,45,-1,-1,-1,-1
427,7,874,5,25,43,-1,-1,-1,-1
428,7,872,4,26,43,-1,-1,-1,-1
429,7,869,3,28,46,-1,-1,-1,-1
430,7,866,3,29,44,-1,-1,-1,-1
431,7,865,2,29,47,-1,-1,-1,-1
432,7,868,2,25,47,-1,-1,-1,-1
433,7,865,4,28,50,-1,-1,-1,-1
434,7,867,4,25,50,-1,-1,-1,-1
435,7,867,4,25,50,-1,-1,-1,-1
436,7,864,4,29,50,-1,-1,-1,-1
437,7,866,4,26,48,-1,-1,-1,-1
523,8,1334,36,31,56,-1,-1,-1,-1
524,8,1337,37,27,53,-1,-1,-1,-1
525,8,1335,37,29,55,-1,-1,-1,-1
529,9,1326,38,32,57,-1,-1,-1,-1
530,9,1326,39,33,55,-1,-1,-1,-1
531,9,1327,40,33,54,-1,-1,-1,-1
532,9,1326,40,34,54,-1,-1,-1,-1
533,9,1325,40,34,55,-1,-1,-1,-1
534,9,1325,40,34,54,-1,-1,-1,-1
535,9,1327,40,32,53,-1,-1,-1,-1
536,9,1326,39,33,54,-1,-1,-1,-1
537,9,1324,39,34,55,-1,-1,-1,-1
538,9,1324,39,34,54,-1,-1,-1,-1
539,9,1324,39,34,55,-1,-1,-1,-1
540,9,1324,37,35,58,-1,-1,-1,-1
541,9,1321,38,34,57,-1,-1,-1,-1
542,9,1316,39,40,54,-1,-1,-1,-1
543,9,1319,38,31,55,-1,-1,-1,-1
544,9,1318,39,29,53,-1,-1,-1,-1
545,9,1313,39,36,55,-1,-1,-1,-1
546,9,1317,40,31,54,-1,-1,-1,-1
547,9,1316,40,31,54,-1,-1,-1,-1
548,9,1316,40,31,55,-1,-1,-1,-1
549,9,1316,40,31,55,-1,-1,-1,-1
550,9,1315,38,32,56,-1,-1,-1,-1
551,9,1313,38,31,57,-1,-1,-1,-1
552,9,1311,38,32,57,-1,-1,-1,-1
553,9,1311,39,32,56,-1,-1,-1,-1
554,9,1309,39,33,56,-1,-1,-1,-1
555,9,1310,38,32,57,-1,-1,-1,-1
556,9,1311,39,31,56,-1,-1,-1,-1
557,9,1311,38,31,57,-1,-1,-1,-1
558,9,1310,39,30,55,-1,-1,-1,-1
559,9,1310,39,30,54,-1,-1,-1,-1
560,9,1310,40,30,53,-1,-1,-1,-1
561,9,1308,39,30,55,-1,-1,-1,-1
562,9,1307,39,31,54,-1,-1,-1,-1
563,9,1306,39,32,56,-1,-1,-1,-1
564,9,1307,39,31,55,-1,-1,-1,-1
565,9,1307,42,29,52,-1,-1,-1,-1
566,9,1306,41,30,53,-1,-1,-1,-1
567,9,1303,39,34,56,-1,-1,-1,-1
568,9,1303,40,33,56,-1,-1,-1,-1
569,9,1302,39,34,57,-1,-1,-1,-1
570,9,1301,39,34,57,-1,-1,-1,-1
571,9,1297,42,40,55,-1,-1,-1,-1
572,9,1298,44,35,52,-1,-1,-1,-1
573,9,1300,41,32,53,-1,-1,-1,-1
574,9,1300,40,31,53,-1,-1,-1,-1
575,9,1300,41,31,52,-1,-1,-1,-1
576,9,1300,41,31,52,-1,-1,-1,-1
577,9,1300,42,30,51,-1,-1,-1,-1
578,9,1299,41,31,53,-1,-1,-1,-1
579,9,1296,42,34,53,-1,-1,-1,-1
580,9,1295,41,35,53,-1,-1,-1,-1
581,9,1295,40,34,54,-1,-1,-1,-1
582,9,1296,40,29,54,-1,-1,-1,-1
583,9,1292,44,34,51,-1,-1,-1,-1
437,10,1199,358,64,116,-1,-1,-1,-1
438,10,1207,359,54,113,-1,-1,-1,-1
439,10,1200,361,54,113,-1,-1,-1,-1
440,10,1201,359,47,119,-1,-1,-1,-1
441,10,1209,363,47,113,-1,-1,-1,-1
442,10,1197,359,50,115,-1,-1,-1,-1
443,10,1196,356,51,120,-1,-1,-1,-1
444,10,1192,355,52,119,-1,-1,-1,-1
445,10,1194,359,53,115,-1,-1,-1,-1
446,10,1189,359,53,113,-1,-1,-1,-1
447,10,1175,358,62,117,-1,-1,-1,-1
448,10,1170,360,63,119,-1,-1,-1,-1
449,10,1171,371,55,114,-1,-1,-1,-1
450,10,1168,366,57,116,-1,-1,-1,-1
451,10,1168,361,59,120,-1,-1,-1,-1
452,10,1164,362,62,117,-1,-1,-1,-1
453,10,1162,362,64,120,-1,-1,-1,-1
454,10,1161,364,60,112,-1,-1,-1,-1
455,10,1155,361,60,115,-1,-1,-1,-1
456,10,1151,361,55,117,-1,-1,-1,-1
457,10,1149,362,55,117,-1,-1,-1,-1
458,10,1151,361,51,117,-1,-1,-1,-1
459,10,1156,362,50,115,-1,-1,-1,-1
460,10,1156,365,49,115,-1,-1,-1,-1
461,10,1153,360,51,122,-1,-1,-1,-1
462,10,1149,356,50,122,-1,-1,-1,-1
463,10,1143,358,51,113,-1,-1,-1,-1
464,10,1135,354,54,117,-1,-1,-1,-1
465,10,1127,355,56,120,-1,-1,-1,-1
466,10,1129,363,51,110,-1,-1,-1,-1
467,10,1130,360,52,114,-1,-1,-1,-1
468,10,1132,362,52,120,-1,-1,-1,-1
469,10,1127,356,53,124,-1,-1,-1,-1
470,10,1123,360,57,115,-1,-1,-1,-1
471,10,1118,361,53,107,-1,-1,-1,-1
472,10,1111,355,58,117,-1,-1,-1,-1
473,10,1105,354,56,122,-1,-1,-1,-1
474,10,1106,357,53,114,-1,-1,-1,-1
475,10,1108,358,48,112,-1,-1,-1,-1
476,10,1108,357,45,109,-1,-1,-1,-1
477,10,1109,358,43,113,-1,-1,-1,-1
478,10,1101,358,50,114,-1,-1,-1,-1
479,10,1098,355,50,112,-1,-1,-1,-1
480,10,1090,359,57,119,-1,-1,-1,-1
481,10,1080,360,68,113,-1,-1,-1,-1
482,10,1076,361,69,113,-1,-1,-1,-1
483,10,1078,357,60,113,-1,-1,-1,-1
484,10,1080,360,52,112,-1,-1,-1,-1
485,10,1077,362,54,112,-1,-1,-1,-1
486,10,1074,363,56,113,-1,-1,-1,-1
487,10,1074,361,53,115,-1,-1,-1,-1
488,10,1073,355,53,121,-1,-1,-1,-1
489,10,1073,356,53,119,-1,-1,-1,-1
490,10,1071,357,54,116,-1,-1,-1,-1
491,10,1074,357,46,117,-1,-1,-1,-1
492,10,1068,357,48,110,-1,-1,-1,-1
493,10,1068,356,47,109,-1,-1,-1,-1
494,10,1063,356,48,112,-1,-1,-1,-1
495,10,1061,361,47,108,-1,-1,-1,-1
496,10,1056,363,48,110,-1,-1,-1,-1
497,10,1044,357,61,116,-1,-1,-1,-1
498,10,1045,358,60,116,-1,-1,-1,-1
499,10,1040,361,62,109,-1,-1,-1,-1
500,10,1041,359,57,108,-1,-1,-1,-1
501,10,1035,357,59,110,-1,-1,-1,-1
502,10,1033,361,58,109,-1,-1,-1,-1
503,10,1034,362,49,109,-1,-1,-1,-1
504,10,1031,361,52,113,-1,-1,-1,-1
505,10,1033,359,48,116,-1,-1,-1,-1
506,10,1028,356,54,117,-1,-1,-1,-1
507,10,1026,358,50,109,-1,-1,-1,-1
508,10,1024,359,51,107,-1,-1,-1,-1
509,10,1024,358,47,102,-1,-1,-1,-1
510,10,1023,355,48,113,-1,-1,-1,-1
511,10,1014,356,52,113,-1,-1,-1,-1
512,10,1010,358,54,117,-1,-1,-1,-1
513,10,1005,360,55,115,-1,-1,-1,-1
514,10,1003,360,57,116,-1,-1,-1,-1
515,10,1005,359,53,113,-1,-1,-1,-1
516,10,997,358,62,118,-1,-1,-1,-1
517,10,993,359,61,115,-1,-1,-1,-1
518,10,991,358,61,116,-1,-1,-1,-1
519,10,988,357,59,114,-1,-1,-1,-1
520,10,989,360,58,113,-1,-1,-1,-1
521,10,990,361,54,113,-1,-1,-1,-1
522,10,990,357,49,115,-1,-1,-1,-1
523,10,990,361,45,111,-1,-1,-1,-1
524,10,980,358,54,117,-1,-1,-1,-1
525,10,979,359,54,117,-1,-1,-1,-1
526,10,979,357,51,117,-1,-1,-1,-1
527,10,979,356,44,106,-1,-1,-1,-1
528,10,976,355,50,113,-1,-1,-1,-1
529,10,967,357,56,113,-1,-1,-1,-1
530,10,968,359,51,109,-1,-1,-1,-1
531,10,966,360,49,109,-1,-1,-1,-1
532,10,963,362,51,112,-1,-1,-1,-1
533,10,958,361,55,108,-1,-1,-1,-1
534,10,952,360,60,112,-1,-1,-1,-1
535,10,949,360,59,111,-1,-1,-1,-1
536,10,948,358,52,110,-1,-1,-1,-1
537,10,946,360,54,110,-1,-1,-1,-1
538,10,945,360,53,110,-1,-1,-1,-1
539,10,943,361,49,109,-1,-1,-1,-1
540,10,939,362,50,107,-1,-1,-1,-1
541,10,939,358,49,114,-1,-1,-1,-1
542,10,937,358,50,112,-1,-1,-1,-1
543,10,935,358,48,115,-1,-1,-1,-1
544,10,933,363,48,104,-1,-1,-1,-1
545,10,927,361,57,115,-1,-1,-1,-1
546,10,921,358,58,117,-1,-1,-1,-1
547,10,921,364,54,111,-1,-1,-1,-1
548,10,917,361,55,115,-1,-1,-1,-1
549,10,916,360,51,115,-1,-1,-1,-1
550,10,910,362,59,115,-1,-1,-1,-1
551,10,907,361,62,117,-1,-1,-1,-1
552,10,906,360,59,117,-1,-1,-1,-1
553,10,903,359,59,117,-1,-1,-1,-1
554,10,902,360,59,114,-1,-1,-1,-1
555,10,902,360,55,113,-1,-1,-1,-1
556,10,900,361,54,113,-1,-1,-1,-1
557,10,901,357,45,118,-1,-1,-1,-1
558,10,897,357,47,117,-1,-1,-1,-1
559,10,893,359,51,118,-1,-1,-1,-1
560,10,887,355,54,120,-1,-1,-1,-1
561,10,883,356,56,118,-1,-1,-1,-1
562,10,879,359,60,114,-1,-1,-1,-1
563,10,876,360,62,113,-1,-1,-1,-1
564,10,876,362,54,112,-1,-1,-1,-1
565,10,877,363,53,114,-1,-1,-1,-1
566,10,870,358,53,119,-1,-1,-1,-1
567,10,869,361,55,118,-1,-1,-1,-1
568,10,866,361,57,117,-1,-1,-1,-1
569,10,871,364,53,113,-1,-1,-1,-1
570,10,858,361,58,112,-1,-1,-1,-1
571,10,860,362,55,110,-1,-1,-1,-1
572,10,860,363,53,110,-1,-1,-1,-1
573,10,857,362,56,114,-1,-1,-1,-1
574,10,857,360,45,116,-1,-1,-1,-1
575,10,853,356,49,119,-1,-1,-1,-1
576,10,849,363,50,112,-1,-1,-1,-1
577,10,849,365,51,113,-1,-1,-1,-1
578,10,845,362,53,118,-1,-1,-1,-1
579,10,842,363,52,114,-1,-1,-1,-1
580,10,839,363,49,116,-1,-1,-1,-1
581,10,834,378,42,100,-1,-1,-1,-1
582,10,830,392,46,90,-1,-1,-1,-1
583,10,829,371,50,105,-1,-1,-1,-1
584,10,824,382,50,101,-1,-1,-1,-1
585,10,822,366,54,110,-1,-1,-1,-1
586,10,823,367,50,112,-1,-1,-1,-1
587,10,823,362,52,117,-1,-1,-1,-1
588,10,826,372,48,104,-1,-1,-1,-1
589,10,820,372,44,103,-1,-1,-1,-1
593,11,802,360,51,106,-1,-1,-1,-1
594,11,797,359,53,113,-1,-1,-1,-1
595,11,791,356,59,115,-1,-1,-1,-1
596,11,790,359,59,107,-1,-1,-1,-1
597,11,791,363,47,103,-1,-1,-1,-1
598,11,788,387,41,91,-1,-1,-1,-1
599,11,786,395,43,87,-1,-1,-1,-1
600,11,790,379,44,100,-1,-1,-1,-1
601,11,784,386,46,97,-1,-1,-1,-1
602,11,784,384,46,98,-1,-1,-1,-1
603,11,782,388,45,89,-1,-1,-1,-1
611,12,762,358,52,115,-1,-1,-1,-1
612,12,761,362,47,109,-1,-1,-1,-1
613,12,756,362,50,102,-1,-1,-1,-1
614,12,747,360,53,116,-1,-1,-1,-1
615,12,749,363,50,112,-1,-1,-1,-1
616,12,745,361,49,106,-1,-1,-1,-1
617,12,741,360,49,109,-1,-1,-1,-1
618,12,744,367,45,110,-1,-1,-1,-1
619,12,744,364,41,96,-1,-1,-1,-1
493,13,825,4,26,46,-1,-1,-1,-1
494,13,824,5,27,46,-1,-1,-1,-1
495,13,822,8,28,46,-1,-1,-1,-1
496,13,824,4,26,46,-1,-1,-1,-1
497,13,820,8,25,42,-1,-1,-1,-1
498,13,819,7,25,44,-1,-1,-1,-1
499,13,819,6,25,43,-1,-1,-1,-1
500,13,817,6,25,43,-1,-1,-1,-1
501,13,816,5,25,43,-1,-1,-1,-1
502,13,816,5,26,46,-1,-1,-1,-1
503,13,817,4,24,44,-1,-1,-1,-1
504,13,814,4,27,44,-1,-1,-1,-1
505,13,813,3,26,43,-1,-1,-1,-1
506,13,813,4,27,42,-1,-1,-1,-1
507,13,813,6,27,40,-1,-1,-1,-1
508,13,812,5,25,41,-1,-1,-1,-1
509,13,811,6,25,40,-1,-1,-1,-1
510,13,810,4,25,42,-1,-1,-1,-1
511,13,810,4,25,42,-1,-1,-1,-1
512,13,810,4,25,42,-1,-1,-1,-1
513,13,809,6,26,40,-1,-1,-1,-1
514,13,809,6,25,40,-1,-1,-1,-1
515,13,807,6,26,41,-1,-1,-1,-1
516,13,806,7,27,42,-1,-1,-1,-1
517,13,806,7,27,42,-1,-1,-1,-1
518,13,803,8,28,43,-1,-1,-1,-1
519,13,803,8,28,42,-1,-1,-1,-1
520,13,802,7,29,45,-1,-1,-1,-1
521,13,801,7,29,44,-1,-1,-1,-1
522,13,800,8,28,44,-1,-1,-1,-1
523,13,799,5,27,45,-1,-1,-1,-1
524,13,799,4,29,43,-1,-1,-1,-1
525,13,798,4,27,44,-1,-1,-1,-1
526,13,798,4,27,43,-1,-1,-1,-1
527,13,796,3,29,42,-1,-1,-1,-1
528,13,793,0,28,43,-1,-1,-1,-1
529,13,793,0,28,43,-1,-1,-1,-1
530,13,792,0,27,44,-1,-1,-1,-1
531,13,792,4,28,41,-1,-1,-1,-1
532,13,793,2,24,43,-1,-1,-1,-1
533,13,792,5,26,41,-1,-1,-1,-1
534,13,790,6,27,40,-1,-1,-1,-1
535,13,789,5,28,41,-1,-1,-1,-1
536,13,788,3,25,44,-1,-1,-1,-1
537,13,787,3,26,44,-1,-1,-1,-1
538,13,787,4,25,43,-1,-1,-1,-1
539,13,786,4,25,42,-1,-1,-1,-1
540,13,786,3,25,43,-1,-1,-1,-1
541,13,785,5,24,42,-1,-1,-1,-1
542,13,785,5,24,42,-1,-1,-1,-1
543,13,785,5,24,41,-1,-1,-1,-1
544,13,785,4,24,42,-1,-1,-1,-1
545,13,785,4,24,42,-1,-1,-1,-1
546,13,785,3,23,43,-1,-1,-1,-1
547,13,785,3,23,43,-1,-1,-1,-1
548,13,785,2,23,43,-1,-1,-1,-1
549,13,785,2,23,43,-1,-1,-1,-1
550,13,785,3,23,42,-1,-1,-1,-1
551,13,785,4,22,41,-1,-1,-1,-1
552,13,784,5,23,40,-1,-1,-1,-1
553,13,784,6,23,38,-1,-1,-1,-1
554,13,784,6,22,38,-1,-1,-1,-1
555,13,783,6,23,38,-1,-1,-1,-1
556,13,783,6,23,38,-1,-1,-1,-1
557,13,782,6,24,38,-1,-1,-1,-1
558,13,782,7,24,35,-1,-1,-1,-1
559,13,781,6,24,37,-1,-1,-1,-1
560,13,780,5,25,37,-1,-1,-1,-1
561,13,779,4,25,37,-1,-1,-1,-1
562,13,778,2,27,38,-1,-1,-1,-1
563,13,778,3,25,36,-1,-1,-1,-1
564,13,777,2,27,38,-1,-1,-1,-1
565,13,774,3,30,39,-1,-1,-1,-1
566,13,774,2,30,39,-1,-1,-1,-1
567,13,774,4,30,41,-1,-1,-1,-1
568,13,775,3,28,41,-1,-1,-1,-1
569,13,775,3,27,42,-1,-1,-1,-1
570,13,774,3,29,43,-1,-1,-1,-1
571,13,772,4,29,43,-1,-1,-1,-1
572,13,772,4,25,44,-1,-1,-1,-1
573,13,770,2,29,44,-1,-1,-1,-1
574,13,770,1,27,43,-1,-1,-1,-1
575,13,770,2,26,42,-1,-1,-1,-1
576,13,769,2,26,46,-1,-1,-1,-1
577,13,768,1,24,45,-1,-1,-1,-1
578,13,768,2,23,45,-1,-1,-1,-1
579,13,768,2,23,46,-1,-1,-1,-1
580,13,767,2,22,46,-1,-1,-1,-1
581,13,767,3,21,45,-1,-1,-1,-1
582,13,767,2,22,46,-1,-1,-1,-1
583,13,767,2,22,48,-1,-1,-1,-1
584,13,765,2,24,52,-1,-1,-1,-1
585,13,764,2,25,51,-1,-1,-1,-1
586,13,763,3,25,50,-1,-1,-1,-1
587,13,763,3,25,49,-1,-1,-1,-1
588,13,762,3,26,50,-1,-1,-1,-1
589,13,762,2,26,50,-1,-1,-1,-1
590,13,762,2,26,49,-1,-1,-1,-1
591,13,761,3,26,48,-1,-1,-1,-1
592,13,761,3,25,47,-1,-1,-1,-1
593,13,761,3,25,46,-1,-1,-1,-1
594,13,761,3,25,48,-1,-1,-1,-1
595,13,760,3,25,45,-1,-1,-1,-1
596,13,760,3,24,41,-1,-1,-1,-1
597,13,761,5,23,43,-1,-1,-1,-1
598,13,760,4,23,43,-1,-1,-1,-1
599,13,759,5,24,42,-1,-1,-1,-1
600,13,757,4,25,41,-1,-1,-1,-1
601,13,757,4,25,42,-1,-1,-1,-1
602,13,757,5,25,42,-1,-1,-1,-1
603,13,756,7,26,45,-1,-1,-1,-1
604,13,752,7,29,43,-1,-1,-1,-1
605,13,751,4,28,45,-1,-1,-1,-1
606,13,751,6,26,45,-1,-1,-1,-1
607,13,752,7,27,43,-1,-1,-1,-1
608,13,748,5,25,47,-1,-1,-1,-1
609,13,748,4,25,46,-1,-1,-1,-1
610,13,752,7,26,42,-1,-1,-1,-1
611,13,746,3,23,44,-1,-1,-1,-1
612,13,745,4,22,45,-1,-1,-1,-1
613,13,747,5,22,45,-1,-1,-1,-1
614,13,746,4,23,44,-1,-1,-1,-1
615,13,745,4,23,43,-1,-1,-1,-1
616,13,746,3,22,43,-1,-1,-1,-1
617,13,745,4,23,43,-1,-1,-1,-1
618,13,745,3,24,44,-1,-1,-1,-1
619,13,746,4,28,45,-1,-1,-1,-1
620,13,746,3,25,48,-1,-1,-1,-1
621,13,743,3,26,48,-1,-1,-1,-1
622,13,743,4,29,52,-1,-1,-1,-1
623,13,743,4,26,48,-1,-1,-1,-1
624,13,741,5,29,51,-1,-1,-1,-1
625,13,741,4,29,50,-1,-1,-1,-1
626,13,741,4,29,52,-1,-1,-1,-1
627,13,740,4,30,51,-1,-1,-1,-1
628,13,740,4,29,50,-1,-1,-1,-1
629,13,739,4,30,48,-1,-1,-1,-1
630,13,740,4,27,44,-1,-1,-1,-1
631,14,721,377,38,88,-1,-1,-1,-1
632,14,709,372,44,80,-1,-1,-1,-1
633,14,704,367,42,82,-1,-1,-1,-1
633,15,702,403,38,86,-1,-1,-1,-1
634,15,703,403,47,93,-1,-1,-1,-1
635,15,700,397,52,103,-1,-1,-1,-1
636,15,706,404,39,93,-1,-1,-1,-1
638,16,682,364,46,104,-1,-1,-1,-1
639,16,678,361,55,112,-1,-1,-1,-1
640,16,673,364,50,108,-1,-1,-1,-1
641,16,673,364,49,110,-1,-1,-1,-1
642,16,671,365,54,110,-1,-1,-1,-1
643,16,672,361,46,106,-1,-1,-1,-1
644,16,673,365,47,112,-1,-1,-1,-1
645,16,675,358,40,92,-1,-1,-1,-1
728,17,431,377,48,89,-1,-1,-1,-1
729,17,428,376,49,90,-1,-1,-1,-1
730,17,428,380,46,86,-1,-1,-1,-1
731,17,425,376,47,92,-1,-1,-1,-1
732,17,420,373,52,96,-1,-1,-1,-1
629,18,1074,1,30,42,-1,-1,-1,-1
630,18,1070,1,28,45,-1,-1,-1,-1
631,18,1069,1,28,43,-1,-1,-1,-1
632,18,1066,1,25,41,-1,-1,-1,-1
633,18,1063,1,26,39,-1,-1,-1,-1
634,18,1059,2,26,40,-1,-1,-1,-1
635,18,1058,3,26,39,-1,-1,-1,-1
636,18,1054,3,29,39,-1,-1,-1,-1
637,18,1053,1,29,40,-1,-1,-1,-1
638,18,1051,1,30,42,-1,-1,-1,-1
639,18,1050,1,31,42,-1,-1,-1,-1
640,18,1048,0,33,43,-1,-1,-1,-1
641,18,1043,0,34,45,-1,-1,-1,-1
642,18,1042,1,30,48,-1,-1,-1,-1
643,18,1041,2,33,45,-1,-1,-1,-1
644,18,1038,1,33,45,-1,-1,-1,-1
645,18,1037,1,31,46,-1,-1,-1,-1
646,18,1035,3,32,46,-1,-1,-1,-1
647,18,1032,5,33,44,-1,-1,-1,-1
648,18,1029,7,30,44,-1,-1,-1,-1
649,18,1028,5,29,45,-1,-1,-1,-1
650,18,1028,4,29,47,-1,-1,-1,-1
651,18,1026,3,31,46,-1,-1,-1,-1
652,18,1023,2,34,48,-1,-1,-1,-1
653,18,1021,2,34,49,-1,-1,-1,-1
654,18,1020,1,31,49,-1,-1,-1,-1
655,18,1017,2,30,44,-1,-1,-1,-1
656,18,1017,4,30,42,-1,-1,-1,-1
657,18,1013,1,31,43,-1,-1,-1,-1
658,18,1011,1,31,43,-1,-1,-1,-1
659,18,1007,2,35,44,-1,-1,-1,-1
660,18,1004,4,33,46,-1,-1,-1,-1
661,18,1004,5,35,43,-1,-1,-1,-1
662,18,1004,3,32,44,-1,-1,-1,-1
663,18,1005,2,29,42,-1,-1,-1,-1
664,18,1001,3,33,42,-1,-1,-1,-1
665,18,997,3,31,45,-1,-1,-1,-1
666,18,998,6,28,40,-1,-1,-1,-1
667,18,996,7,28,40,-1,-1,-1,-1
668,18,993,6,28,40,-1,-1,-1,-1
669,18,990,5,28,45,-1,-1,-1,-1
670,18,988,3,30,47,-1,-1,-1,-1
671,18,986,4,31,46,-1,-1,-1,-1
672,18,985,7,28,43,-1,-1,-1,-1
673,18,984,6,27,43,-1,-1,-1,-1
674,18,983,5,27,45,-1,-1,-1,-1
675,18,981,5,28,45,-1,-1,-1,-1
676,18,981,5,28,45,-1,-1,-1,-1
677,18,978,6,29,41,-1,-1,-1,-1
678,18,976,6,27,40,-1,-1,-1,-1
679,18,974,7,28,38,-1,-1,-1,-1
680,18,971,7,28,39,-1,-1,-1,-1
681,18,966,2,31,48,-1,-1,-1,-1
682,18,965,1,32,48,-1,-1,-1,-1
683,18,965,3,31,47,-1,-1,-1,-1
684,18,963,3,31,47,-1,-1,-1,-1
685,18,960,6,31,43,-1,-1,-1,-1
686,18,959,5,31,44,-1,-1,-1,-1
687,18,958,4,31,43,-1,-1,-1,-1
688,18,956,2,33,45,-1,-1,-1,-1
689,18,954,1,33,46,-1,-1,-1,-1
690,18,949,3,30,45,-1,-1,-1,-1
691,18,950,5,27,44,-1,-1,-1,-1
692,18,950,6,25,44,-1,-1,-1,-1
693,18,948,5,25,46,-1,-1,-1,-1
694,18,944,4,29,48,-1,-1,-1,-1
695,18,944,3,28,50,-1,-1,-1,-1
696,18,942,2,30,50,-1,-1,-1,-1
697,18,943,4,27,48,-1,-1,-1,-1
698,18,940,7,26,46,-1,-1,-1,-1
699,18,939,7,27,46,-1,-1,-1,-1
700,18,939,10,26,43,-1,-1,-1,-1
701,18,937,10,27,44,-1,-1,-1,-1
702,18,938,10,25,43,-1,-1,-1,-1
703,18,932,11,23,42,-1,-1,-1,-1
704,18,929,11,23,41,-1,-1,-1,-1
705,18,927,11,23,40,-1,-1,-1,-1
706,18,924,10,24,41,-1,-1,-1,-1
707,18,922,10,25,41,-1,-1,-1,-1
708,18,922,10,25,41,-1,-1,-1,-1
709,18,917,5,33,45,-1,-1,-1,-1
710,18,918,9,30,43,-1,-1,-1,-1
711,18,913,4,36,46,-1,-1,-1,-1
712,18,914,6,30,45,-1,-1,-1,-1
713,18,912,6,31,45,-1,-1,-1,-1
714,18,912,6,29,46,-1,-1,-1,-1
715,18,912,6,30,46,-1,-1,-1,-1
716,18,912,8,26,44,-1,-1,-1,-1
717,18,910,13,24,45,-1,-1,-1,-1
718,18,910,13,23,44,-1,-1,-1,-1
719,18,907,14,24,45,-1,-1,-1,-1
720,18,905,13,24,46,-1,-1,-1,-1
721,18,903,13,24,46,-1,-1,-1,-1
722,18,901,15,24,45,-1,-1,-1,-1
723,18,899,16,25,43,-1,-1,-1,-1
724,18,899,15,23,42,-1,-1,-1,-1
725,18,895,16,25,42,-1,-1,-1,-1
726,18,894,15,24,44,-1,-1,-1,-1
727,18,894,14,24,44,-1,-1,-1,-1
728,18,893,15,23,43,-1,-1,-1,-1
729,18,889,15,24,44,-1,-1,-1,-1
730,18,884,17,23,42,-1,-1,-1,-1
731,18,884,17,24,43,-1,-1,-1,-1
732,18,880,19,25,40,-1,-1,-1,-1
733,18,880,19,25,40,-1,-1,-1,-1
734,18,878,20,26,39,-1,-1,-1,-1
735,18,878,16,26,43,-1,-1,-1,-1
736,18,877,16,25,43,-1,-1,-1,-1
737,18,875,16,27,45,-1,-1,-1,-1
738,18,875,19,25,41,-1,-1,-1,-1
739,18,877,16,24,43,-1,-1,-1,-1
740,18,874,20,24,40,-1,-1,-1,-1
741,18,870,20,25,39,-1,-1,-1,-1
742,18,869,20,25,40,-1,-1,-1,-1
743,18,868,19,26,40,-1,-1,-1,-1
744,18,867,19,26,43,-1,-1,-1,-1
745,18,866,21,25,42,-1,-1,-1,-1
760,19,367,416,45,92,-1,-1,-1,-1
761,19,370,420,42,91,-1,-1,-1,-1
762,19,361,413,45,98,-1,-1,-1,-1
765,20,326,378,48,113,-1,-1,-1,-1
766,20,323,376,43,110,-1,-1,-1,-1
767,20,322,376,46,105,-1,-1,-1,-1
592,21,1288,45,22,47,-1,-1,-1,-1
593,21,1287,47,25,46,-1,-1,-1,-1
594,21,1286,48,24,45,-1,-1,-1,-1
595,21,1285,49,26,44,-1,-1,-1,-1
596,21,1284,47,26,46,-1,-1,-1,-1
597,21,1282,46,26,48,-1,-1,-1,-1
598,21,1278,44,28,49,-1,-1,-1,-1
599,21,1277,44,29,49,-1,-1,-1,-1
600,21,1278,46,29,48,-1,-1,-1,-1
601,21,1278,47,30,50,-1,-1,-1,-1
602,21,1273,45,32,51,-1,-1,-1,-1
603,21,1277,44,28,51,-1,-1,-1,-1
604,21,1271,44,33,51,-1,-1,-1,-1
605,21,1270,44,27,51,-1,-1,-1,-1
606,21,1268,43,29,52,-1,-1,-1,-1
607,21,1270,44,27,50,-1,-1,-1,-1
608,21,1270,44,26,50,-1,-1,-1,-1
609,21,1269,45,26,49,-1,-1,-1,-1
610,21,1268,45,27,50,-1,-1,-1,-1
611,21,1268,46,26,48,-1,-1,-1,-1
612,21,1268,47,26,46,-1,-1,-1,-1
613,21,1268,47,25,45,-1,-1,-1,-1
614,21,1266,48,26,44,-1,-1,-1,-1
615,21,1266,47,26,45,-1,-1,-1,-1
616,21,1265,45,26,47,-1,-1,-1,-1
617,21,1264,46,26,47,-1,-1,-1,-1
618,21,1263,45,27,49,-1,-1,-1,-1
619,21,1262,44,28,49,-1,-1,-1,-1
620,21,1261,44,27,48,-1,-1,-1,-1
621,21,1258,42,29,53,-1,-1,-1,-1
622,21,1260,47,27,48,-1,-1,-1,-1
623,21,1257,45,28,52,-1,-1,-1,-1
624,21,1256,44,29,53,-1,-1,-1,-1
625,21,1256,41,29,54,-1,-1,-1,-1
626,21,1254,38,31,57,-1,-1,-1,-1
627,21,1255,40,30,54,-1,-1,-1,-1
628,21,1254,40,29,54,-1,-1,-1,-1
629,21,1253,41,30,53,-1,-1,-1,-1
630,21,1252,40,30,55,-1,-1,-1,-1
631,21,1252,40,27,55,-1,-1,-1,-1
632,21,1249,41,27,55,-1,-1,-1,-1
633,21,1247,43,31,55,-1,-1,-1,-1
634,21,1246,45,30,54,-1,-1,-1,-1
635,21,1246,43,27,55,-1,-1,-1,-1
636,21,1246,44,26,55,-1,-1,-1,-1
637,21,1245,44,28,55,-1,-1,-1,-1
638,21,1244,44,27,54,-1,-1,-1,-1
639,21,1242,45,29,54,-1,-1,-1,-1
640,21,1243,43,27,53,-1,-1,-1,-1
641,21,1243,44,26,53,-1,-1,-1,-1
642,21,1241,48,27,48,-1,-1,-1,-1
643,21,1241,48,26,49,-1,-1,-1,-1
644,21,1241,48,27,50,-1,-1,-1,-1
645,21,1241,48,26,50,-1,-1,-1,-1
646,21,1239,50,26,48,-1,-1,-1,-1
647,21,1237,51,26,47,-1,-1,-1,-1
648,21,1236,52,26,46,-1,-1,-1,-1
649,21,1234,51,28,47,-1,-1,-1,-1
650,21,1234,50,28,48,-1,-1,-1,-1
651,21,1233,50,29,49,-1,-1,-1,-1
652,21,1232,49,29,50,-1,-1,-1,-1
653,21,1232,50,28,49,-1,-1,-1,-1
654,21,1231,51,29,49,-1,-1,-1,-1
655,21,1227,46,31,54,-1,-1,-1,-1
656,21,1227,47,31,53,-1,-1,-1,-1
657,21,1226,46,31,54,-1,-1,-1,-1
658,21,1225,48,30,53,-1,-1,-1,-1
659,21,1226,50,29,51,-1,-1,-1,-1
660,21,1226,50,29,51,-1,-1,-1,-1
661,21,1224,50,30,51,-1,-1,-1,-1
662,21,1223,49,30,53,-1,-1,-1,-1
663,21,1222,49,31,54,-1,-1,-1,-1
664,21,1220,49,30,52,-1,-1,-1,-1
665,21,1220,48,30,53,-1,-1,-1,-1
666,21,1219,48,30,53,-1,-1,-1,-1
667,21,1219,49,29,53,-1,-1,-1,-1
668,21,1218,51,27,51,-1,-1,-1,-1
669,21,1217,52,27,49,-1,-1,-1,-1
670,21,1217,51,27,51,-1,-1,-1,-1
671,21,1216,51,27,50,-1,-1,-1,-1
672,21,1215,51,28,50,-1,-1,-1,-1
673,21,1214,52,27,50,-1,-1,-1,-1
674,21,1214,52,28,49,-1,-1,-1,-1
675,21,1216,53,25,47,-1,-1,-1,-1
676,21,1215,52,26,47,-1,-1,-1,-1
677,21,1211,53,28,47,-1,-1,-1,-1
678,21,1209,53,29,49,-1,-1,-1,-1
679,21,1208,53,29,48,-1,-1,-1,-1
680,21,1208,53,29,49,-1,-1,-1,-1
681,21,1205,51,31,51,-1,-1,-1,-1
682,21,1204,50,32,51,-1,-1,-1,-1
683,21,1204,49,32,52,-1,-1,-1,-1
684,21,1203,49,31,52,-1,-1,-1,-1
685,21,1200,50,31,52,-1,-1,-1,-1
686,21,1199,49,31,53,-1,-1,-1,-1
687,21,1198,48,32,54,-1,-1,-1,-1
688,21,1198,50,31,53,-1,-1,-1,-1
689,21,1197,50,33,54,-1,-1,-1,-1
690,21,1196,50,33,54,-1,-1,-1,-1
691,21,1196,50,33,54,-1,-1,-1,-1
692,21,1195,49,33,56,-1,-1,-1,-1
693,21,1194,50,33,56,-1,-1,-1,-1
694,21,1194,52,32,53,-1,-1,-1,-1
695,21,1195,54,29,51,-1,-1,-1,-1
696,21,1195,55,26,50,-1,-1,-1,-1
697,21,1195,59,25,46,-1,-1,-1,-1
698,21,1195,59,25,45,-1,-1,-1,-1
699,21,1195,57,25,47,-1,-1,-1,-1
700,21,1195,57,24,46,-1,-1,-1,-1
701,21,1193,56,25,48,-1,-1,-1,-1
702,21,1193,55,24,48,-1,-1,-1,-1
703,21,1192,57,24,46,-1,-1,-1,-1
704,21,1191,55,25,48,-1,-1,-1,-1
705,21,1191,55,25,49,-1,-1,-1,-1
706,21,1190,57,25,47,-1,-1,-1,-1
707,21,1189,61,25,43,-1,-1,-1,-1
708,21,1188,61,25,42,-1,-1,-1,-1
709,21,1184,55,29,51,-1,-1,-1,-1
710,21,1184,53,29,52,-1,-1,-1,-1
711,21,1183,55,26,51,-1,-1,-1,-1
712,21,1180,56,27,51,-1,-1,-1,-1
713,21,1181,56,25,50,-1,-1,-1,-1
714,21,1181,57,24,49,-1,-1,-1,-1
715,21,1179,56,25,50,-1,-1,-1,-1
716,21,1178,57,27,50,-1,-1,-1,-1
717,21,1175,57,27,50,-1,-1,-1,-1
718,21,1175,59,26,48,-1,-1,-1,-1
719,21,1173,64,26,45,-1,-1,-1,-1
720,21,1174,63,24,45,-1,-1,-1,-1
721,21,1175,64,23,43,-1,-1,-1,-1
722,21,1174,62,24,45,-1,-1,-1,-1
723,21,1173,61,26,46,-1,-1,-1,-1
724,21,1173,60,25,47,-1,-1,-1,-1
725,21,1172,61,25,46,-1,-1,-1,-1
726,21,1169,63,27,45,-1,-1,-1,-1
727,21,1164,62,29,46,-1,-1,-1,-1
728,21,1163,61,29,47,-1,-1,-1,-1
729,21,1163,60,25,50,-1,-1,-1,-1
730,21,1163,60,25,50,-1,-1,-1,-1
731,21,1160,61,24,48,-1,-1,-1,-1
732,21,1160,60,25,50,-1,-1,-1,-1
733,21,1159,61,25,49,-1,-1,-1,-1
734,21,1157,61,25,50,-1,-1,-1,-1
735,21,1158,62,24,49,-1,-1,-1,-1
736,21,1156,66,24,45,-1,-1,-1,-1
737,21,1158,66,23,45,-1,-1,-1,-1
738,21,1156,67,23,43,-1,-1,-1,-1
739,21,1155,66,22,44,-1,-1,-1,-1
740,21,1153,66,23,43,-1,-1,-1,-1
741,21,1153,64,23,44,-1,-1,-1,-1
742,21,1152,60,23,47,-1,-1,-1,-1
743,21,1151,59,23,48,-1,-1,-1,-1
744,21,1150,64,22,44,-1,-1,-1,-1
745,21,1149,61,23,47,-1,-1,-1,-1
746,21,1145,59,24,49,-1,-1,-1,-1
747,21,1144,62,26,47,-1,-1,-1,-1
748,21,1144,60,25,48,-1,-1,-1,-1
749,21,1139,60,25,48,-1,-1,-1,-1
750,21,1143,65,26,46,-1,-1,-1,-1
751,21,1140,64,28,48,-1,-1,-1,-1
752,21,1138,66,28,47,-1,-1,-1,-1
753,21,1136,65,26,48,-1,-1,-1,-1
754,21,1137,65,25,47,-1,-1,-1,-1
755,21,1133,67,28,45,-1,-1,-1,-1
756,21,1129,67,24,44,-1,-1,-1,-1
757,21,1133,64,25,49,-1,-1,-1,-1
758,21,1129,66,26,46,-1,-1,-1,-1
759,21,1128,67,26,45,-1,-1,-1,-1
760,21,1125,66,28,45,-1,-1,-1,-1
761,21,1122,65,29,46,-1,-1,-1,-1
762,21,1122,65,27,47,-1,-1,-1,-1
763,21,1122,69,27,44,-1,-1,-1,-1
764,21,1122,70,27,43,-1,-1,-1,-1
765,21,1122,69,27,44,-1,-1,-1,-1
766,21,1121,68,28,47,-1,-1,-1,-1
767,21,1120,68,29,46,-1,-1,-1,-1
768,21,1119,67,30,48,-1,-1,-1,-1
769,21,1120,66,29,49,-1,-1,-1,-1
770,21,1120,67,29,48,-1,-1,-1,-1
771,21,1118,63,30,52,-1,-1,-1,-1
772,21,1115,62,32,53,-1,-1,-1,-1
773,21,1114,61,33,54,-1,-1,-1,-1
774,21,1114,61,32,52,-1,-1,-1,-1
775,21,1114,61,32,50,-1,-1,-1,-1
774,22,323,404,53,97,-1,-1,-1,-1
775,22,328,415,48,85,-1,-1,-1,-1
776,22,318,398,57,101,-1,-1,-1,-1
777,22,322,410,51,90,-1,-1,-1,-1
179,23,1890,456,28,68,-1,-1,-1,-1
180,23,1890,453,28,71,-1,-1,-1,-1
181,23,1888,451,30,73,-1,-1,-1,-1
182,23,1890,444,27,79,-1,-1,-1,-1
183,23,1883,439,36,92,-1,-1,-1,-1
184,23,1883,437,36,99,-1,-1,-1,-1
185,23,1882,431,37,99,-1,-1,-1,-1
186,23,1879,425,40,101,-1,-1,-1,-1
187,23,1877,424,42,105,-1,-1,-1,-1
188,23,1880,422,39,109,-1,-1,-1,-1
189,23,1873,420,42,110,-1,-1,-1,-1
190,23,1872,419,44,111,-1,-1,-1,-1
191,23,1870,419,44,106,-1,-1,-1,-1
192,23,1867,421,50,103,-1,-1,-1,-1
193,23,1860,421,57,104,-1,-1,-1,-1
194,23,1867,419,47,120,-1,-1,-1,-1
195,23,1855,422,55,108,-1,-1,-1,-1
196,23,1852,417,55,112,-1,-1,-1,-1
197,23,1851,420,52,113,-1,-1,-1,-1
198,23,1851,423,49,107,-1,-1,-1,-1
199,23,1848,417,51,109,-1,-1,-1,-1
200,23,1839,416,58,117,-1,-1,-1,-1
201,23,1842,419,52,114,-1,-1,-1,-1
202,23,1842,416,54,109,-1,-1,-1,-1
203,23,1837,415,54,110,-1,-1,-1,-1
204,23,1832,417,58,110,-1,-1,-1,-1
205,23,1827,417,63,108,-1,-1,-1,-1
206,23,1825,419,56,101,-1,-1,-1,-1
207,23,1825,421,50,101,-1,-1,-1,-1
208,23,1819,418,55,105,-1,-1,-1,-1
209,23,1819,417,55,102,-1,-1,-1,-1
210,23,1813,413,55,110,-1,-1,-1,-1
211,23,1807,413,61,109,-1,-1,-1,-1
212,23,1806,417,57,107,-1,-1,-1,-1
213,23,1804,418,55,110,-1,-1,-1,-1
214,23,1801,414,54,111,-1,-1,-1,-1
215,23,1799,413,51,107,-1,-1,-1,-1
216,23,1799,413,51,107,-1,-1,-1,-1
217,23,1798,410,51,108,-1,-1,-1,-1
218,23,1794,410,54,113,-1,-1,-1,-1
219,23,1790,410,53,114,-1,-1,-1,-1
220,23,1786,411,54,112,-1,-1,-1,-1
221,23,1786,413,51,111,-1,-1,-1,-1
222,23,1783,407,55,116,-1,-1,-1,-1
223,23,1777,407,58,113,-1,-1,-1,-1
224,23,1774,408,56,113,-1,-1,-1,-1
225,23,1769,408,61,111,-1,-1,-1,-1
226,23,1768,410,58,108,-1,-1,-1,-1
227,23,1768,413,56,103,-1,-1,-1,-1
228,23,1768,413,53,106,-1,-1,-1,-1
229,23,1766,413,49,107,-1,-1,-1,-1
230,23,1764,415,45,105,-1,-1,-1,-1
231,23,1759,412,47,106,-1,-1,-1,-1
232,23,1755,408,54,111,-1,-1,-1,-1
233,23,1753,408,52,110,-1,-1,-1,-1
234,23,1750,405,54,117,-1,-1,-1,-1
235,23,1748,409,47,111,-1,-1,-1,-1
236,23,1744,405,51,107,-1,-1,-1,-1
237,23,1740,407,51,107,-1,-1,-1,-1
238,23,1737,398,53,116,-1,-1,-1,-1
239,23,1735,403,55,114,-1,-1,-1,-1
240,23,1735,404,54,110,-1,-1,-1,-1
241,23,1731,402,52,107,-1,-1,-1,-1
242,23,1728,400,55,110,-1,-1,-1,-1
243,23,1721,407,56,111,-1,-1,-1,-1
244,23,1719,404,55,106,-1,-1,-1,-1
245,23,1716,401,54,113,-1,-1,-1,-1
246,23,1714,402,52,119,-1,-1,-1,-1
247,23,1713,401,53,114,-1,-1,-1,-1
248,23,1708,404,57,110,-1,-1,-1,-1
249,23,1711,403,54,109,-1,-1,-1,-1
250,23,1708,399,50,116,-1,-1,-1,-1
251,23,1706,401,51,113,-1,-1,-1,-1
252,23,1704,398,49,116,-1,-1,-1,-1
253,23,1699,399,52,115,-1,-1,-1,-1
254,23,1698,400,53,109,-1,-1,-1,-1
255,23,1696,398,57,109,-1,-1,-1,-1
256,23,1691,399,58,110,-1,-1,-1,-1
257,23,1692,399,53,108,-1,-1,-1,-1
258,23,1687,400,51,108,-1,-1,-1,-1
259,23,1685,401,50,107,-1,-1,-1,-1
260,23,1684,402,46,111,-1,-1,-1,-1
261,23,1683,399,46,114,-1,-1,-1,-1
262,23,1678,395,49,112,-1,-1,-1,-1
263,23,1674,396,52,115,-1,-1,-1,-1
264,23,1674,400,50,109,-1,-1,-1,-1
265,23,1671,399,50,112,-1,-1,-1,-1
266,23,1671,399,51,111,-1,-1,-1,-1
267,23,1670,396,47,111,-1,-1,-1,-1
268,23,1662,398,47,111,-1,-1,-1,-1
269,23,1658,402,49,105,-1,-1,-1,-1
270,23,1659,398,48,103,-1,-1,-1,-1
271,23,1653,398,50,104,-1,-1,-1,-1
272,23,1650,397,52,106,-1,-1,-1,-1
273,23,1649,399,52,108,-1,-1,-1,-1
274,23,1641,399,54,105,-1,-1,-1,-1
275,23,1636,400,56,104,-1,-1,-1,-1
276,23,1637,398,51,104,-1,-1,-1,-1
277,23,1636,395,50,112,-1,-1,-1,-1
278,23,1632,395,53,110,-1,-1,-1,-1
279,23,1629,398,52,109,-1,-1,-1,-1
280,23,1627,400,50,111,-1,-1,-1,-1
281,23,1626,394,49,114,-1,-1,-1,-1
282,23,1627,393,53,119,-1,-1,-1,-1
283,23,1625,390,52,117,-1,-1,-1,-1
284,23,1623,391,49,115,-1,-1,-1,-1
285,23,1622,382,48,119,-1,-1,-1,-1
286,23,1620,385,47,116,-1,-1,-1,-1
287,23,1614,387,48,117,-1,-1,-1,-1
288,23,1611,390,53,108,-1,-1,-1,-1
289,23,1608,395,54,107,-1,-1,-1,-1
290,23,1606,375,54,123,-1,-1,-1,-1
291,23,1602,381,57,122,-1,-1,-1,-1
292,23,1600,389,53,115,-1,-1,-1,-1
293,23,1593,392,54,107,-1,-1,-1,-1
294,23,1591,392,54,111,-1,-1,-1,-1
295,23,1589,391,54,113,-1,-1,-1,-1
296,23,1587,389,56,117,-1,-1,-1,-1
297,23,1585,389,54,118,-1,-1,-1,-1
298,23,1581,386,54,115,-1,-1,-1,-1
299,23,1581,385,55,108,-1,-1,-1,-1
300,23,1578,384,52,117,-1,-1,-1,-1
301,23,1572,392,48,109,-1,-1,-1,-1
302,23,1569,394,49,106,-1,-1,-1,-1
303,23,1567,390,48,109,-1,-1,-1,-1
304,23,1562,393,51,106,-1,-1,-1,-1
305,23,1560,387,54,112,-1,-1,-1,-1
306,23,1558,394,53,107,-1,-1,-1,-1
307,23,1558,389,54,114,-1,-1,-1,-1
308,23,1555,377,54,125,-1,-1,-1,-1
309,23,1547,385,54,118,-1,-1,-1,-1
310,23,1543,390,54,120,-1,-1,-1,-1
311,23,1543,390,51,117,-1,-1,-1,-1
312,23,1541,387,55,114,-1,-1,-1,-1
313,23,1538,387,52,118,-1,-1,-1,-1
314,23,1542,398,53,108,-1,-1,-1,-1
315,23,1539,395,60,113,-1,-1,-1,-1
316,23,1545,399,51,111,-1,-1,-1,-1
317,23,1546,404,47,103,-1,-1,-1,-1
318,23,1539,397,49,113,-1,-1,-1,-1
319,23,1537,396,49,112,-1,-1,-1,-1
320,23,1526,391,55,110,-1,-1,-1,-1
321,23,1522,392,57,107,-1,-1,-1,-1
322,23,1518,392,60,111,-1,-1,-1,-1
323,23,1518,390,55,112,-1,-1,-1,-1
324,23,1524,402,54,108,-1,-1,-1,-1
325,23,1515,388,55,110,-1,-1,-1,-1
326,23,1504,384,58,111,-1,-1,-1,-1
327,23,1515,394,56,112,-1,-1,-1,-1
328,23,1509,387,53,113,-1,-1,-1,-1
329,23,1507,388,48,107,-1,-1,-1,-1
330,23,1502,399,47,97,-1,-1,-1,-1
331,23,1501,391,51,106,-1,-1,-1,-1
332,23,1496,389,53,109,-1,-1,-1,-1
333,23,1496,389,50,105,-1,-1,-1,-1
334,23,1486,386,57,109,-1,-1,-1,-1
335,23,1489,391,52,107,-1,-1,-1,-1
336,23,1483,384,54,108,-1,-1,-1,-1
337,23,1485,384,51,114,-1,-1,-1,-1
338,23,1486,391,50,109,-1,-1,-1,-1
339,23,1477,388,53,112,-1,-1,-1,-1
340,23,1481,395,50,105,-1,-1,-1,-1
341,23,1477,398,51,100,-1,-1,-1,-1
342,23,1471,396,54,103,-1,-1,-1,-1
343,23,1474,394,51,104,-1,-1,-1,-1
344,23,1472,392,47,108,-1,-1,-1,-1
345,23,1471,394,50,104,-1,-1,-1,-1
346,23,1458,380,51,106,-1,-1,-1,-1
347,23,1455,383,50,107,-1,-1,-1,-1
348,23,1451,384,55,111,-1,-1,-1,-1
349,23,1451,383,52,112,-1,-1,-1,-1
350,23,1452,385,50,111,-1,-1,-1,-1
351,23,1447,384,52,113,-1,-1,-1,-1
352,23,1449,387,50,111,-1,-1,-1,-1
353,23,1440,388,54,107,-1,-1,-1,-1
354,23,1449,391,47,105,-1,-1,-1,-1
355,23,1448,388,49,107,-1,-1,-1,-1
356,23,1430,382,54,107,-1,-1,-1,-1
357,23,1427,381,56,108,-1,-1,-1,-1
358,23,1427,383,54,104,-1,-1,-1,-1
359,23,1422,382,54,108,-1,-1,-1,-1
360,23,1422,384,53,107,-1,-1,-1,-1
361,23,1421,384,53,109,-1,-1,-1,-1
362,23,1417,377,52,105,-1,-1,-1,-1
363,23,1414,374,52,107,-1,-1,-1,-1
364,23,1412,373,50,107,-1,-1,-1,-1
365,23,1407,372,51,110,-1,-1,-1,-1
366,23,1402,373,55,117,-1,-1,-1,-1
367,23,1401,376,55,113,-1,-1,-1,-1
368,23,1404,383,51,108,-1,-1,-1,-1
369,23,1402,387,52,109,-1,-1,-1,-1
370,23,1405,386,52,105,-1,-1,-1,-1
371,23,1398,384,53,109,-1,-1,-1,-1
372,23,1402,389,52,101,-1,-1,-1,-1
373,23,1393,384,53,107,-1,-1,-1,-1
374,23,1397,388,48,102,-1,-1,-1,-1
375,23,1399,390,46,92,-1,-1,-1,-1
376,23,1378,378,52,105,-1,-1,-1,-1
377,23,1382,384,52,107,-1,-1,-1,-1
378,23,1378,385,52,109,-1,-1,-1,-1
379,23,1374,372,52,113,-1,-1,-1,-1
380,23,1373,375,53,112,-1,-1,-1,-1
381,23,1369,373,52,113,-1,-1,-1,-1
382,23,1362,373,53,110,-1,-1,-1,-1
383,23,1357,372,56,116,-1,-1,-1,-1
384,23,1359,382,57,107,-1,-1,-1,-1
385,23,1357,384,54,110,-1,-1,-1,-1
386,23,1356,385,54,109,-1,-1,-1,-1
387,23,1355,386,54,110,-1,-1,-1,-1
388,23,1358,384,53,106,-1,-1,-1,-1
389,23,1343,375,57,112,-1,-1,-1,-1
390,23,1337,373,51,111,-1,-1,-1,-1
391,23,1335,370,53,116,-1,-1,-1,-1
392,23,1332,370,55,117,-1,-1,-1,-1
393,23,1336,378,54,109,-1,-1,-1,-1
394,23,1331,369,55,118,-1,-1,-1,-1
395,23,1330,373,53,115,-1,-1,-1,-1
396,23,1329,371,52,117,-1,-1,-1,-1
397,23,1331,386,52,111,-1,-1,-1,-1
398,23,1321,368,54,118,-1,-1,-1,-1
399,23,1318,370,53,116,-1,-1,-1,-1
400,23,1321,384,49,108,-1,-1,-1,-1
401,23,1321,388,51,110,-1,-1,-1,-1
402,23,1315,385,55,110,-1,-1,-1,-1
403,23,1310,381,56,114,-1,-1,-1,-1
404,23,1309,382,54,112,-1,-1,-1,-1
405,23,1307,383,54,114,-1,-1,-1,-1
406,23,1306,381,52,115,-1,-1,-1,-1
407,23,1308,382,52,107,-1,-1,-1,-1
408,23,1306,383,50,104,-1,-1,-1,-1
409,23,1306,384,47,108,-1,-1,-1,-1
410,23,1294,377,50,116,-1,-1,-1,-1
411,23,1284,370,55,118,-1,-1,-1,-1
412,23,1287,378,54,117,-1,-1,-1,-1
413,23,1286,380,53,116,-1,-1,-1,-1
414,23,1287,380,50,113,-1,-1,-1,-1
415,23,1284,378,52,116,-1,-1,-1,-1
416,23,1283,383,53,116,-1,-1,-1,-1
417,23,1277,382,56,116,-1,-1,-1,-1
418,23,1277,387,54,110,-1,-1,-1,-1
419,23,1277,388,54,109,-1,-1,-1,-1
420,23,1271,385,56,112,-1,-1,-1,-1
421,23,1266,383,54,111,-1,-1,-1,-1
422,23,1264,385,53,111,-1,-1,-1,-1
423,23,1264,384,53,113,-1,-1,-1,-1
424,23,1264,385,52,111,-1,-1,-1,-1
425,23,1259,379,53,113,-1,-1,-1,-1
426,23,1249,373,56,119,-1,-1,-1,-1
427,23,1256,382,49,110,-1,-1,-1,-1
428,23,1249,376,50,113,-1,-1,-1,-1
429,23,1248,381,50,112,-1,-1,-1,-1
430,23,1240,378,53,114,-1,-1,-1,-1
431,23,1239,380,54,114,-1,-1,-1,-1
432,23,1239,381,55,116,-1,-1,-1,-1
433,23,1234,379,56,116,-1,-1,-1,-1
434,23,1225,379,65,114,-1,-1,-1,-1
435,23,1222,379,57,111,-1,-1,-1,-1
436,23,1214,370,56,110,-1,-1,-1,-1
437,23,1221,381,59,114,-1,-1,-1,-1
438,23,1219,382,55,111,-1,-1,-1,-1
439,23,1216,382,56,114,-1,-1,-1,-1
440,23,1217,382,53,115,-1,-1,-1,-1
441,23,1218,382,51,114,-1,-1,-1,-1
442,23,1215,380,53,114,-1,-1,-1,-1
443,23,1213,379,54,116,-1,-1,-1,-1
444,23,1213,384,53,110,-1,-1,-1,-1
445,23,1212,383,47,113,-1,-1,-1,-1
446,23,1203,380,52,112,-1,-1,-1,-1
447,23,1203,381,53,117,-1,-1,-1,-1
448,23,1201,380,55,117,-1,-1,-1,-1
449,23,1197,381,56,113,-1,-1,-1,-1
450,23,1195,383,55,112,-1,-1,-1,-1
451,23,1191,382,58,114,-1,-1,-1,-1
452,23,1185,383,60,112,-1,-1,-1,-1
453,23,1182,380,63,114,-1,-1,-1,-1
454,23,1175,383,62,111,-1,-1,-1,-1
455,23,1171,381,56,109,-1,-1,-1,-1
456,23,1172,381,55,114,-1,-1,-1,-1
457,23,1172,382,55,111,-1,-1,-1,-1
458,23,1174,383,51,109,-1,-1,-1,-1
459,23,1170,376,49,115,-1,-1,-1,-1
460,23,1169,379,54,112,-1,-1,-1,-1
461,23,1167,378,52,113,-1,-1,-1,-1
462,23,1166,382,48,109,-1,-1,-1,-1
463,23,1149,382,57,115,-1,-1,-1,-1
464,23,1148,380,60,113,-1,-1,-1,-1
465,23,1150,380,56,116,-1,-1,-1,-1
466,23,1154,384,54,111,-1,-1,-1,-1
467,23,1147,381,56,116,-1,-1,-1,-1
468,23,1145,382,57,114,-1,-1,-1,-1
469,23,1143,383,57,113,-1,-1,-1,-1
470,23,1139,380,60,118,-1,-1,-1,-1
471,23,1139,380,53,117,-1,-1,-1,-1
472,23,1133,378,61,114,-1,-1,-1,-1
473,23,1133,378,57,113,-1,-1,-1,-1
474,23,1134,379,51,116,-1,-1,-1,-1
475,23,1130,380,52,114,-1,-1,-1,-1
476,23,1130,380,51,115,-1,-1,-1,-1
477,23,1130,380,48,116,-1,-1,-1,-1
478,23,1129,381,49,112,-1,-1,-1,-1
479,23,1125,378,53,117,-1,-1,-1,-1
480,23,1123,379,51,114,-1,-1,-1,-1
481,23,1121,380,52,114,-1,-1,-1,-1
482,23,1120,379,52,116,-1,-1,-1,-1
483,23,1117,381,49,113,-1,-1,-1,-1
484,23,1116,382,49,114,-1,-1,-1,-1
485,23,1110,382,50,112,-1,-1,-1,-1
486,23,1111,384,49,105,-1,-1,-1,-1
487,23,1103,382,52,110,-1,-1,-1,-1
488,23,1107,381,48,110,-1,-1,-1,-1
489,23,1102,377,51,117,-1,-1,-1,-1
490,23,1097,376,53,113,-1,-1,-1,-1
491,23,1102,379,50,116,-1,-1,-1,-1
492,23,1095,377,49,114,-1,-1,-1,-1
493,23,1091,380,52,111,-1,-1,-1,-1
494,23,1087,383,54,109,-1,-1,-1,-1
495,23,1088,383,49,109,-1,-1,-1,-1
496,23,1089,381,47,108,-1,-1,-1,-1
497,23,1082,381,50,112,-1,-1,-1,-1
498,23,1075,380,57,114,-1,-1,-1,-1
499,23,1073,381,58,112,-1,-1,-1,-1
500,23,1071,383,58,110,-1,-1,-1,-1
501,23,1066,380,61,115,-1,-1,-1,-1
502,23,1060,380,57,114,-1,-1,-1,-1
503,23,1063,379,50,113,-1,-1,-1,-1
504,23,1060,380,52,112,-1,-1,-1,-1
505,23,1063,380,48,111,-1,-1,-1,-1
506,23,1060,380,52,111,-1,-1,-1,-1
507,23,1055,378,53,113,-1,-1,-1,-1
508,23,1052,377,55,115,-1,-1,-1,-1
509,23,1053,380,54,111,-1,-1,-1,-1
510,23,1049,378,55,112,-1,-1,-1,-1
511,23,1048,379,51,112,-1,-1,-1,-1
512,23,1045,382,53,110,-1,-1,-1,-1
513,23,1040,381,56,110,-1,-1,-1,-1
514,23,1039,379,56,110,-1,-1,-1,-1
515,23,1039,382,54,109,-1,-1,-1,-1
516,23,1034,381,57,113,-1,-1,-1,-1
517,23,1029,381,58,114,-1,-1,-1,-1
518,23,1027,380,58,112,-1,-1,-1,-1
519,23,1027,381,56,111,-1,-1,-1,-1
520,23,1021,379,56,113,-1,-1,-1,-1
521,23,1021,380,53,112,-1,-1,-1,-1
522,23,1023,378,46,113,-1,-1,-1,-1
523,23,1021,379,47,109,-1,-1,-1,-1
524,23,1019,381,45,106,-1,-1,-1,-1
525,23,1014,379,47,110,-1,-1,-1,-1
526,23,1008,381,53,111,-1,-1,-1,-1
527,23,1005,380,55,113,-1,-1,-1,-1
528,23,1002,380,56,115,-1,-1,-1,-1
529,23,995,380,61,114,-1,-1,-1,-1
530,23,995,381,59,112,-1,-1,-1,-1
531,23,995,381,55,111,-1,-1,-1,-1
532,23,993,384,52,108,-1,-1,-1,-1
533,23,987,383,56,109,-1,-1,-1,-1
534,23,983,382,58,111,-1,-1,-1,-1
535,23,983,383,56,110,-1,-1,-1,-1
536,23,981,381,58,111,-1,-1,-1,-1
537,23,979,380,56,113,-1,-1,-1,-1
538,23,975,380,56,113,-1,-1,-1,-1
539,23,976,380,50,112,-1,-1,-1,-1
540,23,974,382,46,109,-1,-1,-1,-1
541,23,973,382,47,110,-1,-1,-1,-1
542,23,966,382,53,111,-1,-1,-1,-1
543,23,961,382,53,112,-1,-1,-1,-1
544,23,961,383,53,111,-1,-1,-1,-1
545,23,959,383,56,111,-1,-1,-1,-1
546,23,954,383,59,111,-1,-1,-1,-1
547,23,950,382,59,113,-1,-1,-1,-1
548,23,948,382,56,112,-1,-1,-1,-1
549,23,946,382,55,114,-1,-1,-1,-1
550,23,946,382,53,110,-1,-1,-1,-1
551,23,939,381,56,113,-1,-1,-1,-1
552,23,943,382,52,108,-1,-1,-1,-1
553,23,936,381,55,110,-1,-1,-1,-1
554,23,933,380,55,112,-1,-1,-1,-1
555,23,930,381,52,111,-1,-1,-1,-1
556,23,927,379,52,113,-1,-1,-1,-1
557,23,922,380,53,115,-1,-1,-1,-1
558,23,919,383,55,111,-1,-1,-1,-1
559,23,916,381,57,115,-1,-1,-1,-1
560,23,917,381,54,115,-1,-1,-1,-1
561,23,911,382,57,112,-1,-1,-1,-1
562,23,912,384,55,109,-1,-1,-1,-1
563,23,907,383,57,113,-1,-1,-1,-1
564,23,903,383,59,113,-1,-1,-1,-1
565,23,902,385,51,109,-1,-1,-1,-1
566,23,896,383,50,111,-1,-1,-1,-1
567,23,892,381,55,115,-1,-1,-1,-1
568,23,893,383,55,111,-1,-1,-1,-1
569,23,886,381,59,113,-1,-1,-1,-1
570,23,886,382,56,112,-1,-1,-1,-1
571,23,887,383,52,111,-1,-1,-1,-1
572,23,885,382,49,115,-1,-1,-1,-1
573,23,880,384,52,114,-1,-1,-1,-1
574,23,874,383,57,114,-1,-1,-1,-1
575,23,872,382,56,115,-1,-1,-1,-1
576,23,873,384,53,112,-1,-1,-1,-1
577,23,868,386,57,110,-1,-1,-1,-1
578,23,866,387,57,110,-1,-1,-1,-1
579,23,863,386,57,111,-1,-1,-1,-1
580,23,861,388,52,108,-1,-1,-1,-1
581,23,856,387,52,107,-1,-1,-1,-1
582,23,851,386,54,110,-1,-1,-1,-1
583,23,849,385,54,110,-1,-1,-1,-1
584,23,851,386,52,110,-1,-1,-1,-1
585,23,846,385,53,111,-1,-1,-1,-1
586,23,852,384,42,107,-1,-1,-1,-1
587,23,843,387,52,108,-1,-1,-1,-1
588,23,836,383,52,113,-1,-1,-1,-1
589,23,834,384,49,112,-1,-1,-1,-1
590,23,827,382,55,115,-1,-1,-1,-1
591,23,826,385,56,109,-1,-1,-1,-1
592,23,822,385,58,108,-1,-1,-1,-1
593,23,816,383,62,111,-1,-1,-1,-1
594,23,822,388,53,108,-1,-1,-1,-1
595,23,818,387,53,110,-1,-1,-1,-1
596,23,812,385,56,111,-1,-1,-1,-1
597,23,808,386,54,110,-1,-1,-1,-1
598,23,806,389,51,107,-1,-1,-1,-1
599,23,806,388,50,108,-1,-1,-1,-1
600,23,804,389,52,109,-1,-1,-1,-1
601,23,804,391,50,105,-1,-1,-1,-1
602,23,803,391,50,106,-1,-1,-1,-1
603,23,799,389,48,106,-1,-1,-1,-1
604,23,786,392,55,104,-1,-1,-1,-1
605,23,784,384,54,114,-1,-1,-1,-1
606,23,784,389,52,108,-1,-1,-1,-1
607,23,779,385,59,112,-1,-1,-1,-1
608,23,776,383,59,118,-1,-1,-1,-1
609,23,775,386,53,110,-1,-1,-1,-1
610,23,771,388,52,106,-1,-1,-1,-1
611,23,767,389,55,107,-1,-1,-1,-1
612,23,768,389,50,106,-1,-1,-1,-1
613,23,766,387,43,104,-1,-1,-1,-1
614,23,758,381,54,114,-1,-1,-1,-1
615,23,758,383,55,113,-1,-1,-1,-1
616,23,756,382,52,116,-1,-1,-1,-1
617,23,751,380,49,109,-1,-1,-1,-1
618,23,749,389,53,109,-1,-1,-1,-1
619,23,742,379,56,119,-1,-1,-1,-1
620,23,741,386,53,113,-1,-1,-1,-1
621,23,743,395,50,104,-1,-1,-1,-1
622,23,740,393,53,102,-1,-1,-1,-1
623,23,738,387,56,110,-1,-1,-1,-1
624,23,733,386,56,107,-1,-1,-1,-1
625,23,728,390,57,109,-1,-1,-1,-1
626,23,726,386,50,109,-1,-1,-1,-1
627,23,724,392,49,102,-1,-1,-1,-1
628,23,721,391,47,100,-1,-1,-1,-1
629,23,717,408,39,82,-1,-1,-1,-1
630,23,717,397,48,99,-1,-1,-1,-1
631,23,711,396,51,102,-1,-1,-1,-1
632,23,708,395,52,104,-1,-1,-1,-1
633,23,708,376,47,105,-1,-1,-1,-1
634,23,695,369,53,100,-1,-1,-1,-1
635,23,690,373,55,107,-1,-1,-1,-1
636,23,692,379,48,105,-1,-1,-1,-1
637,23,693,390,59,112,-1,-1,-1,-1
638,23,687,392,58,108,-1,-1,-1,-1
639,23,690,389,54,111,-1,-1,-1,-1
640,23,690,397,51,103,-1,-1,-1,-1
641,23,685,396,56,107,-1,-1,-1,-1
642,23,680,397,52,104,-1,-1,-1,-1
643,23,676,395,50,103,-1,-1,-1,-1
644,23,680,400,44,97,-1,-1,-1,-1
645,23,672,385,44,106,-1,-1,-1,-1
646,23,667,379,50,113,-1,-1,-1,-1
647,23,665,381,54,112,-1,-1,-1,-1
648,23,662,385,57,111,-1,-1,-1,-1
649,23,656,387,57,107,-1,-1,-1,-1
650,23,654,385,57,112,-1,-1,-1,-1
651,23,652,377,57,117,-1,-1,-1,-1
652,23,650,380,56,118,-1,-1,-1,-1
653,23,652,386,43,109,-1,-1,-1,-1
654,23,641,378,56,121,-1,-1,-1,-1
655,23,641,376,54,124,-1,-1,-1,-1
656,23,637,367,59,130,-1,-1,-1,-1
657,23,641,375,53,123,-1,-1,-1,-1
658,23,632,372,62,130,-1,-1,-1,-1
659,23,631,381,58,112,-1,-1,-1,-1
660,23,624,370,54,134,-1,-1,-1,-1
661,23,619,372,59,121,-1,-1,-1,-1
662,23,619,372,57,125,-1,-1,-1,-1
663,23,617,369,59,129,-1,-1,-1,-1
664,23,613,372,58,124,-1,-1,-1,-1
665,23,611,380,60,116,-1,-1,-1,-1
666,23,603,379,64,119,-1,-1,-1,-1
667,23,604,385,62,114,-1,-1,-1,-1
668,23,603,380,61,120,-1,-1,-1,-1
669,23,599,375,63,126,-1,-1,-1,-1
670,23,592,369,61,132,-1,-1,-1,-1
671,23,590,377,67,122,-1,-1,-1,-1
672,23,586,371,66,129,-1,-1,-1,-1
673,23,581,375,70,127,-1,-1,-1,-1
674,23,581,375,66,124,-1,-1,-1,-1
675,23,581,374,61,127,-1,-1,-1,-1
676,23,576,373,59,131,-1,-1,-1,-1
677,23,577,380,56,122,-1,-1,-1,-1
678,23,574,379,58,120,-1,-1,-1,-1
679,23,571,379,61,120,-1,-1,-1,-1
680,23,572,384,51,114,-1,-1,-1,-1
681,23,569,381,55,115,-1,-1,-1,-1
682,23,561,381,63,122,-1,-1,-1,-1
683,23,566,385,58,117,-1,-1,-1,-1
684,23,556,378,61,123,-1,-1,-1,-1
685,23,556,380,57,123,-1,-1,-1,-1
686,23,556,389,56,112,-1,-1,-1,-1
687,23,553,385,55,117,-1,-1,-1,-1
688,23,549,382,62,125,-1,-1,-1,-1
689,23,550,390,60,117,-1,-1,-1,-1
690,23,541,401,57,107,-1,-1,-1,-1
691,23,541,400,54,110,-1,-1,-1,-1
692,23,537,400,54,112,-1,-1,-1,-1
693,23,535,402,52,104,-1,-1,-1,-1
694,23,533,389,48,109,-1,-1,-1,-1
695,23,530,383,51,116,-1,-1,-1,-1
696,23,526,389,56,113,-1,-1,-1,-1
697,23,523,392,57,111,-1,-1,-1,-1
698,23,518,388,59,114,-1,-1,-1,-1
699,23,513,382,65,121,-1,-1,-1,-1
700,23,515,395,59,109,-1,-1,-1,-1
701,23,515,399,56,107,-1,-1,-1,-1
702,23,509,394,50,110,-1,-1,-1,-1
703,23,503,379,58,131,-1,-1,-1,-1
704,23,503,390,56,116,-1,-1,-1,-1
705,23,500,384,56,122,-1,-1,-1,-1
706,23,494,381,59,128,-1,-1,-1,-1
707,23,489,377,69,133,-1,-1,-1,-1
708,23,485,377,69,133,-1,-1,-1,-1
709,23,484,381,66,127,-1,-1,-1,-1
710,23,484,382,63,126,-1,-1,-1,-1
711,23,480,375,62,129,-1,-1,-1,-1
712,23,476,371,62,133,-1,-1,-1,-1
713,23,478,372,60,133,-1,-1,-1,-1
714,23,473,379,58,127,-1,-1,-1,-1
715,23,469,386,60,123,-1,-1,-1,-1
716,23,467,390,62,118,-1,-1,-1,-1
717,23,468,389,51,116,-1,-1,-1,-1
718,23,466,382,55,126,-1,-1,-1,-1
719,23,463,378,60,129,-1,-1,-1,-1
720,23,457,380,59,124,-1,-1,-1,-1
721,23,452,394,60,116,-1,-1,-1,-1
722,23,454,394,53,115,-1,-1,-1,-1
723,23,458,398,53,112,-1,-1,-1,-1
724,23,454,396,53,107,-1,-1,-1,-1
725,23,443,385,58,123,-1,-1,-1,-1
726,23,446,394,41,110,-1,-1,-1,-1
727,23,441,386,49,116,-1,-1,-1,-1
728,23,437,387,52,114,-1,-1,-1,-1
729,23,436,402,48,107,-1,-1,-1,-1
730,23,431,391,57,119,-1,-1,-1,-1
731,23,425,389,63,122,-1,-1,-1,-1
732,23,424,391,63,120,-1,-1,-1,-1
733,23,426,388,56,126,-1,-1,-1,-1
734,23,419,390,59,115,-1,-1,-1,-1
735,23,411,384,67,125,-1,-1,-1,-1
736,23,408,400,53,105,-1,-1,-1,-1
737,23,401,389,55,120,-1,-1,-1,-1
738,23,403,389,57,117,-1,-1,-1,-1
739,23,402,385,60,124,-1,-1,-1,-1
740,23,401,403,63,110,-1,-1,-1,-1
741,23,398,401,61,108,-1,-1,-1,-1
742,23,397,385,58,122,-1,-1,-1,-1
743,23,393,385,56,121,-1,-1,-1,-1
744,23,400,398,47,107,-1,-1,-1,-1
745,23,389,387,57,120,-1,-1,-1,-1
746,23,389,397,55,112,-1,-1,-1,-1
747,23,387,399,52,109,-1,-1,-1,-1
748,23,385,404,57,104,-1,-1,-1,-1
749,23,382,400,56,108,-1,-1,-1,-1
750,23,376,395,56,109,-1,-1,-1,-1
751,23,375,395,60,112,-1,-1,-1,-1
752,23,373,398,66,111,-1,-1,-1,-1
753,23,370,406,57,100,-1,-1,-1,-1
754,23,367,432,49,79,-1,-1,-1,-1
755,23,363,415,55,97,-1,-1,-1,-1
756,23,358,394,58,114,-1,-1,-1,-1
757,23,354,389,62,120,-1,-1,-1,-1
758,23,351,392,61,119,-1,-1,-1,-1
759,23,350,393,62,119,-1,-1,-1,-1
760,23,346,396,50,105,-1,-1,-1,-1
761,23,344,389,52,115,-1,-1,-1,-1
762,23,342,385,60,115,-1,-1,-1,-1
763,23,344,397,57,112,-1,-1,-1,-1
764,23,337,395,65,112,-1,-1,-1,-1
765,23,334,390,68,119,-1,-1,-1,-1
766,23,332,391,64,118,-1,-1,-1,-1
767,23,329,393,58,111,-1,-1,-1,-1
768,23,322,382,59,118,-1,-1,-1,-1
769,23,321,389,57,108,-1,-1,-1,-1
770,23,313,376,61,122,-1,-1,-1,-1
771,23,307,370,71,131,-1,-1,-1,-1
772,23,310,372,61,120,-1,-1,-1,-1
773,23,305,370,67,132,-1,-1,-1,-1
774,23,304,370,56,114,-1,-1,-1,-1
775,23,303,375,52,112,-1,-1,-1,-1
776,23,296,377,60,112,-1,-1,-1,-1
777,23,293,374,62,121,-1,-1,-1,-1
778,23,292,378,67,113,-1,-1,-1,-1
779,23,291,377,67,120,-1,-1,-1,-1
780,23,290,386,71,113,-1,-1,-1,-1
781,23,302,409,59,91,-1,-1,-1,-1
806,24,1077,57,25,51,-1,-1,-1,-1
807,24,1079,60,24,48,-1,-1,-1,-1
808,24,1075,56,27,51,-1,-1,-1,-1
809,24,1074,56,27,50,-1,-1,-1,-1
810,24,1075,57,26,50,-1,-1,-1,-1
811,24,1075,57,22,51,-1,-1,-1,-1
718,25,687,3,26,42,-1,-1,-1,-1
719,25,687,3,25,41,-1,-1,-1,-1
720,25,684,4,28,41,-1,-1,-1,-1
721,25,684,3,28,39,-1,-1,-1,-1
722,25,683,3,29,39,-1,-1,-1,-1
723,25,682,3,29,40,-1,-1,-1,-1
724,25,681,4,27,43,-1,-1,-1,-1
725,25,683,5,26,42,-1,-1,-1,-1
726,25,682,4,28,41,-1,-1,-1,-1
727,25,685,5,25,40,-1,-1,-1,-1
728,25,685,4,25,42,-1,-1,-1,-1
729,25,684,5,27,41,-1,-1,-1,-1
730,25,682,4,28,42,-1,-1,-1,-1
731,25,682,3,29,40,-1,-1,-1,-1
732,25,679,2,31,42,-1,-1,-1,-1
733,25,680,5,27,37,-1,-1,-1,-1
734,25,680,4,27,37,-1,-1,-1,-1
735,25,679,3,28,41,-1,-1,-1,-1
736,25,678,2,29,44,-1,-1,-1,-1
737,25,677,1,29,43,-1,-1,-1,-1
738,25,675,2,30,43,-1,-1,-1,-1
739,25,677,4,26,37,-1,-1,-1,-1
740,25,675,2,28,42,-1,-1,-1,-1
741,25,675,3,29,42,-1,-1,-1,-1
742,25,676,6,27,39,-1,-1,-1,-1
743,25,676,4,27,40,-1,-1,-1,-1
744,25,674,2,28,45,-1,-1,-1,-1
745,25,675,5,27,40,-1,-1,-1,-1
746,25,673,2,26,42,-1,-1,-1,-1
747,25,674,5,25,37,-1,-1,-1,-1
748,25,674,4,25,38,-1,-1,-1,-1
749,25,674,5,25,36,-1,-1,-1,-1
750,25,673,3,25,43,-1,-1,-1,-1
751,25,673,5,24,36,-1,-1,-1,-1
752,25,673,5,24,36,-1,-1,-1,-1
753,25,672,5,24,35,-1,-1,-1,-1
754,25,672,1,24,41,-1,-1,-1,-1
755,25,671,1,25,41,-1,-1,-1,-1
756,25,671,1,23,40,-1,-1,-1,-1
757,25,671,5,25,36,-1,-1,-1,-1
758,25,669,4,26,37,-1,-1,-1,-1
759,25,667,3,26,40,-1,-1,-1,-1
760,25,668,5,26,36,-1,-1,-1,-1
761,25,667,6,27,35,-1,-1,-1,-1
762,25,668,6,25,35,-1,-1,-1,-1
763,25,667,6,27,34,-1,-1,-1,-1
764,25,664,5,27,38,-1,-1,-1,-1
765,25,664,5,27,37,-1,-1,-1,-1
766,25,663,4,27,38,-1,-1,-1,-1
767,25,663,4,27,38,-1,-1,-1,-1
768,25,662,3,27,37,-1,-1,-1,-1
769,25,661,5,28,38,-1,-1,-1,-1
770,25,660,4,29,38,-1,-1,-1,-1
771,25,660,4,29,40,-1,-1,-1,-1
772,25,660,4,28,41,-1,-1,-1,-1
773,25,659,5,28,40,-1,-1,-1,-1
774,25,659,5,27,41,-1,-1,-1,-1
775,25,659,4,26,42,-1,-1,-1,-1
776,25,659,5,25,43,-1,-1,-1,-1
777,25,658,5,26,42,-1,-1,-1,-1
778,25,658,3,26,42,-1,-1,-1,-1
779,25,657,3,27,43,-1,-1,-1,-1
780,25,657,3,27,43,-1,-1,-1,-1
781,25,656,3,29,41,-1,-1,-1,-1
782,25,655,3,28,41,-1,-1,-1,-1
783,25,655,3,29,41,-1,-1,-1,-1
784,25,654,2,29,41,-1,-1,-1,-1
785,25,652,1,28,40,-1,-1,-1,-1
786,25,651,0,27,40,-1,-1,-1,-1
787,25,650,1,27,42,-1,-1,-1,-1
788,25,649,1,26,44,-1,-1,-1,-1
789,25,648,1,27,45,-1,-1,-1,-1
790,25,648,2,25,41,-1,-1,-1,-1
791,25,647,1,26,44,-1,-1,-1,-1
792,25,647,1,26,42,-1,-1,-1,-1
793,25,648,5,27,41,-1,-1,-1,-1
794,25,647,2,24,42,-1,-1,-1,-1
795,25,647,2,24,42,-1,-1,-1,-1
796,25,647,2,24,42,-1,-1,-1,-1
797,25,646,1,25,41,-1,-1,-1,-1
798,25,646,3,24,40,-1,-1,-1,-1
799,25,645,2,24,40,-1,-1,-1,-1
800,25,643,2,25,39,-1,-1,-1,-1
801,25,644,2,24,39,-1,-1,-1,-1
802,25,645,2,23,40,-1,-1,-1,-1
803,25,644,3,23,40,-1,-1,-1,-1
804,25,642,2,25,42,-1,-1,-1,-1
805,25,642,1,25,42,-1,-1,-1,-1
806,25,640,2,27,40,-1,-1,-1,-1
807,25,638,2,29,40,-1,-1,-1,-1
808,25,636,2,31,40,-1,-1,-1,-1
809,25,636,1,30,40,-1,-1,-1,-1
810,25,635,1,31,42,-1,-1,-1,-1
811,25,634,1,31,43,-1,-1,-1,-1
812,25,634,1,30,44,-1,-1,-1,-1
813,25,631,0,30,42,-1,-1,-1,-1
814,25,629,0,29,39,-1,-1,-1,-1
815,25,628,0,28,40,-1,-1,-1,-1
816,25,628,0,26,41,-1,-1,-1,-1
817,25,628,0,26,39,-1,-1,-1,-1
818,25,628,0,27,41,-1,-1,-1,-1
819,25,627,1,26,41,-1,-1,-1,-1
820,25,627,1,26,42,-1,-1,-1,-1
821,25,626,1,25,43,-1,-1,-1,-1
822,25,626,1,25,42,-1,-1,-1,-1
823,25,625,1,26,42,-1,-1,-1,-1
824,25,625,1,26,43,-1,-1,-1,-1
825,25,625,1,25,43,-1,-1,-1,-1
826,25,625,1,25,42,-1,-1,-1,-1
827,25,625,1,25,44,-1,-1,-1,-1
828,25,624,1,25,42,-1,-1,-1,-1
829,25,623,2,24,41,-1,-1,-1,-1
830,25,622,1,24,40,-1,-1,-1,-1
831,25,620,1,24,36,-1,-1,-1,-1
832,25,620,1,24,38,-1,-1,-1,-1
833,25,619,1,24,37,-1,-1,-1,-1
834,25,618,2,26,40,-1,-1,-1,-1
835,25,617,1,26,38,-1,-1,-1,-1
836,25,618,1,25,38,-1,-1,-1,-1
837,25,616,1,27,39,-1,-1,-1,-1
838,25,616,2,27,39,-1,-1,-1,-1
839,25,615,1,28,40,-1,-1,-1,-1
840,25,614,2,29,39,-1,-1,-1,-1
841,25,614,2,28,41,-1,-1,-1,-1
842,25,613,1,29,40,-1,-1,-1,-1
843,25,608,0,32,39,-1,-1,-1,-1
844,25,609,0,31,39,-1,-1,-1,-1
845,25,608,0,28,37,-1,-1,-1,-1
846,25,609,0,27,37,-1,-1,-1,-1
847,25,608,0,26,35,-1,-1,-1,-1
848,25,607,0,26,35,-1,-1,-1,-1
849,25,605,0,27,34,-1,-1,-1,-1
850,25,606,0,27,37,-1,-1,-1,-1
851,25,604,0,26,34,-1,-1,-1,-1
813,26,809,31,28,50,-1,-1,-1,-1
814,26,809,31,27,50,-1,-1,-1,-1
815,26,810,33,25,48,-1,-1,-1,-1
816,26,808,33,26,49,-1,-1,-1,-1
817,26,808,33,26,49,-1,-1,-1,-1
818,26,806,34,26,50,-1,-1,-1,-1
819,26,805,34,26,51,-1,-1,-1,-1
820,26,805,35,25,48,-1,-1,-1,-1
821,26,804,40,26,44,-1,-1,-1,-1
822,26,804,42,26,41,-1,-1,-1,-1
823,26,805,40,24,45,-1,-1,-1,-1
824,26,802,37,28,47,-1,-1,-1,-1
825,26,801,38,27,47,-1,-1,-1,-1
826,26,801,40,27,45,-1,-1,-1,-1
827,26,799,38,28,48,-1,-1,-1,-1
828,26,799,38,28,47,-1,-1,-1,-1
829,26,797,35,29,49,-1,-1,-1,-1
830,26,795,33,29,50,-1,-1,-1,-1
831,26,793,33,30,52,-1,-1,-1,-1
832,26,795,34,31,52,-1,-1,-1,-1
833,26,794,34,31,51,-1,-1,-1,-1
834,26,790,35,27,49,-1,-1,-1,-1
835,26,790,37,26,49,-1,-1,-1,-1
836,26,789,39,26,47,-1,-1,-1,-1
837,26,784,37,28,46,-1,-1,-1,-1
838,26,785,37,25,47,-1,-1,-1,-1
839,26,783,37,25,48,-1,-1,-1,-1
840,26,781,37,24,47,-1,-1,-1,-1
841,26,777,32,27,49,-1,-1,-1,-1
842,26,773,36,29,49,-1,-1,-1,-1
843,26,765,31,31,55,-1,-1,-1,-1
844,26,771,39,30,48,-1,-1,-1,-1
845,26,763,35,29,52,-1,-1,-1,-1
846,26,759,36,31,55,-1,-1,-1,-1
847,26,758,37,31,55,-1,-1,-1,-1
848,26,760,35,31,54,-1,-1,-1,-1
849,26,760,33,31,57,-1,-1,-1,-1
850,26,756,37,28,53,-1,-1,-1,-1
851,26,754,36,30,55,-1,-1,-1,-1
852,26,756,32,29,56,-1,-1,-1,-1
853,26,753,31,32,58,-1,-1,-1,-1
853,27,743,27,28,60,-1,-1,-1,-1
854,27,732,24,43,64,-1,-1,-1,-1
855,27,734,28,37,66,-1,-1,-1,-1
856,27,727,32,33,55,-1,-1,-1,-1
857,27,724,28,34,55,-1,-1,-1,-1
858,27,731,25,37,67,-1,-1,-1,-1
859,27,739,34,33,60,-1,-1,-1,-1
860,27,737,26,39,69,-1,-1,-1,-1
861,27,732,24,38,68,-1,-1,-1,-1
862,27,732,28,33,62,-1,-1,-1,-1
863,27,727,33,35,60,-1,-1,-1,-1
864,27,728,33,32,58,-1,-1,-1,-1
865,27,718,38,35,56,-1,-1,-1,-1
866,27,718,37,35,58,-1,-1,-1,-1
867,27,723,35,36,59,-1,-1,-1,-1
868,27,717,36,40,59,-1,-1,-1,-1
869,27,718,34,33,60,-1,-1,-1,-1
870,27,718,33,35,59,-1,-1,-1,-1
871,27,721,29,35,62,-1,-1,-1,-1
872,27,717,33,35,62,-1,-1,-1,-1
873,27,718,34,36,62,-1,-1,-1,-1
874,27,719,33,35,60,-1,-1,-1,-1
877,28,11,377,60,112,-1,-1,-1,-1
878,28,15,380,49,110,-1,-1,-1,-1
879,28,14,373,56,109,-1,-1,-1,-1
880,28,3,372,54,113,-1,-1,-1,-1
881,28,3,374,54,111,-1,-1,-1,-1
882,28,1,372,49,112,-1,-1,-1,-1
883,28,1,381,42,101,-1,-1,-1,-1
884,28,1,381,44,103,-1,-1,-1,-1
887,29,672,40,34,56,-1,-1,-1,-1
888,29,671,41,29,52,-1,-1,-1,-1
889,29,670,40,27,50,-1,-1,-1,-1
890,29,669,40,25,48,-1,-1,-1,-1
891,29,669,37,24,50,-1,-1,-1,-1
853,25,604,0,26,34,-1,-1,-1,-1
854,25,605,0,25,36,-1,-1,-1,-1
855,25,605,0,25,37,-1,-1,-1,-1
856,25,604,0,25,37,-1,-1,-1,-1
857,25,602,0,24,36,-1,-1,-1,-1
858,25,600,0,23,35,-1,-1,-1,-1
859,25,600,0,23,36,-1,-1,-1,-1
860,25,600,0,22,37,-1,-1,-1,-1
861,25,600,0,22,36,-1,-1,-1,-1
862,25,599,0,25,35,-1,-1,-1,-1
863,25,600,0,23,35,-1,-1,-1,-1
864,25,599,0,23,37,-1,-1,-1,-1
865,25,598,1,25,34,-1,-1,-1,-1
866,25,598,1,25,32,-1,-1,-1,-1
867,25,598,1,25,33,-1,-1,-1,-1
868,25,596,1,25,33,-1,-1,-1,-1
869,25,595,0,26,35,-1,-1,-1,-1
870,25,594,0,26,35,-1,-1,-1,-1
871,25,594,0,26,35,-1,-1,-1,-1
872,25,593,0,26,36,-1,-1,-1,-1
873,25,593,4,28,36,-1,-1,-1,-1
874,25,593,1,27,38,-1,-1,-1,-1
875,25,592,1,27,38,-1,-1,-1,-1
876,25,591,0,27,39,-1,-1,-1,-1
877,25,591,0,27,39,-1,-1,-1,-1
878,25,590,0,28,42,-1,-1,-1,-1
879,25,590,0,27,41,-1,-1,-1,-1
880,25,588,0,26,40,-1,-1,-1,-1
881,25,586,0,28,33,-1,-1,-1,-1
882,25,586,0,27,32,-1,-1,-1,-1
883,25,585,0,27,35,-1,-1,-1,-1
884,25,586,0,26,37,-1,-1,-1,-1
885,25,585,0,25,39,-1,-1,-1,-1
886,25,583,0,24,31,-1,-1,-1,-1
887,25,582,0,24,30,-1,-1,-1,-1
888,25,583,0,25,35,-1,-1,-1,-1
889,25,583,0,26,36,-1,-1,-1,-1
890,25,582,0,27,35,-1,-1,-1,-1
891,25,582,0,27,36,-1,-1,-1,-1
892,25,582,0,26,36,-1,-1,-1,-1
893,25,582,0,26,34,-1,-1,-1,-1
894,25,582,0,26,33,-1,-1,-1,-1
895,25,582,0,27,31,-1,-1,-1,-1
896,25,582,0,27,32,-1,-1,-1,-1
897,25,582,0,27,33,-1,-1,-1,-1
898,25,584,0,26,33,-1,-1,-1,-1
899,25,582,0,26,35,-1,-1,-1,-1
900,25,583,1,25,33,-1,-1,-1,-1
901,25,581,0,24,38,-1,-1,-1,-1
902,25,580,2,25,34,-1,-1,-1,-1
903,25,580,2,25,34,-1,-1,-1,-1
904,25,582,1,25,34,-1,-1,-1,-1
905,25,581,1,25,34,-1,-1,-1,-1
906,25,581,1,25,32,-1,-1,-1,-1
781,31,286,388,54,101,-1,-1,-1,-1
782,31,283,387,57,106,-1,-1,-1,-1
783,31,281,383,60,111,-1,-1,-1,-1
784,31,275,375,61,120,-1,-1,-1,-1
785,31,272,377,60,124,-1,-1,-1,-1
786,31,272,379,57,120,-1,-1,-1,-1
787,31,270,379,60,123,-1,-1,-1,-1
788,31,265,379,61,122,-1,-1,-1,-1
789,31,264,381,62,119,-1,-1,-1,-1
790,31,261,382,56,117,-1,-1,-1,-1
791,31,257,380,61,121,-1,-1,-1,-1
792,31,254,374,53,124,-1,-1,-1,-1
793,31,255,377,52,122,-1,-1,-1,-1
794,31,249,375,60,123,-1,-1,-1,-1
795,31,251,376,46,103,-1,-1,-1,-1
796,31,245,371,54,119,-1,-1,-1,-1
797,31,237,369,78,130,-1,-1,-1,-1
798,31,235,366,48,99,-1,-1,-1,-1
799,31,232,368,81,128,-1,-1,-1,-1
800,31,229,365,67,125,-1,-1,-1,-1
801,31,229,364,58,123,-1,-1,-1,-1
802,31,224,368,65,128,-1,-1,-1,-1
803,31,219,368,70,130,-1,-1,-1,-1
804,31,217,369,65,128,-1,-1,-1,-1
805,31,219,369,59,126,-1,-1,-1,-1
806,31,215,358,70,138,-1,-1,-1,-1
807,31,212,361,67,137,-1,-1,-1,-1
808,31,210,365,59,132,-1,-1,-1,-1
809,31,212,365,51,123,-1,-1,-1,-1
810,31,207,364,53,128,-1,-1,-1,-1
811,31,205,373,54,117,-1,-1,-1,-1
812,31,199,371,60,119,-1,-1,-1,-1
813,31,194,370,72,119,-1,-1,-1,-1
814,31,187,371,71,122,-1,-1,-1,-1
815,31,183,372,70,118,-1,-1,-1,-1
816,31,181,371,79,123,-1,-1,-1,-1
817,31,181,370,82,127,-1,-1,-1,-1
818,31,172,369,69,123,-1,-1,-1,-1
819,31,168,367,70,126,-1,-1,-1,-1
820,31,170,370,65,121,-1,-1,-1,-1
821,31,168,370,60,122,-1,-1,-1,-1
822,31,163,369,67,120,-1,-1,-1,-1
823,31,164,366,66,124,-1,-1,-1,-1
824,31,164,370,65,122,-1,-1,-1,-1
825,31,161,372,61,118,-1,-1,-1,-1
826,31,155,369,62,126,-1,-1,-1,-1
827,31,152,370,64,123,-1,-1,-1,-1
828,31,149,363,60,125,-1,-1,-1,-1
829,31,143,360,70,129,-1,-1,-1,-1
830,31,140,363,68,112,-1,-1,-1,-1
831,31,143,362,64,119,-1,-1,-1,-1
832,31,138,364,72,124,-1,-1,-1,-1
833,31,137,359,78,135,-1,-1,-1,-1
834,31,134,357,83,132,-1,-1,-1,-1
835,31,133,354,79,135,-1,-1,-1,-1
836,31,133,360,71,137,-1,-1,-1,-1
837,31,135,366,70,126,-1,-1,-1,-1
838,31,124,364,78,127,-1,-1,-1,-1
839,31,116,359,73,129,-1,-1,-1,-1
840,31,119,363,61,119,-1,-1,-1,-1
841,31,111,367,63,118,-1,-1,-1,-1
842,31,107,367,65,119,-1,-1,-1,-1
843,31,106,366,65,122,-1,-1,-1,-1
844,31,105,369,64,119,-1,-1,-1,-1
845,31,100,365,64,121,-1,-1,-1,-1
846,31,97,367,69,121,-1,-1,-1,-1
847,31,101,364,67,124,-1,-1,-1,-1
848,31,94,360,71,127,-1,-1,-1,-1
849,31,93,364,69,119,-1,-1,-1,-1
850,31,90,361,72,123,-1,-1,-1,-1
851,31,84,365,67,119,-1,-1,-1,-1
852,31,81,367,61,115,-1,-1,-1,-1
853,31,80,364,65,126,-1,-1,-1,-1
854,31,74,364,64,122,-1,-1,-1,-1
855,31,73,361,69,127,-1,-1,-1,-1
856,31,68,361,70,127,-1,-1,-1,-1
857,31,66,362,69,126,-1,-1,-1,-1
858,31,66,366,62,118,-1,-1,-1,-1
859,31,68,364,59,117,-1,-1,-1,-1
860,31,75,358,56,112,-1,-1,-1,-1
861,31,66,363,59,116,-1,-1,-1,-1
862,31,61,367,60,112,-1,-1,-1,-1
863,31,54,360,71,128,-1,-1,-1,-1
864,31,54,363,65,120,-1,-1,-1,-1
865,31,55,360,61,118,-1,-1,-1,-1
866,31,54,364,60,115,-1,-1,-1,-1
867,31,52,361,61,120,-1,-1,-1,-1
868,31,50,362,64,119,-1,-1,-1,-1
869,31,41,363,71,122,-1,-1,-1,-1
870,31,40,369,60,110,-1,-1,-1,-1
871,31,36,371,61,111,-1,-1,-1,-1
872,31,33,360,65,123,-1,-1,-1,-1
873,31,30,358,65,128,-1,-1,-1,-1
874,31,25,356,66,126,-1,-1,-1,-1
875,31,26,357,64,120,-1,-1,-1,-1
876,31,21,356,68,125,-1,-1,-1,-1
877,31,28,358,61,116,-1,-1,-1,-1
878,31,22,359,64,119,-1,-1,-1,-1
879,31,29,358,59,114,-1,-1,-1,-1
880,31,22,356,68,118,-1,-1,-1,-1
881,31,21,355,68,120,-1,-1,-1,-1
882,31,16,357,67,121,-1,-1,-1,-1
883,31,21,356,69,116,-1,-1,-1,-1
884,31,12,366,63,107,-1,-1,-1,-1
885,31,4,351,86,133,-1,-1,-1,-1
886,31,5,371,55,106,-1,-1,-1,-1
887,31,0,354,80,133,-1,-1,-1,-1
888,31,2,353,74,131,-1,-1,-1,-1
889,31,5,354,66,126,-1,-1,-1,-1
890,31,7,354,62,122,-1,-1,-1,-1
891,31,3,353,66,128,-1,-1,-1,-1
892,31,2,353,62,126,-1,-1,-1,-1
893,31,0,352,65,128,-1,-1,-1,-1
894,31,0,352,58,124,-1,-1,-1,-1
895,31,0,350,53,122,-1,-1,-1,-1
896,31,0,358,53,119,-1,-1,-1,-1
897,31,0,353,51,114,-1,-1,-1,-1
898,31,0,356,50,114,-1,-1,-1,-1
899,31,0,359,49,110,-1,-1,-1,-1
900,31,0,355,43,111,-1,-1,-1,-1
901,31,0,355,43,114,-1,-1,-1,-1
902,31,0,354,41,113,-1,-1,-1,-1
903,31,0,354,38,105,-1,-1,-1,-1
904,31,0,352,40,116,-1,-1,-1,-1
905,31,0,356,38,109,-1,-1,-1,-1
906,31,0,349,36,116,-1,-1,-1,-1
907,31,0,362,40,107,-1,-1,-1,-1
908,31,0,373,37,92,-1,-1,-1,-1
909,31,0,359,33,108,-1,-1,-1,-1
908,25,578,1,25,32,-1,-1,-1,-1
909,25,577,1,26,33,-1,-1,-1,-1
910,25,578,0,24,27,-1,-1,-1,-1
911,25,574,0,26,26,-1,-1,-1,-1
896,33,652,47,28,48,-1,-1,-1,-1
897,33,648,45,34,51,-1,-1,-1,-1
898,33,646,42,27,50,-1,-1,-1,-1
899,33,644,41,27,47,-1,-1,-1,-1
900,33,643,43,26,54,-1,-1,-1,-1
901,33,641,45,27,50,-1,-1,-1,-1
902,33,637,44,25,53,-1,-1,-1,-1
903,33,636,44,27,53,-1,-1,-1,-1
904,33,631,45,29,53,-1,-1,-1,-1
905,33,629,46,26,50,-1,-1,-1,-1
906,33,627,47,27,50,-1,-1,-1,-1
907,33,629,46,26,50,-1,-1,-1,-1
908,33,624,43,26,49,-1,-1,-1,-1
909,33,622,45,26,47,-1,-1,-1,-1
910,33,622,47,25,51,-1,-1,-1,-1
911,33,618,48,27,51,-1,-1,-1,-1
912,33,619,49,27,48,-1,-1,-1,-1
913,33,612,49,26,48,-1,-1,-1,-1
914,33,608,50,28,49,-1,-1,-1,-1
915,33,603,52,26,46,-1,-1,-1,-1
916,33,598,50,26,45,-1,-1,-1,-1
917,33,590,50,28,47,-1,-1,-1,-1
918,33,595,51,28,45,-1,-1,-1,-1
914,34,0,387,23,75,-1,-1,-1,-1
915,34,0,388,23,73,-1,-1,-1,-1
916,34,0,388,23,70,-1,-1,-1,-1
917,34,0,388,23,73,-1,-1,-1,-1
918,34,0,388,24,71,-1,-1,-1,-1
915,35,572,0,24,35,-1,-1,-1,-1
916,35,570,2,26,39,-1,-1,-1,-1
917,35,570,5,25,38,-1,-1,-1,-1
918,35,570,4,24,38,-1,-1,-1,-1
919,35,570,2,25,38,-1,-1,-1,-1
920,35,570,1,26,38,-1,-1,-1,-1
921,35,571,2,26,39,-1,-1,-1,-1
922,35,568,3,29,42,-1,-1,-1,-1
923,35,568,3,27,42,-1,-1,-1,-1
924,35,564,0,27,40,-1,-1,-1,-1
925,35,565,0,26,36,-1,-1,-1,-1
926,35,564,0,26,37,-1,-1,-1,-1
927,35,562,0,27,34,-1,-1,-1,-1
932,35,561,0,23,35,-1,-1,-1,-1
933,35,561,0,23,36,-1,-1,-1,-1
934,35,562,1,25,33,-1,-1,-1,-1
935,35,559,1,24,34,-1,-1,-1,-1
936,35,561,1,24,33,-1,-1,-1,-1
942,37,519,60,21,48,-1,-1,-1,-1
943,37,519,59,22,49,-1,-1,-1,-1
944,37,520,59,22,49,-1,-1,-1,-1
918,38,586,51,25,44,-1,-1,-1,-1
919,38,586,55,24,45,-1,-1,-1,-1
920,38,588,54,26,47,-1,-1,-1,-1
921,38,580,52,25,49,-1,-1,-1,-1
922,38,575,53,24,50,-1,-1,-1,-1
923,38,568,53,26,53,-1,-1,-1,-1
924,38,573,51,26,55,-1,-1,-1,-1
925,38,575,53,24,51,-1,-1,-1,-1
926,38,575,52,24,52,-1,-1,-1,-1
927,38,566,52,25,53,-1,-1,-1,-1
928,38,563,52,26,53,-1,-1,-1,-1
929,38,562,52,26,52,-1,-1,-1,-1
930,38,557,48,28,55,-1,-1,-1,-1
931,38,559,47,27,55,-1,-1,-1,-1
932,38,560,50,24,52,-1,-1,-1,-1
933,38,558,49,25,53,-1,-1,-1,-1
934,38,554,51,26,52,-1,-1,-1,-1
935,38,548,47,30,55,-1,-1,-1,-1
936,38,552,50,25,52,-1,-1,-1,-1
937,38,552,52,24,50,-1,-1,-1,-1
938,38,543,52,26,50,-1,-1,-1,-1
939,38,536,52,28,51,-1,-1,-1,-1
940,38,537,52,23,49,-1,-1,-1,-1
941,38,534,52,25,49,-1,-1,-1,-1
942,38,534,53,24,51,-1,-1,-1,-1
943,38,531,56,24,51,-1,-1,-1,-1
944,38,527,57,24,50,-1,-1,-1,-1
945,38,519,60,26,49,-1,-1,-1,-1
946,38,521,61,24,47,-1,-1,-1,-1
947,38,518,61,27,46,-1,-1,-1,-1
948,38,514,60,22,48,-1,-1,-1,-1
949,38,512,59,22,49,-1,-1,-1,-1
949,39,547,0,25,38,-1,-1,-1,-1
950,39,546,0,26,40,-1,-1,-1,-1
951,39,545,0,27,44,-1,-1,-1,-1
952,39,544,0,28,45,-1,-1,-1,-1
953,39,543,1,29,46,-1,-1,-1,-1
954,39,543,1,29,46,-1,-1,-1,-1
955,39,543,1,29,47,-1,-1,-1,-1
956,39,543,0,30,47,-1,-1,-1,-1
957,39,542,0,30,44,-1,-1,-1,-1
958,39,542,0,30,44,-1,-1,-1,-1
959,39,542,0,29,42,-1,-1,-1,-1
960,39,542,0,29,44,-1,-1,-1,-1
961,39,541,1,28,43,-1,-1,-1,-1
962,39,541,0,29,36,-1,-1,-1,-1
963,39,542,0,30,37,-1,-1,-1,-1
964,39,542,2,24,42,-1,-1,-1,-1
965,39,542,3,23,43,-1,-1,-1,-1
966,39,542,3,23,44,-1,-1,-1,-1
967,39,541,2,24,45,-1,-1,-1,-1
968,39,540,3,24,43,-1,-1,-1,-1
969,39,538,1,28,44,-1,-1,-1,-1
970,39,540,3,22,42,-1,-1,-1,-1
971,39,538,1,26,42,-1,-1,-1,-1
972,39,538,1,26,43,-1,-1,-1,-1
973,39,538,1,26,43,-1,-1,-1,-1
974,39,538,1,26,43,-1,-1,-1,-1
975,39,538,0,26,43,-1,-1,-1,-1
976,39,538,0,26,40,-1,-1,-1,-1
971,40,424,70,32,56,-1,-1,-1,-1
972,40,426,71,28,51,-1,-1,-1,-1
973,40,421,71,28,52,-1,-1,-1,-1
974,40,423,70,26,51,-1,-1,-1,-1
975,40,421,72,27,53,-1,-1,-1,-1
976,40,418,73,27,52,-1,-1,-1,-1
977,40,414,70,32,55,-1,-1,-1,-1
978,40,419,71,31,51,-1,-1,-1,-1
979,40,422,72,30,46,-1,-1,-1,-1
980,40,421,72,31,47,-1,-1,-1,-1
978,41,407,72,29,53,-1,-1,-1,-1
979,41,401,71,45,50,-1,-1,-1,-1
980,41,401,67,32,53,-1,-1,-1,-1
981,41,399,68,36,55,-1,-1,-1,-1
982,41,400,70,26,52,-1,-1,-1,-1
983,41,399,68,31,54,-1,-1,-1,-1
984,41,396,71,29,52,-1,-1,-1,-1
985,41,393,75,23,48,-1,-1,-1,-1
986,41,395,73,31,50,-1,-1,-1,-1
984,42,377,66,25,52,-1,-1,-1,-1
985,42,379,72,29,51,-1,-1,-1,-1
986,42,379,72,27,53,-1,-1,-1,-1
993,43,358,68,34,61,-1,-1,-1,-1
994,43,350,70,31,59,-1,-1,-1,-1
995,43,353,71,30,58,-1,-1,-1,-1
988,42,380,73,24,50,-1,-1,-1,-1
989,42,387,72,29,52,-1,-1,-1,-1
990,42,377,71,29,53,-1,-1,-1,-1
991,42,374,69,31,57,-1,-1,-1,-1
992,42,375,68,30,59,-1,-1,-1,-1
993,42,371,67,34,62,-1,-1,-1,-1
994,42,370,67,31,60,-1,-1,-1,-1
995,42,368,68,30,59,-1,-1,-1,-1
996,42,367,73,31,52,-1,-1,-1,-1
997,42,364,74,33,50,-1,-1,-1,-1
998,42,358,75,32,54,-1,-1,-1,-1
999,42,351,77,29,51,-1,-1,-1,-1
1004,45,315,78,31,54,-1,-1,-1,-1
1005,45,319,77,29,55,-1,-1,-1,-1
1006,45,317,77,35,56,-1,-1,-1,-1
1007,45,312,76,40,59,-1,-1,-1,-1
816,46,1068,59,24,47,-1,-1,-1,-1
817,46,1067,58,25,48,-1,-1,-1,-1
818,46,1065,58,25,47,-1,-1,-1,-1
819,46,1063,58,24,47,-1,-1,-1,-1
820,46,1062,61,23,45,-1,-1,-1,-1
821,46,1060,60,24,47,-1,-1,-1,-1
822,46,1060,60,24,46,-1,-1,-1,-1
823,46,1059,62,24,46,-1,-1,-1,-1
824,46,1058,61,24,45,-1,-1,-1,-1
825,46,1057,57,24,48,-1,-1,-1,-1
826,46,1055,54,25,51,-1,-1,-1,-1
827,46,1055,55,25,50,-1,-1,-1,-1
828,46,1054,56,26,50,-1,-1,-1,-1
829,46,1055,60,25,46,-1,-1,-1,-1
830,46,1054,61,25,46,-1,-1,-1,-1
831,46,1052,59,27,47,-1,-1,-1,-1
832,46,1050,57,28,48,-1,-1,-1,-1
833,46,1048,56,30,50,-1,-1,-1,-1
834,46,1046,54,30,52,-1,-1,-1,-1
835,46,1045,54,29,52,-1,-1,-1,-1
836,46,1043,54,28,51,-1,-1,-1,-1
837,46,1042,54,27,51,-1,-1,-1,-1
838,46,1042,54,26,51,-1,-1,-1,-1
839,46,1041,55,26,50,-1,-1,-1,-1
840,46,1038,56,26,49,-1,-1,-1,-1
841,46,1038,57,25,49,-1,-1,-1,-1
842,46,1037,56,26,50,-1,-1,-1,-1
843,46,1036,56,25,50,-1,-1,-1,-1
844,46,1036,57,24,49,-1,-1,-1,-1
845,46,1033,58,26,47,-1,-1,-1,-1
846,46,1034,58,25,47,-1,-1,-1,-1
847,46,1034,59,24,46,-1,-1,-1,-1
848,46,1032,58,25,46,-1,-1,-1,-1
849,46,1031,58,23,44,-1,-1,-1,-1
850,46,1028,54,27,50,-1,-1,-1,-1
851,46,1026,54,28,50,-1,-1,-1,-1
852,46,1023,56,26,48,-1,-1,-1,-1
853,46,1023,56,26,48,-1,-1,-1,-1
854,46,1022,56,26,48,-1,-1,-1,-1
855,46,1022,54,26,50,-1,-1,-1,-1
856,46,1021,54,25,49,-1,-1,-1,-1
857,46,1019,53,26,52,-1,-1,-1,-1
858,46,1018,52,26,53,-1,-1,-1,-1
859,46,1017,53,27,53,-1,-1,-1,-1
860,46,1016,54,27,53,-1,-1,-1,-1
861,46,1015,54,27,52,-1,-1,-1,-1
862,46,1014,53,27,53,-1,-1,-1,-1
863,46,1014,54,25,50,-1,-1,-1,-1
864,46,1012,54,26,50,-1,-1,-1,-1
865,46,1011,56,24,47,-1,-1,-1,-1
866,46,1009,58,25,45,-1,-1,-1,-1
867,46,1008,57,25,45,-1,-1,-1,-1
868,46,1008,57,25,44,-1,-1,-1,-1
869,46,1006,57,26,44,-1,-1,-1,-1
870,46,1003,54,28,46,-1,-1,-1,-1
871,46,1003,53,28,47,-1,-1,-1,-1
872,46,1001,55,29,47,-1,-1,-1,-1
873,46,1001,54,28,48,-1,-1,-1,-1
874,46,1000,54,27,48,-1,-1,-1,-1
875,46,997,54,28,49,-1,-1,-1,-1
876,46,996,54,27,49,-1,-1,-1,-1
877,46,992,54,29,51,-1,-1,-1,-1
878,46,993,55,26,49,-1,-1,-1,-1
879,46,992,55,25,50,-1,-1,-1,-1
880,46,989,54,27,52,-1,-1,-1,-1
881,46,990,53,27,53,-1,-1,-1,-1
882,46,990,54,25,51,-1,-1,-1,-1
883,46,988,53,28,53,-1,-1,-1,-1
884,46,988,53,27,53,-1,-1,-1,-1
885,46,987,53,26,53,-1,-1,-1,-1
886,46,987,54,26,50,-1,-1,-1,-1
887,46,987,53,24,49,-1,-1,-1,-1
888,46,985,54,25,48,-1,-1,-1,-1
889,46,984,55,23,46,-1,-1,-1,-1
890,46,983,56,23,45,-1,-1,-1,-1
891,46,982,57,24,45,-1,-1,-1,-1
892,46,980,55,24,47,-1,-1,-1,-1
893,46,977,54,27,49,-1,-1,-1,-1
894,46,976,55,27,48,-1,-1,-1,-1
895,46,975,53,27,50,-1,-1,-1,-1
896,46,972,51,29,53,-1,-1,-1,-1
897,46,970,51,29,52,-1,-1,-1,-1
898,46,969,51,28,51,-1,-1,-1,-1
899,46,969,52,26,51,-1,-1,-1,-1
900,46,968,52,26,51,-1,-1,-1,-1
901,46,966,51,27,52,-1,-1,-1,-1
902,46,965,51,27,53,-1,-1,-1,-1
903,46,964,52,28,54,-1,-1,-1,-1
904,46,964,51,29,54,-1,-1,-1,-1
905,46,964,51,28,52,-1,-1,-1,-1
906,46,964,50,27,51,-1,-1,-1,-1
907,46,961,51,27,51,-1,-1,-1,-1
908,46,960,50,26,50,-1,-1,-1,-1
909,46,958,50,25,49,-1,-1,-1,-1
910,46,956,48,27,53,-1,-1,-1,-1
911,46,955,49,27,54,-1,-1,-1,-1
912,46,954,47,30,55,-1,-1,-1,-1
913,46,954,47,29,56,-1,-1,-1,-1
914,46,954,48,28,53,-1,-1,-1,-1
915,46,953,48,28,54,-1,-1,-1,-1
916,46,951,48,27,54,-1,-1,-1,-1
917,46,950,48,27,54,-1,-1,-1,-1
918,46,946,49,29,54,-1,-1,-1,-1
919,46,946,49,29,54,-1,-1,-1,-1
920,46,946,48,28,53,-1,-1,-1,-1
921,46,945,48,28,53,-1,-1,-1,-1
922,46,944,48,29,54,-1,-1,-1,-1
923,46,943,47,29,55,-1,-1,-1,-1
924,46,943,47,28,54,-1,-1,-1,-1
925,46,942,47,29,53,-1,-1,-1,-1
926,46,941,47,27,51,-1,-1,-1,-1
927,46,940,48,26,50,-1,-1,-1,-1
928,46,938,48,26,50,-1,-1,-1,-1
929,46,937,47,27,51,-1,-1,-1,-1
930,46,937,47,26,49,-1,-1,-1,-1
931,46,934,46,28,49,-1,-1,-1,-1
932,46,932,45,30,52,-1,-1,-1,-1
933,46,930,43,31,56,-1,-1,-1,-1
934,46,930,43,30,56,-1,-1,-1,-1
935,46,929,43,31,55,-1,-1,-1,-1
936,46,928,43,31,55,-1,-1,-1,-1
937,46,928,43,28,55,-1,-1,-1,-1
938,46,926,46,27,54,-1,-1,-1,-1
939,46,924,47,27,52,-1,-1,-1,-1
940,46,923,47,27,52,-1,-1,-1,-1
941,46,922,48,26,49,-1,-1,-1,-1
942,46,922,48,26,49,-1,-1,-1,-1
943,46,922,48,25,49,-1,-1,-1,-1
944,46,922,48,25,49,-1,-1,-1,-1
945,46,921,48,24,48,-1,-1,-1,-1
946,46,921,48,24,48,-1,-1,-1,-1
947,46,921,50,24,46,-1,-1,-1,-1
948,46,920,49,22,45,-1,-1,-1,-1
949,46,917,49,24,43,-1,-1,-1,-1
950,46,917,49,23,43,-1,-1,-1,-1
951,46,915,48,24,44,-1,-1,-1,-1
952,46,912,47,26,46,-1,-1,-1,-1
953,46,910,47,27,48,-1,-1,-1,-1
954,46,908,46,29,50,-1,-1,-1,-1
955,46,907,46,28,49,-1,-1,-1,-1
956,46,906,46,24,47,-1,-1,-1,-1
957,46,904,46,24,46,-1,-1,-1,-1
958,46,903,46,25,46,-1,-1,-1,-1
959,46,903,46,23,46,-1,-1,-1,-1
960,46,902,47,23,45,-1,-1,-1,-1
961,46,901,46,23,45,-1,-1,-1,-1
962,46,901,46,23,44,-1,-1,-1,-1
963,46,899,46,25,45,-1,-1,-1,-1
964,46,900,47,23,44,-1,-1,-1,-1
965,46,900,45,23,44,-1,-1,-1,-1
966,46,899,47,24,44,-1,-1,-1,-1
967,46,898,47,25,45,-1,-1,-1,-1
968,46,897,49,24,43,-1,-1,-1,-1
969,46,895,49,24,43,-1,-1,-1,-1
970,46,895,47,23,42,-1,-1,-1,-1
971,46,889,47,28,45,-1,-1,-1,-1
972,46,889,46,25,43,-1,-1,-1,-1
973,46,889,46,24,43,-1,-1,-1,-1
974,46,887,45,26,46,-1,-1,-1,-1
975,46,886,44,26,47,-1,-1,-1,-1
976,46,883,43,27,50,-1,-1,-1,-1
977,46,881,45,27,47,-1,-1,-1,-1
978,46,880,42,26,48,-1,-1,-1,-1
979,46,879,42,26,47,-1,-1,-1,-1
980,46,877,39,27,51,-1,-1,-1,-1
981,46,875,43,27,46,-1,-1,-1,-1
982,46,874,42,28,47,-1,-1,-1,-1
983,46,873,46,28,45,-1,-1,-1,-1
984,46,873,44,27,47,-1,-1,-1,-1
985,46,873,44,27,48,-1,-1,-1,-1
986,46,870,43,29,50,-1,-1,-1,-1
987,46,869,42,28,49,-1,-1,-1,-1
988,46,865,38,29,52,-1,-1,-1,-1
989,46,863,36,30,55,-1,-1,-1,-1
990,46,860,37,33,57,-1,-1,-1,-1
991,46,859,37,32,56,-1,-1,-1,-1
992,46,859,39,31,54,-1,-1,-1,-1
993,46,858,38,28,53,-1,-1,-1,-1
994,46,856,38,31,56,-1,-1,-1,-1
995,46,855,38,30,56,-1,-1,-1,-1
996,46,856,40,28,52,-1,-1,-1,-1
997,46,852,47,30,52,-1,-1,-1,-1
998,46,849,43,33,59,-1,-1,-1,-1
999,46,847,41,34,59,-1,-1,-1,-1
1000,46,854,39,28,53,-1,-1,-1,-1
1001,46,853,40,29,55,-1,-1,-1,-1
1002,46,851,44,31,54,-1,-1,-1,-1
1003,46,847,43,35,57,-1,-1,-1,-1
1004,46,847,44,33,55,-1,-1,-1,-1
1005,46,846,44,33,56,-1,-1,-1,-1
1006,46,846,45,34,55,-1,-1,-1,-1
1007,46,846,45,32,54,-1,-1,-1,-1
1008,46,845,45,30,49,-1,-1,-1,-1
998,47,341,72,32,56,-1,-1,-1,-1
999,47,333,72,33,60,-1,-1,-1,-1
1000,47,327,68,47,66,-1,-1,-1,-1
1001,47,326,71,41,64,-1,-1,-1,-1
1002,47,331,80,28,54,-1,-1,-1,-1
1003,47,329,79,29,55,-1,-1,-1,-1
1004,47,326,78,30,55,-1,-1,-1,-1
1005,47,329,78,28,54,-1,-1,-1,-1
1006,47,335,82,27,49,-1,-1,-1,-1
1007,47,331,84,28,51,-1,-1,-1,-1
1008,47,326,82,31,50,-1,-1,-1,-1
1009,47,315,84,29,49,-1,-1,-1,-1
1010,47,318,82,27,51,-1,-1,-1,-1
1011,47,320,83,28,51,-1,-1,-1,-1
1025,48,245,85,32,58,-1,-1,-1,-1
1026,48,242,82,28,60,-1,-1,-1,-1
1027,48,242,82,30,60,-1,-1,-1,-1
1028,48,237,85,34,60,-1,-1,-1,-1
1009,49,303,90,26,46,-1,-1,-1,-1
1010,49,299,90,27,47,-1,-1,-1,-1
1011,49,294,89,29,49,-1,-1,-1,-1
1012,49,291,91,32,50,-1,-1,-1,-1
1013,49,291,89,31,50,-1,-1,-1,-1
1014,49,289,88,32,51,-1,-1,-1,-1
1015,49,290,87,31,53,-1,-1,-1,-1
1016,49,287,83,32,56,-1,-1,-1,-1
1017,49,283,79,36,60,-1,-1,-1,-1
1018,49,273,78,40,60,-1,-1,-1,-1
1019,49,270,79,43,60,-1,-1,-1,-1
1020,49,280,82,32,58,-1,-1,-1,-1
1021,49,275,83,29,54,-1,-1,-1,-1
1022,49,264,89,31,51,-1,-1,-1,-1
1023,49,260,87,32,55,-1,-1,-1,-1
1024,49,262,87,30,55,-1,-1,-1,-1
1025,49,258,86,32,56,-1,-1,-1,-1
1026,49,254,82,31,59,-1,-1,-1,-1
1027,49,257,83,30,55,-1,-1,-1,-1
1028,49,252,87,34,56,-1,-1,-1,-1
1029,49,239,87,33,58,-1,-1,-1,-1
1030,49,236,83,35,61,-1,-1,-1,-1
1031,49,235,84,37,61,-1,-1,-1,-1
1032,49,227,87,41,59,-1,-1,-1,-1
1033,49,233,91,32,52,-1,-1,-1,-1
1034,49,222,85,33,58,-1,-1,-1,-1
1035,49,224,88,32,56,-1,-1,-1,-1
1036,49,220,87,37,57,-1,-1,-1,-1
1037,49,219,90,33,52,-1,-1,-1,-1
1038,49,219,87,34,54,-1,-1,-1,-1
1039,49,216,88,34,56,-1,-1,-1,-1
1056,50,129,93,35,55,-1,-1,-1,-1
1057,50,133,92,33,53,-1,-1,-1,-1
1058,50,132,90,33,53,-1,-1,-1,-1
1059,50,134,90,28,48,-1,-1,-1,-1
1060,50,124,92,32,56,-1,-1,-1,-1
1061,50,125,93,32,51,-1,-1,-1,-1
1062,50,122,92,31,51,-1,-1,-1,-1
1063,50,118,91,32,52,-1,-1,-1,-1
1064,50,112,92,34,53,-1,-1,-1,-1
1065,50,110,92,32,49,-1,-1,-1,-1
1066,50,108,93,31,50,-1,-1,-1,-1
1067,50,99,92,32,59,-1,-1,-1,-1
1068,50,86,91,41,67,-1,-1,-1,-1
1033,51,813,37,29,55,-1,-1,-1,-1
1034,51,814,35,28,56,-1,-1,-1,-1
1035,51,813,37,28,55,-1,-1,-1,-1
1036,51,811,40,32,56,-1,-1,-1,-1
1037,51,811,39,26,54,-1,-1,-1,-1
1038,51,810,40,26,54,-1,-1,-1,-1
1039,51,810,41,25,50,-1,-1,-1,-1
1040,51,809,40,25,50,-1,-1,-1,-1
1041,51,809,40,25,52,-1,-1,-1,-1
1042,51,807,39,26,52,-1,-1,-1,-1
1043,51,809,38,25,52,-1,-1,-1,-1
1044,51,804,40,28,51,-1,-1,-1,-1
1045,51,804,43,26,47,-1,-1,-1,-1
1046,51,804,43,25,45,-1,-1,-1,-1
1047,51,802,42,25,47,-1,-1,-1,-1
1048,51,800,43,26,49,-1,-1,-1,-1
1049,51,797,42,28,50,-1,-1,-1,-1
1050,51,796,39,29,51,-1,-1,-1,-1
1051,51,796,38,29,51,-1,-1,-1,-1
1052,51,795,40,31,50,-1,-1,-1,-1
1053,51,793,42,31,49,-1,-1,-1,-1
1054,51,792,40,28,53,-1,-1,-1,-1
1055,51,790,39,29,54,-1,-1,-1,-1
1056,51,790,39,29,55,-1,-1,-1,-1
1057,51,787,41,30,55,-1,-1,-1,-1
1058,51,786,42,29,54,-1,-1,-1,-1
1059,51,785,41,28,55,-1,-1,-1,-1
1060,51,785,41,29,55,-1,-1,-1,-1
1061,51,785,42,29,53,-1,-1,-1,-1
1062,51,784,44,29,52,-1,-1,-1,-1
1063,51,781,44,30,52,-1,-1,-1,-1
1064,51,780,43,30,53,-1,-1,-1,-1
1065,51,779,43,29,52,-1,-1,-1,-1
1066,51,773,41,31,54,-1,-1,-1,-1
1067,51,771,41,32,54,-1,-1,-1,-1
1068,51,771,41,31,53,-1,-1,-1,-1
1069,51,771,42,31,50,-1,-1,-1,-1
1070,51,769,42,31,51,-1,-1,-1,-1
1071,51,768,41,32,53,-1,-1,-1,-1
1072,51,769,43,30,53,-1,-1,-1,-1
1073,51,767,42,32,56,-1,-1,-1,-1
1074,51,766,40,31,56,-1,-1,-1,-1
1075,51,766,39,31,56,-1,-1,-1,-1
1076,51,765,35,29,60,-1,-1,-1,-1
1077,51,764,38,29,58,-1,-1,-1,-1
1078,51,765,38,27,56,-1,-1,-1,-1
1079,51,762,36,29,58,-1,-1,-1,-1
1080,51,760,36,30,57,-1,-1,-1,-1
1081,51,760,37,30,56,-1,-1,-1,-1
1082,51,759,37,29,56,-1,-1,-1,-1
1083,51,759,37,28,56,-1,-1,-1,-1
1084,51,756,39,27,53,-1,-1,-1,-1
1085,51,757,42,27,51,-1,-1,-1,-1
1086,51,757,41,27,52,-1,-1,-1,-1
1087,51,754,39,29,57,-1,-1,-1,-1
1088,51,753,40,30,56,-1,-1,-1,-1
1089,51,751,39,30,57,-1,-1,-1,-1
1090,51,749,40,32,57,-1,-1,-1,-1
1091,51,748,40,32,56,-1,-1,-1,-1
1092,51,746,37,34,60,-1,-1,-1,-1
1093,51,745,37,33,59,-1,-1,-1,-1
1094,51,744,38,33,60,-1,-1,-1,-1
1095,51,744,39,33,61,-1,-1,-1,-1
1096,51,743,37,33,60,-1,-1,-1,-1
1097,51,744,41,33,57,-1,-1,-1,-1
1098,51,742,38,30,57,-1,-1,-1,-1
1099,51,738,35,36,61,-1,-1,-1,-1
1100,51,732,29,35,61,-1,-1,-1,-1
1101,51,736,33,29,59,-1,-1,-1,-1
1102,51,736,34,29,58,-1,-1,-1,-1
1103,51,736,36,29,57,-1,-1,-1,-1
1104,51,735,36,30,58,-1,-1,-1,-1
