1,0,592,276,18,29,-1,-1,-1,-1
2,0,592,275,18,30,-1,-1,-1,-1
3,0,591,276,19,29,-1,-1,-1,-1
4,0,591,276,18,30,-1,-1,-1,-1
5,0,590,276,19,30,-1,-1,-1,-1
6,0,590,276,19,30,-1,-1,-1,-1
7,0,590,276,17,31,-1,-1,-1,-1
8,0,589,276,19,30,-1,-1,-1,-1
9,0,588,276,18,30,-1,-1,-1,-1
10,0,588,275,17,31,-1,-1,-1,-1
11,0,588,276,16,30,-1,-1,-1,-1
12,0,588,276,15,29,-1,-1,-1,-1
13,0,587,275,17,31,-1,-1,-1,-1
14,0,587,276,16,29,-1,-1,-1,-1
15,0,587,276,16,30,-1,-1,-1,-1
16,0,586,277,16,30,-1,-1,-1,-1
17,0,586,277,16,30,-1,-1,-1,-1
18,0,585,277,17,31,-1,-1,-1,-1
19,0,585,277,16,30,-1,-1,-1,-1
20,0,584,277,17,30,-1,-1,-1,-1
21,0,584,277,17,30,-1,-1,-1,-1
22,0,584,278,16,30,-1,-1,-1,-1
23,0,584,278,16,29,-1,-1,-1,-1
24,0,584,278,16,29,-1,-1,-1,-1
25,0,583,278,16,29,-1,-1,-1,-1
26,0,583,278,16,28,-1,-1,-1,-1
27,0,582,278,16,28,-1,-1,-1,-1
28,0,581,278,17,28,-1,-1,-1,-1
29,0,581,277,16,28,-1,-1,-1,-1
30,0,581,277,16,28,-1,-1,-1,-1
31,0,580,278,17,28,-1,-1,-1,-1
32,0,579,278,17,28,-1,-1,-1,-1
33,0,579,278,17,29,-1,-1,-1,-1
34,0,578,277,18,30,-1,-1,-1,-1
35,0,577,278,18,29,-1,-1,-1,-1
36,0,577,278,18,30,-1,-1,-1,-1
37,0,576,276,17,32,-1,-1,-1,-1
38,0,575,276,19,32,-1,-1,-1,-1
39,0,574,276,19,32,-1,-1,-1,-1
40,0,574,276,19,32,-1,-1,-1,-1
41,0,574,276,19,31,-1,-1,-1,-1
42,0,574,276,18,32,-1,-1,-1,-1
43,0,573,276,17,32,-1,-1,-1,-1
44,0,572,276,16,31,-1,-1,-1,-1
45,0,571,277,17,30,-1,-1,-1,-1
46,0,571,277,17,30,-1,-1,-1,-1
47,0,571,276,17,32,-1,-1,-1,-1
48,0,571,277,17,30,-1,-1,-1,-1
49,0,571,277,16,30,-1,-1,-1,-1
50,0,571,277,16,29,-1,-1,-1,-1
51,0,571,277,16,29,-1,-1,-1,-1
52,0,571,278,15,28,-1,-1,-1,-1
53,0,570,277,16,30,-1,-1,-1,-1
54,0,569,277,17,30,-1,-1,-1,-1
55,0,569,277,17,30,-1,-1,-1,-1
56,0,570,277,15,28,-1,-1,-1,-1
57,0,569,277,16,29,-1,-1,-1,-1
58,0,568,277,16,29,-1,-1,-1,-1
59,0,567,278,17,28,-1,-1,-1,-1
60,0,567,279,16,27,-1,-1,-1,-1
61,0,567,279,16,29,-1,-1,-1,-1
62,0,565,278,18,29,-1,-1,-1,-1
63,0,565,279,17,28,-1,-1,-1,-1
64,0,564,279,18,29,-1,-1,-1,-1
65,0,564,278,17,30,-1,-1,-1,-1
66,0,563,278,18,31,-1,-1,-1,-1
67,0,562,277,17,31,-1,-1,-1,-1
68,0,562,277,17,32,-1,-1,-1,-1
69,0,562,278,17,32,-1,-1,-1,-1
70,0,561,277,17,33,-1,-1,-1,-1
71,0,559,277,19,32,-1,-1,-1,-1
72,0,559,277,18,32,-1,-1,-1,-1
73,0,559,277,19,31,-1,-1,-1,-1
74,0,558,276,19,32,-1,-1,-1,-1
75,0,558,276,18,33,-1,-1,-1,-1
76,0,557,276,19,32,-1,-1,-1,-1
77,0,557,276,18,32,-1,-1,-1,-1
78,0,557,276,18,32,-1,-1,-1,-1
79,0,556,277,18,32,-1,-1,-1,-1
80,0,556,277,18,32,-1,-1,-1,-1
81,0,555,277,18,32,-1,-1,-1,-1
82,0,555,278,17,30,-1,-1,-1,-1
83,0,555,278,16,30,-1,-1,-1,-1
84,0,555,277,16,30,-1,-1,-1,-1
85,0,555,277,16,30,-1,-1,-1,-1
86,0,555,278,15,29,-1,-1,-1,-1
87,0,554,277,16,30,-1,-1,-1,-1
88,0,554,278,16,30,-1,-1,-1,-1
89,0,553,278,16,29,-1,-1,-1,-1
90,0,552,278,17,30,-1,-1,-1,-1
91,0,551,278,18,31,-1,-1,-1,-1
92,0,551,279,19,30,-1,-1,-1,-1
93,0,551,279,17,28,-1,-1,-1,-1
94,0,550,279,17,28,-1,-1,-1,-1
95,0,549,279,18,29,-1,-1,-1,-1
96,0,549,278,17,29,-1,-1,-1,-1
97,0,549,279,17,28,-1,-1,-1,-1
98,0,548,278,17,29,-1,-1,-1,-1
99,0,547,278,17,30,-1,-1,-1,-1
100,0,547,277,17,32,-1,-1,-1,-1
101,0,546,278,17,32,-1,-1,-1,-1
102,0,545,276,19,33,-1,-1,-1,-1
103,0,546,277,17,32,-1,-1,-1,-1
104,0,545,277,18,32,-1,-1,-1,-1
105,0,544,277,18,32,-1,-1,-1,-1
106,0,544,276,19,33,-1,-1,-1,-1
107,0,543,276,19,33,-1,-1,-1,-1
108,0,543,276,19,33,-1,-1,-1,-1
109,0,543,276,18,33,-1,-1,-1,-1
110,0,542,277,18,32,-1,-1,-1,-1
111,0,542,278,18,32,-1,-1,-1,-1
112,0,542,278,17,31,-1,-1,-1,-1
113,0,541,277,17,31,-1,-1,-1,-1
114,0,538,279,17,30,-1,-1,-1,-1
115,0,537,280,18,29,-1,-1,-1,-1
116,0,537,279,17,30,-1,-1,-1,-1
117,0,536,279,18,30,-1,-1,-1,-1
118,0,536,280,18,29,-1,-1,-1,-1
119,0,536,280,16,28,-1,-1,-1,-1
120,0,535,280,17,29,-1,-1,-1,-1
121,0,534,279,17,30,-1,-1,-1,-1
122,0,533,279,18,30,-1,-1,-1,-1
123,0,532,278,18,30,-1,-1,-1,-1
124,0,532,278,18,30,-1,-1,-1,-1
125,0,532,277,17,31,-1,-1,-1,-1
126,0,531,277,18,31,-1,-1,-1,-1
127,0,530,277,19,32,-1,-1,-1,-1
128,0,529,277,18,33,-1,-1,-1,-1
129,0,528,277,20,32,-1,-1,-1,-1
130,0,528,277,20,32,-1,-1,-1,-1
131,0,528,276,20,34,-1,-1,-1,-1
132,0,528,277,19,33,-1,-1,-1,-1
133,0,527,277,19,33,-1,-1,-1,-1
134,0,527,278,18,31,-1,-1,-1,-1
135,0,527,277,17,32,-1,-1,-1,-1
136,0,526,277,17,32,-1,-1,-1,-1
137,0,526,278,17,31,-1,-1,-1,-1
138,0,525,278,17,31,-1,-1,-1,-1
139,0,525,277,16,32,-1,-1,-1,-1
140,0,524,277,16,32,-1,-1,-1,-1
141,0,524,277,17,32,-1,-1,-1,-1
142,0,523,277,17,32,-1,-1,-1,-1
143,0,523,277,17,32,-1,-1,-1,-1
144,0,522,276,18,33,-1,-1,-1,-1
145,0,522,276,17,33,-1,-1,-1,-1
146,0,521,277,18,32,-1,-1,-1,-1
147,0,521,277,17,32,-1,-1,-1,-1
148,0,521,276,17,32,-1,-1,-1,-1
149,0,521,277,16,31,-1,-1,-1,-1
150,0,520,277,17,31,-1,-1,-1,-1
151,0,519,278,17,30,-1,-1,-1,-1
152,0,519,278,17,29,-1,-1,-1,-1
153,0,517,277,19,31,-1,-1,-1,-1
154,0,517,278,18,30,-1,-1,-1,-1
155,0,517,279,17,30,-1,-1,-1,-1
156,0,517,278,17,31,-1,-1,-1,-1
157,0,516,278,17,31,-1,-1,-1,-1
158,0,514,277,19,32,-1,-1,-1,-1
159,0,514,278,19,31,-1,-1,-1,-1
160,0,514,278,19,33,-1,-1,-1,-1
161,0,513,278,19,32,-1,-1,-1,-1
162,0,512,278,19,32,-1,-1,-1,-1
163,0,512,279,18,31,-1,-1,-1,-1
164,0,512,279,18,31,-1,-1,-1,-1
165,0,512,279,17,31,-1,-1,-1,-1
166,0,511,279,18,30,-1,-1,-1,-1
167,0,511,279,17,30,-1,-1,-1,-1
168,0,510,279,17,30,-1,-1,-1,-1
169,0,510,279,17,30,-1,-1,-1,-1
170,0,509,279,17,31,-1,-1,-1,-1
171,0,508,279,17,31,-1,-1,-1,-1
172,0,508,279,17,31,-1,-1,-1,-1
173,0,508,279,17,31,-1,-1,-1,-1
174,0,507,279,18,31,-1,-1,-1,-1
175,0,507,279,17,31,-1,-1,-1,-1
176,0,507,279,17,30,-1,-1,-1,-1
177,0,507,279,16,30,-1,-1,-1,-1
178,0,507,279,16,30,-1,-1,-1,-1
179,0,506,280,16,28,-1,-1,-1,-1
180,0,506,280,16,29,-1,-1,-1,-1
181,0,506,280,16,30,-1,-1,-1,-1
182,0,506,280,16,30,-1,-1,-1,-1
183,0,505,280,16,29,-1,-1,-1,-1
184,0,504,280,17,29,-1,-1,-1,-1
185,0,502,280,18,29,-1,-1,-1,-1
186,0,502,279,17,31,-1,-1,-1,-1
187,0,501,279,18,31,-1,-1,-1,-1
188,0,500,279,18,31,-1,-1,-1,-1
189,0,500,279,18,31,-1,-1,-1,-1
190,0,499,279,18,31,-1,-1,-1,-1
191,0,498,278,19,32,-1,-1,-1,-1
192,0,498,278,19,32,-1,-1,-1,-1
193,0,497,279,19,32,-1,-1,-1,-1
194,0,497,280,19,31,-1,-1,-1,-1
195,0,497,280,18,31,-1,-1,-1,-1
196,0,497,279,18,32,-1,-1,-1,-1
197,0,496,279,18,32,-1,-1,-1,-1
198,0,496,279,18,32,-1,-1,-1,-1
199,0,496,279,18,32,-1,-1,-1,-1
200,0,495,279,19,33,-1,-1,-1,-1
201,0,495,279,19,32,-1,-1,-1,-1
202,0,495,279,19,33,-1,-1,-1,-1
203,0,494,279,19,32,-1,-1,-1,-1
204,0,493,279,18,32,-1,-1,-1,-1
205,0,492,279,19,33,-1,-1,-1,-1
206,0,491,279,19,32,-1,-1,-1,-1
207,0,490,279,19,33,-1,-1,-1,-1
208,0,490,279,19,32,-1,-1,-1,-1
209,0,490,279,18,32,-1,-1,-1,-1
210,0,490,279,17,31,-1,-1,-1,-1
211,0,489,279,17,30,-1,-1,-1,-1
212,0,489,279,18,31,-1,-1,-1,-1
213,0,489,279,17,31,-1,-1,-1,-1
214,0,489,280,17,31,-1,-1,-1,-1
215,0,488,280,18,31,-1,-1,-1,-1
216,0,488,281,17,31,-1,-1,-1,-1
217,0,487,281,17,30,-1,-1,-1,-1
218,0,487,280,17,31,-1,-1,-1,-1
219,0,487,280,17,31,-1,-1,-1,-1
220,0,486,280,18,31,-1,-1,-1,-1
221,0,486,279,17,31,-1,-1,-1,-1
222,0,485,279,18,30,-1,-1,-1,-1
223,0,485,279,17,30,-1,-1,-1,-1
224,0,485,279,17,29,-1,-1,-1,-1
225,0,483,278,19,30,-1,-1,-1,-1
226,0,482,277,20,33,-1,-1,-1,-1
227,0,482,277,19,33,-1,-1,-1,-1
228,0,481,277,18,31,-1,-1,-1,-1
232,0,480,280,18,30,-1,-1,-1,-1
233,0,480,280,18,30,-1,-1,-1,-1
234,0,480,280,17,30,-1,-1,-1,-1
235,0,479,280,16,30,-1,-1,-1,-1
236,0,478,280,17,31,-1,-1,-1,-1
237,0,478,280,18,33,-1,-1,-1,-1
238,0,478,280,15,30,-1,-1,-1,-1
239,0,478,281,15,30,-1,-1,-1,-1
240,0,477,281,16,29,-1,-1,-1,-1
241,0,477,280,17,32,-1,-1,-1,-1
242,0,477,280,16,31,-1,-1,-1,-1
243,0,476,280,17,32,-1,-1,-1,-1
244,0,475,280,18,32,-1,-1,-1,-1
245,0,475,280,18,31,-1,-1,-1,-1
246,0,475,280,17,31,-1,-1,-1,-1
247,0,473,280,18,32,-1,-1,-1,-1
248,0,470,280,19,31,-1,-1,-1,-1
249,0,471,281,17,30,-1,-1,-1,-1
250,0,471,281,17,31,-1,-1,-1,-1
251,0,470,280,18,32,-1,-1,-1,-1
252,0,470,281,17,32,-1,-1,-1,-1
253,0,469,280,18,32,-1,-1,-1,-1
254,0,468,281,18,31,-1,-1,-1,-1
255,0,467,280,18,33,-1,-1,-1,-1
256,0,467,281,18,32,-1,-1,-1,-1
257,0,466,282,19,32,-1,-1,-1,-1
258,0,465,282,18,32,-1,-1,-1,-1
259,0,465,283,17,31,-1,-1,-1,-1
260,0,465,282,17,32,-1,-1,-1,-1
261,0,464,282,17,32,-1,-1,-1,-1
262,0,463,281,17,33,-1,-1,-1,-1
263,0,462,280,17,34,-1,-1,-1,-1
264,0,461,280,17,34,-1,-1,-1,-1
265,0,461,281,16,32,-1,-1,-1,-1
266,0,461,280,16,33,-1,-1,-1,-1
267,0,460,280,17,32,-1,-1,-1,-1
268,0,460,280,16,32,-1,-1,-1,-1
269,0,459,281,16,31,-1,-1,-1,-1
270,0,459,281,16,30,-1,-1,-1,-1
271,0,458,280,17,31,-1,-1,-1,-1
272,0,458,280,17,32,-1,-1,-1,-1
273,0,457,280,17,32,-1,-1,-1,-1
274,0,457,280,16,32,-1,-1,-1,-1
275,0,455,280,18,32,-1,-1,-1,-1
276,0,455,281,18,31,-1,-1,-1,-1
277,0,455,280,18,32,-1,-1,-1,-1
278,0,454,280,18,32,-1,-1,-1,-1
279,0,453,280,18,31,-1,-1,-1,-1
280,0,453,281,17,30,-1,-1,-1,-1
281,0,451,281,19,31,-1,-1,-1,-1
282,0,451,282,17,29,-1,-1,-1,-1
283,0,450,282,19,30,-1,-1,-1,-1
284,0,450,283,17,29,-1,-1,-1,-1
285,0,450,284,16,28,-1,-1,-1,-1
286,0,450,285,16,28,-1,-1,-1,-1
287,0,450,285,15,29,-1,-1,-1,-1
288,0,449,284,16,31,-1,-1,-1,-1
289,0,447,282,17,32,-1,-1,-1,-1
290,0,446,282,17,32,-1,-1,-1,-1
291,0,445,282,17,31,-1,-1,-1,-1
292,0,445,282,16,31,-1,-1,-1,-1
293,0,445,282,16,31,-1,-1,-1,-1
294,0,444,283,17,30,-1,-1,-1,-1
295,0,444,283,16,30,-1,-1,-1,-1
296,0,444,283,15,30,-1,-1,-1,-1
297,0,443,283,16,30,-1,-1,-1,-1
298,0,443,283,16,31,-1,-1,-1,-1
299,0,442,284,17,30,-1,-1,-1,-1
300,0,442,283,17,31,-1,-1,-1,-1
301,0,441,283,17,32,-1,-1,-1,-1
302,0,439,282,19,33,-1,-1,-1,-1
303,0,439,281,17,32,-1,-1,-1,-1
304,0,439,281,17,33,-1,-1,-1,-1
305,0,439,281,17,32,-1,-1,-1,-1
306,0,438,281,18,31,-1,-1,-1,-1
307,0,437,281,18,31,-1,-1,-1,-1
308,0,436,280,19,32,-1,-1,-1,-1
309,0,436,281,18,32,-1,-1,-1,-1
310,0,435,281,18,32,-1,-1,-1,-1
311,0,435,282,17,32,-1,-1,-1,-1
312,0,435,282,17,31,-1,-1,-1,-1
313,0,434,283,17,30,-1,-1,-1,-1
314,0,434,284,16,31,-1,-1,-1,-1
315,0,433,282,17,33,-1,-1,-1,-1
316,0,432,281,18,34,-1,-1,-1,-1
317,0,431,282,18,34,-1,-1,-1,-1
318,0,431,282,17,33,-1,-1,-1,-1
319,0,430,282,18,33,-1,-1,-1,-1
320,0,430,282,17,34,-1,-1,-1,-1
321,0,430,282,17,34,-1,-1,-1,-1
322,0,430,282,17,34,-1,-1,-1,-1
323,0,430,282,17,34,-1,-1,-1,-1
324,0,430,282,16,34,-1,-1,-1,-1
325,0,428,283,17,32,-1,-1,-1,-1
326,0,427,283,17,32,-1,-1,-1,-1
327,0,427,283,17,32,-1,-1,-1,-1
328,0,427,284,17,32,-1,-1,-1,-1
329,0,427,284,17,33,-1,-1,-1,-1
330,0,426,284,17,34,-1,-1,-1,-1
331,0,426,284,17,33,-1,-1,-1,-1
332,0,425,284,17,33,-1,-1,-1,-1
333,0,424,282,17,34,-1,-1,-1,-1
334,0,423,282,17,34,-1,-1,-1,-1
335,0,423,282,17,33,-1,-1,-1,-1
336,0,422,282,17,32,-1,-1,-1,-1
337,0,422,282,17,32,-1,-1,-1,-1
338,0,421,283,17,32,-1,-1,-1,-1
339,0,420,283,18,33,-1,-1,-1,-1
340,0,420,283,18,32,-1,-1,-1,-1
341,0,421,285,16,30,-1,-1,-1,-1
342,0,420,285,16,30,-1,-1,-1,-1
343,0,420,286,16,29,-1,-1,-1,-1
344,0,420,286,16,30,-1,-1,-1,-1
345,0,420,286,15,30,-1,-1,-1,-1
346,0,419,286,16,30,-1,-1,-1,-1
347,0,418,285,17,32,-1,-1,-1,-1
348,0,417,284,18,33,-1,-1,-1,-1
349,0,417,284,18,34,-1,-1,-1,-1
350,0,416,283,18,34,-1,-1,-1,-1
351,0,415,283,17,33,-1,-1,-1,-1
352,0,415,283,17,33,-1,-1,-1,-1
353,0,415,284,17,32,-1,-1,-1,-1
354,0,415,284,16,32,-1,-1,-1,-1
355,0,413,284,17,32,-1,-1,-1,-1
356,0,413,285,17,30,-1,-1,-1,-1
357,0,413,285,17,31,-1,-1,-1,-1
358,0,413,285,16,31,-1,-1,-1,-1
359,0,413,285,16,31,-1,-1,-1,-1
360,0,412,286,17,30,-1,-1,-1,-1
361,0,412,286,17,31,-1,-1,-1,-1
362,0,412,286,16,31,-1,-1,-1,-1
363,0,411,287,16,31,-1,-1,-1,-1
364,0,409,286,17,32,-1,-1,-1,-1
365,0,408,285,17,32,-1,-1,-1,-1
366,0,408,285,17,32,-1,-1,-1,-1
367,0,408,285,17,32,-1,-1,-1,-1
368,0,407,284,17,33,-1,-1,-1,-1
369,0,406,284,18,34,-1,-1,-1,-1
370,0,405,284,18,33,-1,-1,-1,-1
371,0,405,284,17,33,-1,-1,-1,-1
372,0,405,285,17,33,-1,-1,-1,-1
373,0,405,285,17,33,-1,-1,-1,-1
374,0,405,286,17,32,-1,-1,-1,-1
375,0,404,286,17,32,-1,-1,-1,-1
376,0,404,286,17,32,-1,-1,-1,-1
377,0,403,286,18,34,-1,-1,-1,-1
378,0,402,286,18,33,-1,-1,-1,-1
379,0,401,285,19,33,-1,-1,-1,-1
380,0,401,284,18,34,-1,-1,-1,-1
381,0,400,284,18,34,-1,-1,-1,-1
382,0,400,284,18,34,-1,-1,-1,-1
383,0,400,283,17,34,-1,-1,-1,-1
384,0,399,284,18,34,-1,-1,-1,-1
385,0,399,285,17,33,-1,-1,-1,-1
386,0,399,285,16,34,-1,-1,-1,-1
387,0,398,285,17,33,-1,-1,-1,-1
388,0,398,286,16,33,-1,-1,-1,-1
389,0,398,286,16,33,-1,-1,-1,-1
390,0,397,286,17,32,-1,-1,-1,-1
391,0,397,286,17,32,-1,-1,-1,-1
392,0,396,286,17,32,-1,-1,-1,-1
393,0,396,286,17,32,-1,-1,-1,-1
394,0,395,287,17,32,-1,-1,-1,-1
395,0,393,285,18,33,-1,-1,-1,-1
396,0,392,284,18,34,-1,-1,-1,-1
397,0,392,285,18,33,-1,-1,-1,-1
398,0,391,284,18,35,-1,-1,-1,-1
399,0,391,284,18,34,-1,-1,-1,-1
400,0,390,285,19,35,-1,-1,-1,-1
401,0,390,286,19,34,-1,-1,-1,-1
402,0,390,286,18,35,-1,-1,-1,-1
403,0,390,286,18,34,-1,-1,-1,-1
404,0,389,286,18,34,-1,-1,-1,-1
405,0,388,287,18,33,-1,-1,-1,-1
406,0,388,287,18,32,-1,-1,-1,-1
407,0,387,287,18,32,-1,-1,-1,-1
408,0,386,286,18,33,-1,-1,-1,-1
409,0,385,285,19,35,-1,-1,-1,-1
410,0,385,284,18,36,-1,-1,-1,-1
411,0,384,285,19,35,-1,-1,-1,-1
412,0,384,285,18,34,-1,-1,-1,-1
413,0,384,286,18,34,-1,-1,-1,-1
414,0,384,286,17,34,-1,-1,-1,-1
415,0,383,286,17,33,-1,-1,-1,-1
416,0,383,286,17,33,-1,-1,-1,-1
417,0,383,287,16,33,-1,-1,-1,-1
418,0,382,287,17,33,-1,-1,-1,-1
419,0,382,288,17,31,-1,-1,-1,-1
420,0,381,288,18,32,-1,-1,-1,-1
421,0,381,288,17,31,-1,-1,-1,-1
422,0,379,288,17,32,-1,-1,-1,-1
423,0,378,287,17,33,-1,-1,-1,-1
424,0,378,287,17,33,-1,-1,-1,-1
425,0,377,288,18,33,-1,-1,-1,-1
426,0,377,288,18,33,-1,-1,-1,-1
427,0,377,288,18,33,-1,-1,-1,-1
428,0,375,287,19,34,-1,-1,-1,-1
429,0,375,288,19,34,-1,-1,-1,-1
430,0,375,287,18,34,-1,-1,-1,-1
431,0,374,287,19,35,-1,-1,-1,-1
432,0,374,288,18,34,-1,-1,-1,-1
433,0,374,288,18,33,-1,-1,-1,-1
434,0,373,288,18,33,-1,-1,-1,-1
435,0,373,288,18,33,-1,-1,-1,-1
436,0,372,289,18,32,-1,-1,-1,-1
437,0,372,288,17,32,-1,-1,-1,-1
438,0,370,286,18,34,-1,-1,-1,-1
439,0,370,287,17,33,-1,-1,-1,-1
440,0,370,288,17,32,-1,-1,-1,-1
441,0,370,289,16,32,-1,-1,-1,-1
442,0,370,290,16,31,-1,-1,-1,-1
443,0,369,289,16,32,-1,-1,-1,-1
444,0,369,289,16,31,-1,-1,-1,-1
445,0,368,289,16,31,-1,-1,-1,-1
446,0,367,289,17,31,-1,-1,-1,-1
447,0,367,289,17,31,-1,-1,-1,-1
448,0,367,289,16,30,-1,-1,-1,-1
449,0,366,289,17,30,-1,-1,-1,-1
450,0,365,289,18,31,-1,-1,-1,-1
451,0,365,289,17,31,-1,-1,-1,-1
452,0,365,289,17,31,-1,-1,-1,-1
453,0,364,289,18,31,-1,-1,-1,-1
454,0,364,290,17,30,-1,-1,-1,-1
455,0,363,290,17,31,-1,-1,-1,-1
456,0,362,290,18,31,-1,-1,-1,-1
457,0,362,290,18,31,-1,-1,-1,-1
458,0,361,289,18,33,-1,-1,-1,-1
459,0,360,289,19,33,-1,-1,-1,-1
460,0,360,290,19,33,-1,-1,-1,-1
461,0,360,290,19,33,-1,-1,-1,-1
462,0,360,290,19,33,-1,-1,-1,-1
463,0,360,290,19,33,-1,-1,-1,-1
464,0,360,290,19,33,-1,-1,-1,-1
465,0,360,290,19,33,-1,-1,-1,-1
466,0,359,290,19,33,-1,-1,-1,-1
467,0,358,289,20,34,-1,-1,-1,-1
468,0,358,289,19,35,-1,-1,-1,-1
469,0,358,289,18,34,-1,-1,-1,-1
470,0,357,290,18,33,-1,-1,-1,-1
471,0,357,290,17,33,-1,-1,-1,-1
472,0,356,290,17,33,-1,-1,-1,-1
473,0,356,291,17,31,-1,-1,-1,-1
474,0,356,290,17,32,-1,-1,-1,-1
475,0,355,292,17,31,-1,-1,-1,-1
476,0,355,293,17,30,-1,-1,-1,-1
477,0,354,293,17,31,-1,-1,-1,-1
478,0,354,293,17,31,-1,-1,-1,-1
479,0,354,293,17,30,-1,-1,-1,-1
480,0,353,293,17,30,-1,-1,-1,-1
481,0,353,293,16,30,-1,-1,-1,-1
482,0,352,294,17,28,-1,-1,-1,-1
483,0,352,293,16,29,-1,-1,-1,-1
484,0,351,292,17,31,-1,-1,-1,-1
485,0,349,292,19,29,-1,-1,-1,-1
486,0,350,293,18,29,-1,-1,-1,-1
487,0,348,293,19,29,-1,-1,-1,-1
488,0,348,293,19,29,-1,-1,-1,-1
489,0,347,292,19,31,-1,-1,-1,-1
490,0,346,291,20,32,-1,-1,-1,-1
491,0,346,292,21,32,-1,-1,-1,-1
492,0,346,292,20,32,-1,-1,-1,-1
493,0,345,292,20,32,-1,-1,-1,-1
494,0,344,291,21,33,-1,-1,-1,-1
495,0,344,291,20,33,-1,-1,-1,-1
496,0,344,291,20,33,-1,-1,-1,-1
497,0,344,291,20,33,-1,-1,-1,-1
498,0,344,291,20,33,-1,-1,-1,-1
499,0,343,291,20,32,-1,-1,-1,-1
500,0,343,291,19,33,-1,-1,-1,-1
501,0,342,291,19,33,-1,-1,-1,-1
502,0,341,291,19,33,-1,-1,-1,-1
503,0,341,292,18,32,-1,-1,-1,-1
504,0,341,291,18,32,-1,-1,-1,-1
505,0,341,292,17,31,-1,-1,-1,-1
506,0,340,292,18,32,-1,-1,-1,-1
507,0,340,293,17,31,-1,-1,-1,-1
508,0,340,293,17,31,-1,-1,-1,-1
509,0,339,293,17,30,-1,-1,-1,-1
510,0,339,293,16,30,-1,-1,-1,-1
511,0,338,293,17,31,-1,-1,-1,-1
512,0,338,293,17,31,-1,-1,-1,-1
513,0,338,292,17,33,-1,-1,-1,-1
514,0,338,293,17,32,-1,-1,-1,-1
515,0,337,293,18,32,-1,-1,-1,-1
516,0,336,294,19,31,-1,-1,-1,-1
517,0,335,293,19,32,-1,-1,-1,-1
518,0,335,293,19,33,-1,-1,-1,-1
519,0,334,294,19,33,-1,-1,-1,-1
520,0,333,295,19,32,-1,-1,-1,-1
521,0,333,294,19,33,-1,-1,-1,-1
522,0,332,294,20,33,-1,-1,-1,-1
523,0,332,294,20,34,-1,-1,-1,-1
524,0,331,294,19,33,-1,-1,-1,-1
525,0,331,294,19,33,-1,-1,-1,-1
526,0,331,294,18,33,-1,-1,-1,-1
527,0,329,294,20,33,-1,-1,-1,-1
528,0,329,294,20,33,-1,-1,-1,-1
529,0,329,294,19,32,-1,-1,-1,-1
530,0,329,294,19,32,-1,-1,-1,-1
531,0,329,294,19,32,-1,-1,-1,-1
532,0,328,294,19,33,-1,-1,-1,-1
533,0,328,295,19,32,-1,-1,-1,-1
534,0,328,295,18,31,-1,-1,-1,-1
535,0,327,295,19,32,-1,-1,-1,-1
536,0,327,295,18,31,-1,-1,-1,-1
537,0,327,294,18,32,-1,-1,-1,-1
538,0,326,294,18,32,-1,-1,-1,-1
539,0,325,295,18,31,-1,-1,-1,-1
540,0,324,295,18,31,-1,-1,-1,-1
541,0,324,296,17,30,-1,-1,-1,-1
542,0,324,296,17,30,-1,-1,-1,-1
543,0,324,295,17,31,-1,-1,-1,-1
544,0,323,295,17,31,-1,-1,-1,-1
545,0,323,295,17,32,-1,-1,-1,-1
546,0,323,295,17,32,-1,-1,-1,-1
547,0,322,295,17,32,-1,-1,-1,-1
548,0,322,295,18,32,-1,-1,-1,-1
549,0,322,295,18,32,-1,-1,-1,-1
550,0,322,295,18,32,-1,-1,-1,-1
551,0,322,295,18,32,-1,-1,-1,-1
552,0,321,295,18,32,-1,-1,-1,-1
553,0,321,295,18,32,-1,-1,-1,-1
554,0,321,295,17,31,-1,-1,-1,-1
555,0,320,296,17,30,-1,-1,-1,-1
556,0,320,295,17,31,-1,-1,-1,-1
557,0,319,295,17,30,-1,-1,-1,-1
558,0,319,295,17,30,-1,-1,-1,-1
559,0,318,295,17,31,-1,-1,-1,-1
560,0,317,294,19,32,-1,-1,-1,-1
561,0,317,294,19,32,-1,-1,-1,-1
562,0,316,294,19,32,-1,-1,-1,-1
563,0,315,294,20,32,-1,-1,-1,-1
564,0,316,294,18,31,-1,-1,-1,-1
565,0,316,295,18,30,-1,-1,-1,-1
566,0,316,295,18,32,-1,-1,-1,-1
567,0,316,295,18,31,-1,-1,-1,-1
568,0,315,295,19,32,-1,-1,-1,-1
569,0,315,295,19,33,-1,-1,-1,-1
570,0,315,296,18,32,-1,-1,-1,-1
571,0,314,296,19,33,-1,-1,-1,-1
572,0,313,296,19,33,-1,-1,-1,-1
573,0,313,296,19,33,-1,-1,-1,-1
574,0,312,297,19,33,-1,-1,-1,-1
575,0,312,297,19,33,-1,-1,-1,-1
576,0,312,297,19,33,-1,-1,-1,-1
577,0,312,298,18,32,-1,-1,-1,-1
578,0,312,297,19,33,-1,-1,-1,-1
579,0,312,297,19,33,-1,-1,-1,-1
580,0,312,297,19,34,-1,-1,-1,-1
581,0,311,296,19,35,-1,-1,-1,-1
582,0,311,297,19,34,-1,-1,-1,-1
583,0,311,297,18,33,-1,-1,-1,-1
584,0,311,298,18,33,-1,-1,-1,-1
585,0,311,298,18,33,-1,-1,-1,-1
586,0,311,298,17,33,-1,-1,-1,-1
587,0,311,298,17,33,-1,-1,-1,-1
588,0,310,298,18,32,-1,-1,-1,-1
589,0,310,297,18,34,-1,-1,-1,-1
590,0,310,297,18,33,-1,-1,-1,-1
591,0,309,297,18,35,-1,-1,-1,-1
592,0,308,297,18,34,-1,-1,-1,-1
593,0,309,298,17,33,-1,-1,-1,-1
594,0,308,299,18,33,-1,-1,-1,-1
595,0,308,299,17,33,-1,-1,-1,-1
596,0,307,298,18,33,-1,-1,-1,-1
597,0,307,298,17,33,-1,-1,-1,-1
598,0,306,299,18,34,-1,-1,-1,-1
599,0,306,299,18,33,-1,-1,-1,-1
600,0,306,299,18,34,-1,-1,-1,-1
601,0,306,300,18,34,-1,-1,-1,-1
602,0,306,300,17,34,-1,-1,-1,-1
603,0,306,301,17,34,-1,-1,-1,-1
604,0,306,301,16,34,-1,-1,-1,-1
605,0,305,302,17,33,-1,-1,-1,-1
606,0,305,302,17,32,-1,-1,-1,-1
607,0,305,302,17,32,-1,-1,-1,-1
608,0,304,301,17,33,-1,-1,-1,-1
609,0,304,301,17,33,-1,-1,-1,-1
610,0,304,301,17,33,-1,-1,-1,-1
611,0,304,301,17,33,-1,-1,-1,-1
612,0,303,300,17,35,-1,-1,-1,-1
613,0,302,300,18,35,-1,-1,-1,-1
614,0,301,300,18,35,-1,-1,-1,-1
615,0,301,300,18,36,-1,-1,-1,-1
616,0,301,300,18,35,-1,-1,-1,-1
617,0,300,300,19,35,-1,-1,-1,-1
618,0,299,300,19,35,-1,-1,-1,-1
619,0,298,299,20,36,-1,-1,-1,-1
620,0,298,300,20,37,-1,-1,-1,-1
621,0,297,300,20,37,-1,-1,-1,-1
622,0,297,300,20,37,-1,-1,-1,-1
623,0,297,300,20,38,-1,-1,-1,-1
624,0,297,301,20,36,-1,-1,-1,-1
625,0,297,303,19,35,-1,-1,-1,-1
626,0,297,303,19,35,-1,-1,-1,-1
627,0,296,302,19,36,-1,-1,-1,-1
628,0,296,303,18,35,-1,-1,-1,-1
629,0,295,302,18,35,-1,-1,-1,-1
630,0,296,302,18,36,-1,-1,-1,-1
631,0,295,302,18,36,-1,-1,-1,-1
632,0,295,302,18,36,-1,-1,-1,-1
633,0,294,303,19,35,-1,-1,-1,-1
634,0,294,303,18,35,-1,-1,-1,-1
635,0,293,304,18,34,-1,-1,-1,-1
636,0,293,304,18,34,-1,-1,-1,-1
637,0,293,303,18,35,-1,-1,-1,-1
638,0,293,304,18,34,-1,-1,-1,-1
639,0,293,304,18,34,-1,-1,-1,-1
640,0,293,304,17,34,-1,-1,-1,-1
641,0,293,303,18,35,-1,-1,-1,-1
642,0,293,303,18,35,-1,-1,-1,-1
643,0,293,303,17,34,-1,-1,-1,-1
644,0,293,304,17,33,-1,-1,-1,-1
645,0,293,304,17,33,-1,-1,-1,-1
646,0,292,305,17,32,-1,-1,-1,-1
647,0,292,305,17,32,-1,-1,-1,-1
648,0,292,304,17,33,-1,-1,-1,-1
649,0,292,304,17,33,-1,-1,-1,-1
650,0,291,304,18,32,-1,-1,-1,-1
651,0,291,304,18,32,-1,-1,-1,-1
652,0,291,305,17,32,-1,-1,-1,-1
653,0,291,305,17,34,-1,-1,-1,-1
654,0,290,306,18,34,-1,-1,-1,-1
655,0,289,309,18,33,-1,-1,-1,-1
656,0,289,308,18,35,-1,-1,-1,-1
657,0,289,307,19,34,-1,-1,-1,-1
658,0,288,306,20,35,-1,-1,-1,-1
659,0,288,306,20,35,-1,-1,-1,-1
660,0,288,308,19,33,-1,-1,-1,-1
661,0,288,308,18,33,-1,-1,-1,-1
662,0,288,308,19,34,-1,-1,-1,-1
663,0,288,309,18,33,-1,-1,-1,-1
664,0,287,309,18,33,-1,-1,-1,-1
665,0,287,310,18,33,-1,-1,-1,-1
666,0,287,309,18,34,-1,-1,-1,-1
667,0,286,309,19,34,-1,-1,-1,-1
668,0,285,309,19,34,-1,-1,-1,-1
669,0,285,309,19,34,-1,-1,-1,-1
670,0,285,309,19,34,-1,-1,-1,-1
671,0,285,309,18,34,-1,-1,-1,-1
672,0,284,309,20,34,-1,-1,-1,-1
673,0,284,309,21,34,-1,-1,-1,-1
674,0,284,309,20,34,-1,-1,-1,-1
675,0,284,309,19,34,-1,-1,-1,-1
676,0,284,310,19,33,-1,-1,-1,-1
677,0,283,309,20,34,-1,-1,-1,-1
678,0,283,309,20,34,-1,-1,-1,-1
679,0,283,308,20,35,-1,-1,-1,-1
680,0,282,308,20,35,-1,-1,-1,-1
681,0,282,308,20,36,-1,-1,-1,-1
682,0,281,308,20,36,-1,-1,-1,-1
683,0,281,307,20,37,-1,-1,-1,-1
684,0,281,307,20,37,-1,-1,-1,-1
685,0,281,306,20,39,-1,-1,-1,-1
686,0,281,306,19,39,-1,-1,-1,-1
687,0,281,307,19,38,-1,-1,-1,-1
688,0,281,307,19,39,-1,-1,-1,-1
689,0,280,307,20,39,-1,-1,-1,-1
690,0,280,306,20,41,-1,-1,-1,-1
691,0,279,306,20,41,-1,-1,-1,-1
692,0,280,307,19,39,-1,-1,-1,-1
693,0,279,307,19,39,-1,-1,-1,-1
694,0,278,308,20,39,-1,-1,-1,-1
695,0,278,308,20,40,-1,-1,-1,-1
696,0,278,308,20,40,-1,-1,-1,-1
697,0,278,308,19,40,-1,-1,-1,-1
698,0,277,308,20,39,-1,-1,-1,-1
699,0,277,308,20,39,-1,-1,-1,-1
700,0,277,309,19,39,-1,-1,-1,-1
701,0,277,310,19,38,-1,-1,-1,-1
702,0,277,310,19,38,-1,-1,-1,-1
703,0,277,311,19,37,-1,-1,-1,-1
704,0,277,311,18,37,-1,-1,-1,-1
705,0,277,312,18,36,-1,-1,-1,-1
706,0,277,314,17,34,-1,-1,-1,-1
707,0,276,314,18,35,-1,-1,-1,-1
708,0,276,314,18,36,-1,-1,-1,-1
709,0,276,314,18,35,-1,-1,-1,-1
710,0,275,313,19,36,-1,-1,-1,-1
711,0,275,312,19,38,-1,-1,-1,-1
712,0,274,312,20,38,-1,-1,-1,-1
713,0,274,314,18,36,-1,-1,-1,-1
714,0,275,316,18,33,-1,-1,-1,-1
715,0,275,317,18,34,-1,-1,-1,-1
716,0,275,317,18,35,-1,-1,-1,-1
717,0,275,317,18,35,-1,-1,-1,-1
718,0,275,316,19,36,-1,-1,-1,-1
719,0,274,317,19,35,-1,-1,-1,-1
720,0,274,317,19,35,-1,-1,-1,-1
721,0,274,316,19,36,-1,-1,-1,-1
722,0,274,316,19,36,-1,-1,-1,-1
723,0,274,316,19,36,-1,-1,-1,-1
724,0,273,316,20,37,-1,-1,-1,-1
725,0,273,317,19,36,-1,-1,-1,-1
726,0,273,317,20,37,-1,-1,-1,-1
727,0,273,317,20,37,-1,-1,-1,-1
728,0,274,317,19,36,-1,-1,-1,-1
729,0,274,318,19,35,-1,-1,-1,-1
730,0,274,318,19,36,-1,-1,-1,-1
731,0,274,318,19,36,-1,-1,-1,-1
732,0,273,318,20,36,-1,-1,-1,-1
733,0,274,318,19,36,-1,-1,-1,-1
734,0,273,319,20,36,-1,-1,-1,-1
735,0,274,321,19,34,-1,-1,-1,-1
736,0,274,320,20,35,-1,-1,-1,-1
737,0,274,320,19,35,-1,-1,-1,-1
738,0,274,320,20,36,-1,-1,-1,-1
739,0,274,321,20,35,-1,-1,-1,-1
740,0,274,319,20,36,-1,-1,-1,-1
741,0,275,319,20,37,-1,-1,-1,-1
742,0,275,319,20,37,-1,-1,-1,-1
743,0,275,319,20,37,-1,-1,-1,-1
744,0,275,320,20,36,-1,-1,-1,-1
745,0,276,321,19,37,-1,-1,-1,-1
746,0,275,321,20,37,-1,-1,-1,-1
747,0,276,322,19,36,-1,-1,-1,-1
748,0,276,322,19,36,-1,-1,-1,-1
749,0,276,322,19,37,-1,-1,-1,-1
750,0,276,322,19,37,-1,-1,-1,-1
751,0,277,322,18,36,-1,-1,-1,-1
752,0,276,322,20,37,-1,-1,-1,-1
753,0,276,322,20,37,-1,-1,-1,-1
754,0,276,323,20,36,-1,-1,-1,-1
755,0,277,323,19,36,-1,-1,-1,-1
756,0,277,324,19,35,-1,-1,-1,-1
757,0,277,324,19,35,-1,-1,-1,-1
758,0,277,324,19,35,-1,-1,-1,-1
759,0,277,325,19,36,-1,-1,-1,-1
760,0,277,324,19,36,-1,-1,-1,-1
761,0,277,324,19,36,-1,-1,-1,-1
762,0,277,324,19,36,-1,-1,-1,-1
763,0,277,324,19,36,-1,-1,-1,-1
764,0,277,324,19,37,-1,-1,-1,-1
765,0,277,325,19,38,-1,-1,-1,-1
766,0,277,326,19,37,-1,-1,-1,-1
767,0,278,326,18,38,-1,-1,-1,-1
768,0,278,327,19,37,-1,-1,-1,-1
769,0,278,327,19,38,-1,-1,-1,-1
770,0,278,327,19,37,-1,-1,-1,-1
771,0,278,326,19,38,-1,-1,-1,-1
772,0,278,326,19,38,-1,-1,-1,-1
773,0,278,326,19,40,-1,-1,-1,-1
774,0,278,327,19,39,-1,-1,-1,-1
775,0,278,328,19,37,-1,-1,-1,-1
776,0,278,329,19,37,-1,-1,-1,-1
777,0,278,330,18,36,-1,-1,-1,-1
778,0,278,330,19,36,-1,-1,-1,-1
779,0,278,330,18,37,-1,-1,-1,-1
780,0,278,330,18,36,-1,-1,-1,-1
781,0,278,330,18,36,-1,-1,-1,-1
782,0,278,329,18,38,-1,-1,-1,-1
783,0,277,330,19,38,-1,-1,-1,-1
784,0,277,331,19,37,-1,-1,-1,-1
785,0,277,332,19,36,-1,-1,-1,-1
786,0,278,332,18,36,-1,-1,-1,-1
787,0,278,333,18,35,-1,-1,-1,-1
788,0,278,333,18,36,-1,-1,-1,-1
789,0,277,333,19,36,-1,-1,-1,-1
790,0,278,332,18,37,-1,-1,-1,-1
791,0,278,332,18,37,-1,-1,-1,-1
792,0,278,333,18,36,-1,-1,-1,-1
793,0,278,332,19,37,-1,-1,-1,-1
794,0,278,333,18,36,-1,-1,-1,-1
795,0,278,333,19,37,-1,-1,-1,-1
796,0,278,334,18,36,-1,-1,-1,-1
797,0,277,334,19,37,-1,-1,-1,-1
798,0,277,334,19,37,-1,-1,-1,-1
799,0,277,334,20,37,-1,-1,-1,-1
800,0,278,334,18,37,-1,-1,-1,-1
801,0,277,334,19,37,-1,-1,-1,-1
802,0,277,334,19,37,-1,-1,-1,-1
803,0,277,334,19,38,-1,-1,-1,-1
804,0,277,334,19,39,-1,-1,-1,-1
805,0,277,335,19,38,-1,-1,-1,-1
806,0,276,335,20,38,-1,-1,-1,-1
807,0,276,336,20,37,-1,-1,-1,-1
808,0,276,336,20,38,-1,-1,-1,-1
809,0,276,336,20,37,-1,-1,-1,-1
810,0,276,335,20,39,-1,-1,-1,-1
811,0,276,335,20,39,-1,-1,-1,-1
812,0,277,336,18,37,-1,-1,-1,-1
813,0,276,336,20,38,-1,-1,-1,-1
814,0,276,337,20,38,-1,-1,-1,-1
815,0,275,337,21,39,-1,-1,-1,-1
816,0,276,338,19,39,-1,-1,-1,-1
817,0,275,339,20,38,-1,-1,-1,-1
818,0,275,340,19,38,-1,-1,-1,-1
819,0,275,340,20,38,-1,-1,-1,-1
820,0,274,341,20,38,-1,-1,-1,-1
821,0,274,340,20,38,-1,-1,-1,-1
822,0,274,339,20,39,-1,-1,-1,-1
823,0,274,339,20,39,-1,-1,-1,-1
824,0,274,339,20,39,-1,-1,-1,-1
825,0,275,339,19,39,-1,-1,-1,-1
826,0,275,340,20,40,-1,-1,-1,-1
827,0,274,341,21,40,-1,-1,-1,-1
828,0,274,341,20,40,-1,-1,-1,-1
829,0,274,341,20,41,-1,-1,-1,-1
830,0,273,341,21,41,-1,-1,-1,-1
831,0,273,341,21,41,-1,-1,-1,-1
832,0,273,340,21,42,-1,-1,-1,-1
833,0,274,340,20,42,-1,-1,-1,-1
834,0,274,341,20,41,-1,-1,-1,-1
835,0,273,341,21,42,-1,-1,-1,-1
836,0,273,342,21,41,-1,-1,-1,-1
837,0,274,342,19,41,-1,-1,-1,-1
838,0,274,344,19,40,-1,-1,-1,-1
839,0,272,344,22,42,-1,-1,-1,-1
840,0,273,344,21,42,-1,-1,-1,-1
841,0,272,343,22,43,-1,-1,-1,-1
842,0,272,343,22,43,-1,-1,-1,-1
843,0,272,342,22,44,-1,-1,-1,-1
844,0,272,342,21,44,-1,-1,-1,-1
845,0,272,342,21,43,-1,-1,-1,-1
846,0,272,343,21,43,-1,-1,-1,-1
847,0,272,344,21,43,-1,-1,-1,-1
848,0,272,345,21,42,-1,-1,-1,-1
849,0,272,346,22,41,-1,-1,-1,-1
850,0,271,346,22,41,-1,-1,-1,-1
851,0,271,346,22,41,-1,-1,-1,-1
852,0,271,346,22,41,-1,-1,-1,-1
853,0,271,346,22,41,-1,-1,-1,-1
854,0,271,346,22,41,-1,-1,-1,-1
855,0,271,346,21,41,-1,-1,-1,-1
856,0,271,346,21,41,-1,-1,-1,-1
857,0,270,347,22,41,-1,-1,-1,-1
858,0,270,347,22,41,-1,-1,-1,-1
859,0,270,348,22,40,-1,-1,-1,-1
860,0,271,349,20,39,-1,-1,-1,-1
861,0,270,349,21,39,-1,-1,-1,-1
862,0,270,349,21,40,-1,-1,-1,-1
863,0,269,348,21,42,-1,-1,-1,-1
864,0,269,347,22,42,-1,-1,-1,-1
865,0,269,348,21,42,-1,-1,-1,-1
866,0,269,348,21,42,-1,-1,-1,-1
867,0,268,349,22,42,-1,-1,-1,-1
868,0,269,351,20,42,-1,-1,-1,-1
869,0,268,353,21,42,-1,-1,-1,-1
870,0,268,354,21,40,-1,-1,-1,-1
871,0,268,353,21,41,-1,-1,-1,-1
872,0,268,352,21,41,-1,-1,-1,-1
873,0,268,352,21,41,-1,-1,-1,-1
874,0,268,352,21,41,-1,-1,-1,-1
875,0,268,353,21,41,-1,-1,-1,-1
876,0,267,353,22,42,-1,-1,-1,-1
877,0,267,354,22,42,-1,-1,-1,-1
878,0,267,355,22,41,-1,-1,-1,-1
879,0,267,356,20,43,-1,-1,-1,-1
880,0,268,357,20,40,-1,-1,-1,-1
881,0,267,357,22,40,-1,-1,-1,-1
882,0,267,356,22,42,-1,-1,-1,-1
883,0,267,355,22,43,-1,-1,-1,-1
884,0,266,356,23,43,-1,-1,-1,-1
885,0,266,354,22,47,-1,-1,-1,-1
886,0,266,354,22,47,-1,-1,-1,-1
887,0,266,354,22,47,-1,-1,-1,-1
888,0,266,355,22,46,-1,-1,-1,-1
889,0,266,356,22,45,-1,-1,-1,-1
890,0,266,357,21,45,-1,-1,-1,-1
891,0,266,358,21,44,-1,-1,-1,-1
892,0,266,359,22,43,-1,-1,-1,-1
893,0,266,359,22,42,-1,-1,-1,-1
894,0,266,358,22,44,-1,-1,-1,-1
895,0,265,358,23,44,-1,-1,-1,-1
896,0,266,358,21,45,-1,-1,-1,-1
897,0,266,360,21,43,-1,-1,-1,-1
898,0,266,361,20,43,-1,-1,-1,-1
899,0,266,362,20,42,-1,-1,-1,-1
900,0,266,363,20,41,-1,-1,-1,-1
901,0,266,363,20,41,-1,-1,-1,-1
902,0,266,362,20,42,-1,-1,-1,-1
903,0,266,362,20,42,-1,-1,-1,-1
904,0,265,361,21,43,-1,-1,-1,-1
905,0,265,361,20,44,-1,-1,-1,-1
906,0,264,361,21,44,-1,-1,-1,-1
907,0,264,362,20,43,-1,-1,-1,-1
908,0,263,363,21,44,-1,-1,-1,-1
909,0,263,363,22,45,-1,-1,-1,-1
910,0,263,364,22,45,-1,-1,-1,-1
911,0,262,365,22,44,-1,-1,-1,-1
912,0,261,364,23,45,-1,-1,-1,-1
913,0,261,364,22,45,-1,-1,-1,-1
914,0,261,365,22,44,-1,-1,-1,-1
915,0,261,365,22,44,-1,-1,-1,-1
916,0,261,365,21,44,-1,-1,-1,-1
917,0,261,366,21,44,-1,-1,-1,-1
918,0,261,366,20,44,-1,-1,-1,-1
919,0,261,368,20,43,-1,-1,-1,-1
920,0,261,368,20,43,-1,-1,-1,-1
921,0,262,371,18,41,-1,-1,-1,-1
922,0,261,371,19,40,-1,-1,-1,-1
923,0,261,370,19,42,-1,-1,-1,-1
924,0,260,369,20,43,-1,-1,-1,-1
925,0,259,368,21,45,-1,-1,-1,-1
926,0,259,368,21,44,-1,-1,-1,-1
927,0,259,368,20,46,-1,-1,-1,-1
928,0,258,370,21,44,-1,-1,-1,-1
929,0,258,372,21,42,-1,-1,-1,-1
930,0,258,372,21,43,-1,-1,-1,-1
931,0,258,373,21,42,-1,-1,-1,-1
932,0,257,372,22,44,-1,-1,-1,-1
933,0,256,372,22,43,-1,-1,-1,-1
934,0,256,371,22,45,-1,-1,-1,-1
935,0,256,372,21,42,-1,-1,-1,-1
936,0,255,372,22,44,-1,-1,-1,-1
937,0,255,373,21,43,-1,-1,-1,-1
938,0,255,373,20,45,-1,-1,-1,-1
939,0,254,374,21,44,-1,-1,-1,-1
940,0,254,375,21,43,-1,-1,-1,-1
941,0,254,375,21,43,-1,-1,-1,-1
942,0,254,376,21,42,-1,-1,-1,-1
943,0,253,375,23,43,-1,-1,-1,-1
944,0,253,374,22,44,-1,-1,-1,-1
945,0,252,374,23,44,-1,-1,-1,-1
946,0,252,374,23,45,-1,-1,-1,-1
947,0,251,374,24,45,-1,-1,-1,-1
948,0,251,375,23,46,-1,-1,-1,-1
949,0,251,376,22,45,-1,-1,-1,-1
950,0,249,378,24,45,-1,-1,-1,-1
951,0,249,379,24,44,-1,-1,-1,-1
952,0,249,378,24,45,-1,-1,-1,-1
953,0,250,378,22,46,-1,-1,-1,-1
954,0,249,378,23,45,-1,-1,-1,-1
955,0,248,378,22,46,-1,-1,-1,-1
956,0,248,378,22,47,-1,-1,-1,-1
957,0,248,378,22,48,-1,-1,-1,-1
958,0,246,379,23,47,-1,-1,-1,-1
959,0,245,380,23,46,-1,-1,-1,-1
960,0,245,382,23,45,-1,-1,-1,-1
961,0,245,383,22,44,-1,-1,-1,-1
962,0,245,383,22,44,-1,-1,-1,-1
963,0,244,383,22,43,-1,-1,-1,-1
964,0,243,383,23,44,-1,-1,-1,-1
965,0,243,383,23,44,-1,-1,-1,-1
966,0,243,383,22,45,-1,-1,-1,-1
967,0,242,383,23,45,-1,-1,-1,-1
968,0,242,385,22,43,-1,-1,-1,-1
969,0,242,386,23,43,-1,-1,-1,-1
970,0,242,388,22,42,-1,-1,-1,-1
971,0,242,388,23,43,-1,-1,-1,-1
972,0,241,388,24,43,-1,-1,-1,-1
973,0,240,388,25,43,-1,-1,-1,-1
974,0,239,387,25,44,-1,-1,-1,-1
975,0,239,387,25,44,-1,-1,-1,-1
976,0,239,387,25,45,-1,-1,-1,-1
977,0,238,388,25,44,-1,-1,-1,-1
978,0,238,389,24,44,-1,-1,-1,-1
979,0,236,389,26,46,-1,-1,-1,-1
980,0,236,390,25,45,-1,-1,-1,-1
981,0,236,390,26,46,-1,-1,-1,-1
982,0,236,390,26,46,-1,-1,-1,-1
983,0,236,390,25,46,-1,-1,-1,-1
984,0,236,390,25,45,-1,-1,-1,-1
985,0,236,390,24,45,-1,-1,-1,-1
986,0,236,391,24,45,-1,-1,-1,-1
987,0,235,390,25,46,-1,-1,-1,-1
988,0,235,392,24,46,-1,-1,-1,-1
989,0,234,393,24,49,-1,-1,-1,-1
990,0,233,394,25,49,-1,-1,-1,-1
991,0,235,395,23,48,-1,-1,-1,-1
992,0,234,395,24,49,-1,-1,-1,-1
993,0,234,395,24,50,-1,-1,-1,-1
994,0,234,395,24,49,-1,-1,-1,-1
995,0,234,396,24,49,-1,-1,-1,-1
996,0,234,396,23,49,-1,-1,-1,-1
997,0,234,396,22,50,-1,-1,-1,-1
998,0,234,397,21,49,-1,-1,-1,-1
999,0,233,396,22,50,-1,-1,-1,-1
1000,0,233,397,22,49,-1,-1,-1,-1
1001,0,233,398,22,48,-1,-1,-1,-1
1002,0,233,399,21,47,-1,-1,-1,-1
1003,0,232,399,22,47,-1,-1,-1,-1
1004,0,232,399,21,47,-1,-1,-1,-1
1005,0,232,400,20,45,-1,-1,-1,-1
1006,0,230,399,22,47,-1,-1,-1,-1
1007,0,229,399,23,47,-1,-1,-1,-1
1008,0,228,398,24,50,-1,-1,-1,-1
1009,0,228,399,23,50,-1,-1,-1,-1
1010,0,228,401,23,49,-1,-1,-1,-1
1011,0,228,403,22,46,-1,-1,-1,-1
1012,0,226,403,24,48,-1,-1,-1,-1
1013,0,225,403,24,48,-1,-1,-1,-1
1014,0,224,403,25,50,-1,-1,-1,-1
1015,0,222,401,25,52,-1,-1,-1,-1
1016,0,222,402,25,50,-1,-1,-1,-1
1017,0,221,401,26,51,-1,-1,-1,-1
1018,0,220,402,26,52,-1,-1,-1,-1
1019,0,220,403,25,53,-1,-1,-1,-1
1020,0,219,403,27,54,-1,-1,-1,-1
1021,0,219,403,26,54,-1,-1,-1,-1
1022,0,219,405,26,52,-1,-1,-1,-1
1023,0,218,406,27,52,-1,-1,-1,-1
1024,0,218,409,26,49,-1,-1,-1,-1
1025,0,219,409,24,49,-1,-1,-1,-1
1026,0,218,408,23,50,-1,-1,-1,-1
1027,0,217,409,23,50,-1,-1,-1,-1
1028,0,218,409,22,50,-1,-1,-1,-1
1029,0,218,410,23,51,-1,-1,-1,-1
1030,0,217,410,24,52,-1,-1,-1,-1
1031,0,217,411,23,50,-1,-1,-1,-1
1032,0,217,412,22,49,-1,-1,-1,-1
1033,0,217,413,21,49,-1,-1,-1,-1
1034,0,216,414,22,48,-1,-1,-1,-1
1035,0,214,414,23,46,-1,-1,-1,-1
1036,0,214,415,22,45,-1,-1,-1,-1
1037,0,214,416,21,44,-1,-1,-1,-1
1038,0,213,418,21,44,-1,-1,-1,-1
1039,0,213,419,21,45,-1,-1,-1,-1
1040,0,211,416,24,48,-1,-1,-1,-1
1041,0,209,415,25,49,-1,-1,-1,-1
1042,0,208,416,24,49,-1,-1,-1,-1
1043,0,208,416,24,49,-1,-1,-1,-1
1044,0,207,416,25,49,-1,-1,-1,-1
1045,0,205,416,25,50,-1,-1,-1,-1
1046,0,204,417,25,49,-1,-1,-1,-1
1047,0,202,417,26,50,-1,-1,-1,-1
1048,0,202,417,25,52,-1,-1,-1,-1
1049,0,200,417,27,54,-1,-1,-1,-1
1050,0,199,419,27,52,-1,-1,-1,-1
1051,0,198,419,27,53,-1,-1,-1,-1
1052,0,196,420,27,52,-1,-1,-1,-1
1053,0,196,422,26,50,-1,-1,-1,-1
1054,0,196,421,24,51,-1,-1,-1,-1
1055,0,195,422,24,50,-1,-1,-1,-1
1056,0,194,421,25,51,-1,-1,-1,-1
1057,0,193,420,25,50,-1,-1,-1,-1
1058,0,192,420,25,53,-1,-1,-1,-1
1059,0,190,419,28,55,-1,-1,-1,-1
1060,0,188,421,29,54,-1,-1,-1,-1
1061,0,186,423,29,53,-1,-1,-1,-1
1062,0,186,424,28,53,-1,-1,-1,-1
1063,0,185,425,28,53,-1,-1,-1,-1
1064,0,185,425,26,54,-1,-1,-1,-1
1065,0,184,425,25,53,-1,-1,-1,-1
1066,0,181,425,25,52,-1,-1,-1,-1
1067,0,180,426,26,53,-1,-1,-1,-1
1068,0,178,426,27,54,-1,-1,-1,-1
1069,0,178,425,27,55,-1,-1,-1,-1
1070,0,176,426,29,55,-1,-1,-1,-1
1071,0,176,428,27,53,-1,-1,-1,-1
1072,0,175,428,27,54,-1,-1,-1,-1
1073,0,174,429,26,53,-1,-1,-1,-1
1074,0,173,428,26,54,-1,-1,-1,-1
1075,0,171,428,27,53,-1,-1,-1,-1
1076,0,171,427,27,54,-1,-1,-1,-1
1077,0,168,427,28,54,-1,-1,-1,-1
1078,0,167,427,27,54,-1,-1,-1,-1
1079,0,166,428,26,52,-1,-1,-1,-1
1080,0,166,430,24,50,-1,-1,-1,-1
1081,0,164,431,25,50,-1,-1,-1,-1
1082,0,162,431,25,52,-1,-1,-1,-1
1083,0,162,432,25,52,-1,-1,-1,-1
1084,0,162,432,23,50,-1,-1,-1,-1
1085,0,160,431,25,51,-1,-1,-1,-1
1086,0,157,429,26,54,-1,-1,-1,-1
1087,0,156,428,27,53,-1,-1,-1,-1
1088,0,155,428,27,53,-1,-1,-1,-1
1089,0,152,428,29,55,-1,-1,-1,-1
1090,0,152,429,28,54,-1,-1,-1,-1
1091,0,151,432,27,50,-1,-1,-1,-1
1092,0,148,434,28,49,-1,-1,-1,-1
1093,0,148,434,26,53,-1,-1,-1,-1
1094,0,147,434,26,49,-1,-1,-1,-1
1095,0,147,434,25,51,-1,-1,-1,-1
1096,0,147,434,25,48,-1,-1,-1,-1
1097,0,146,433,26,50,-1,-1,-1,-1
1098,0,145,434,26,52,-1,-1,-1,-1
1099,0,143,432,27,57,-1,-1,-1,-1
1100,0,143,434,26,53,-1,-1,-1,-1
1101,0,140,436,28,54,-1,-1,-1,-1
1102,0,138,438,27,54,-1,-1,-1,-1
1103,0,137,438,28,54,-1,-1,-1,-1
1104,0,136,439,28,54,-1,-1,-1,-1
1105,0,135,442,26,51,-1,-1,-1,-1
1106,0,133,441,26,52,-1,-1,-1,-1
1107,0,132,440,27,52,-1,-1,-1,-1
1108,0,130,438,29,54,-1,-1,-1,-1
1109,0,129,438,30,54,-1,-1,-1,-1
1110,0,128,439,29,54,-1,-1,-1,-1
1111,0,129,441,27,54,-1,-1,-1,-1
1112,0,128,443,27,55,-1,-1,-1,-1
1113,0,127,443,28,56,-1,-1,-1,-1
1114,0,127,444,28,55,-1,-1,-1,-1
1115,0,126,443,28,55,-1,-1,-1,-1
1116,0,125,443,27,55,-1,-1,-1,-1
1117,0,125,442,27,56,-1,-1,-1,-1
1118,0,125,442,27,59,-1,-1,-1,-1
1119,0,123,443,29,58,-1,-1,-1,-1
1120,0,121,444,28,53,-1,-1,-1,-1
1121,0,121,445,28,55,-1,-1,-1,-1
1122,0,120,446,28,55,-1,-1,-1,-1
1123,0,118,447,28,57,-1,-1,-1,-1
1124,0,117,448,28,57,-1,-1,-1,-1
1125,0,117,448,28,58,-1,-1,-1,-1
1126,0,116,448,28,58,-1,-1,-1,-1
1127,0,115,448,28,58,-1,-1,-1,-1
1128,0,114,449,28,58,-1,-1,-1,-1
1129,0,113,449,28,57,-1,-1,-1,-1
1130,0,112,449,29,57,-1,-1,-1,-1
1131,0,111,450,29,55,-1,-1,-1,-1
1132,0,110,452,30,53,-1,-1,-1,-1
1133,0,110,455,28,53,-1,-1,-1,-1
1134,0,109,456,29,54,-1,-1,-1,-1
1135,0,107,455,31,56,-1,-1,-1,-1
1136,0,107,456,29,54,-1,-1,-1,-1
1137,0,107,456,28,55,-1,-1,-1,-1
1138,0,105,457,30,54,-1,-1,-1,-1
1139,0,105,457,30,55,-1,-1,-1,-1
1140,0,104,457,29,54,-1,-1,-1,-1
1141,0,103,458,28,55,-1,-1,-1,-1
1142,0,102,460,27,57,-1,-1,-1,-1
1143,0,101,463,28,57,-1,-1,-1,-1
1144,0,101,463,28,56,-1,-1,-1,-1
1145,0,100,462,28,57,-1,-1,-1,-1
1146,0,99,462,29,58,-1,-1,-1,-1
1147,0,99,462,28,60,-1,-1,-1,-1
1148,0,97,461,30,59,-1,-1,-1,-1
1149,0,95,462,31,58,-1,-1,-1,-1
1150,0,94,461,32,61,-1,-1,-1,-1
1151,0,94,463,31,54,-1,-1,-1,-1
1152,0,94,464,31,58,-1,-1,-1,-1
1153,0,91,465,33,67,-1,-1,-1,-1
1154,0,89,467,33,67,-1,-1,-1,-1
1155,0,89,468,34,67,-1,-1,-1,-1
1156,0,88,468,33,65,-1,-1,-1,-1
1157,0,87,468,33,65,-1,-1,-1,-1
1158,0,87,469,32,61,-1,-1,-1,-1
1159,0,85,468,33,65,-1,-1,-1,-1
1160,0,84,470,35,68,-1,-1,-1,-1
1161,0,84,471,34,68,-1,-1,-1,-1
1162,0,84,471,31,67,-1,-1,-1,-1
1163,0,83,472,33,67,-1,-1,-1,-1
1164,0,83,475,32,65,-1,-1,-1,-1
1165,0,84,478,28,61,-1,-1,-1,-1
1166,0,83,478,29,61,-1,-1,-1,-1
1167,0,82,475,30,65,-1,-1,-1,-1
1168,0,81,476,32,64,-1,-1,-1,-1
1169,0,81,476,31,65,-1,-1,-1,-1
1170,0,78,478,36,66,-1,-1,-1,-1
1171,0,78,479,32,65,-1,-1,-1,-1
1172,0,78,480,32,65,-1,-1,-1,-1
1173,0,79,481,30,64,-1,-1,-1,-1
1174,0,77,484,32,60,-1,-1,-1,-1
1175,0,76,483,32,62,-1,-1,-1,-1
1176,0,76,483,32,61,-1,-1,-1,-1
1177,0,75,483,33,61,-1,-1,-1,-1
1178,0,75,483,33,62,-1,-1,-1,-1
1179,0,75,484,33,61,-1,-1,-1,-1
1180,0,75,486,34,60,-1,-1,-1,-1
1181,0,73,487,37,61,-1,-1,-1,-1
1182,0,73,488,35,61,-1,-1,-1,-1
1183,0,72,490,32,59,-1,-1,-1,-1
1184,0,72,491,32,55,-1,-1,-1,-1
1185,0,73,492,31,57,-1,-1,-1,-1
1186,0,71,493,32,56,-1,-1,-1,-1
1187,0,71,494,32,56,-1,-1,-1,-1
1188,0,69,495,30,51,-1,-1,-1,-1
1189,0,68,494,30,53,-1,-1,-1,-1
1190,0,68,494,30,51,-1,-1,-1,-1
1191,0,68,494,29,50,-1,-1,-1,-1
1192,0,67,495,30,49,-1,-1,-1,-1
1193,0,68,495,29,47,-1,-1,-1,-1
1194,0,68,495,30,48,-1,-1,-1,-1
1195,0,67,497,30,47,-1,-1,-1,-1
1234,2,5,555,36,63,-1,-1,-1,-1
1235,2,5,548,36,74,-1,-1,-1,-1
1236,2,3,559,36,68,-1,-1,-1,-1
1237,2,5,566,34,63,-1,-1,-1,-1
1238,2,5,570,31,59,-1,-1,-1,-1
1239,2,4,561,34,70,-1,-1,-1,-1
1240,2,3,560,37,74,-1,-1,-1,-1
1241,2,1,563,37,70,-1,-1,-1,-1
1242,2,2,561,37,72,-1,-1,-1,-1
1243,2,2,561,36,74,-1,-1,-1,-1
1244,2,2,557,38,81,-1,-1,-1,-1
1245,2,4,567,36,74,-1,-1,-1,-1
1246,2,2,561,39,80,-1,-1,-1,-1
1247,2,2,565,39,79,-1,-1,-1,-1
1248,2,0,563,41,91,-1,-1,-1,-1
1249,2,1,585,33,62,-1,-1,-1,-1
1250,2,1,589,30,56,-1,-1,-1,-1
1251,2,1,592,31,53,-1,-1,-1,-1
1252,2,1,590,33,57,-1,-1,-1,-1
1253,2,1,591,32,56,-1,-1,-1,-1
1255,2,1,587,33,67,-1,-1,-1,-1
1256,2,0,582,35,74,-1,-1,-1,-1
1257,2,0,592,29,61,-1,-1,-1,-1
1258,2,0,594,27,57,-1,-1,-1,-1
1259,2,0,592,27,65,-1,-1,-1,-1
1260,2,0,593,27,65,-1,-1,-1,-1
1261,2,0,591,30,69,-1,-1,-1,-1
1262,2,0,591,30,66,-1,-1,-1,-1
1263,2,0,586,35,78,-1,-1,-1,-1
1264,2,0,587,35,77,-1,-1,-1,-1
1265,2,0,589,32,72,-1,-1,-1,-1
1266,2,0,594,28,65,-1,-1,-1,-1
1267,2,0,590,31,75,-1,-1,-1,-1
1268,2,0,591,33,72,-1,-1,-1,-1
1269,2,0,588,34,80,-1,-1,-1,-1
1270,2,0,593,30,66,-1,-1,-1,-1
1271,2,0,591,34,81,-1,-1,-1,-1
1272,2,0,597,29,68,-1,-1,-1,-1
1274,2,0,596,30,84,-1,-1,-1,-1
1275,2,0,603,22,74,-1,-1,-1,-1
1276,2,0,608,23,71,-1,-1,-1,-1
1277,2,0,608,23,72,-1,-1,-1,-1
1278,2,0,608,24,73,-1,-1,-1,-1
1279,2,0,607,24,73,-1,-1,-1,-1
1280,2,0,613,23,61,-1,-1,-1,-1
1281,2,0,617,23,70,-1,-1,-1,-1
1282,2,0,619,26,63,-1,-1,-1,-1
1310,5,1241,313,18,31,-1,-1,-1,-1
1311,5,1241,313,17,31,-1,-1,-1,-1
1312,5,1241,312,18,33,-1,-1,-1,-1
1330,6,1239,312,19,31,-1,-1,-1,-1
1331,6,1238,312,19,32,-1,-1,-1,-1
1332,6,1238,312,20,32,-1,-1,-1,-1
1333,6,1238,312,19,32,-1,-1,-1,-1
1334,6,1238,312,19,32,-1,-1,-1,-1
1335,6,1238,312,19,32,-1,-1,-1,-1
1336,6,1238,313,19,31,-1,-1,-1,-1
1337,6,1239,314,19,29,-1,-1,-1,-1
1338,6,1239,313,20,31,-1,-1,-1,-1
1339,6,1239,312,20,31,-1,-1,-1,-1
1342,5,1239,312,20,31,-1,-1,-1,-1
1343,5,1239,313,20,32,-1,-1,-1,-1
1344,5,1239,314,19,30,-1,-1,-1,-1
1345,5,1238,315,20,30,-1,-1,-1,-1
1346,5,1237,314,21,32,-1,-1,-1,-1
1347,5,1236,314,22,32,-1,-1,-1,-1
1348,5,1236,314,21,31,-1,-1,-1,-1
1349,5,1236,314,20,31,-1,-1,-1,-1
1350,5,1237,314,19,32,-1,-1,-1,-1
1351,5,1237,314,20,31,-1,-1,-1,-1
1352,5,1237,314,20,32,-1,-1,-1,-1
1353,5,1238,313,18,32,-1,-1,-1,-1
1354,5,1237,313,19,32,-1,-1,-1,-1
1355,5,1237,312,19,33,-1,-1,-1,-1
1356,5,1237,311,19,34,-1,-1,-1,-1
1357,5,1237,311,16,33,-1,-1,-1,-1
1358,5,1234,310,23,34,-1,-1,-1,-1
1359,5,1236,311,17,34,-1,-1,-1,-1
1360,5,1236,311,16,33,-1,-1,-1,-1
1361,5,1234,309,19,31,-1,-1,-1,-1
1362,5,1233,310,19,33,-1,-1,-1,-1
1363,5,1234,310,15,31,-1,-1,-1,-1
1364,5,1234,310,15,32,-1,-1,-1,-1
1400,8,32,273,18,29,-1,-1,-1,-1
1401,8,33,273,18,30,-1,-1,-1,-1
1402,8,34,272,19,31,-1,-1,-1,-1
1425,9,1211,310,16,28,-1,-1,-1,-1
1426,9,1210,310,16,28,-1,-1,-1,-1
1427,9,1210,311,16,28,-1,-1,-1,-1
1428,9,1209,311,17,28,-1,-1,-1,-1
1429,9,1209,311,16,29,-1,-1,-1,-1
1430,9,1209,311,16,29,-1,-1,-1,-1
1431,9,1208,311,16,29,-1,-1,-1,-1
1432,9,1208,312,17,26,-1,-1,-1,-1
1433,9,1206,311,15,29,-1,-1,-1,-1
1434,9,1206,311,15,29,-1,-1,-1,-1
1435,9,1205,310,16,30,-1,-1,-1,-1
1436,9,1205,311,15,30,-1,-1,-1,-1
1437,9,1205,311,15,29,-1,-1,-1,-1
1438,9,1205,311,15,29,-1,-1,-1,-1
1439,9,1204,311,16,29,-1,-1,-1,-1
1440,9,1204,311,16,29,-1,-1,-1,-1
1441,9,1204,311,15,29,-1,-1,-1,-1
1442,9,1204,311,15,29,-1,-1,-1,-1
1443,9,1204,312,15,28,-1,-1,-1,-1
1444,9,1204,311,14,29,-1,-1,-1,-1
1445,9,1203,311,15,29,-1,-1,-1,-1
1446,9,1203,311,15,28,-1,-1,-1,-1
1447,9,1202,310,15,28,-1,-1,-1,-1
1448,9,1202,310,15,28,-1,-1,-1,-1
1449,9,1201,310,16,27,-1,-1,-1,-1
1450,9,1200,310,16,28,-1,-1,-1,-1
1451,9,1200,310,16,29,-1,-1,-1,-1
1452,9,1199,311,16,28,-1,-1,-1,-1
1453,9,1199,311,15,28,-1,-1,-1,-1
1454,9,1199,311,15,28,-1,-1,-1,-1
1455,9,1199,311,14,28,-1,-1,-1,-1
1456,9,1199,311,14,28,-1,-1,-1,-1
1457,9,1198,311,15,28,-1,-1,-1,-1
1458,9,1196,311,15,29,-1,-1,-1,-1
1459,9,1195,311,16,29,-1,-1,-1,-1
1460,9,1195,311,15,29,-1,-1,-1,-1
1461,9,1195,311,15,29,-1,-1,-1,-1
1462,9,1194,311,16,28,-1,-1,-1,-1
1463,9,1194,311,16,29,-1,-1,-1,-1
1464,9,1194,311,16,29,-1,-1,-1,-1
1465,9,1194,311,15,30,-1,-1,-1,-1
1466,9,1193,311,16,30,-1,-1,-1,-1
1467,9,1193,311,16,29,-1,-1,-1,-1
1468,9,1192,312,16,28,-1,-1,-1,-1
1469,9,1191,311,17,29,-1,-1,-1,-1
1470,9,1191,311,18,29,-1,-1,-1,-1
1471,9,1189,310,19,31,-1,-1,-1,-1
1472,9,1188,309,20,31,-1,-1,-1,-1
1473,9,1189,309,19,32,-1,-1,-1,-1
1474,9,1189,309,18,31,-1,-1,-1,-1
1475,9,1189,310,18,30,-1,-1,-1,-1
1476,9,1189,309,18,31,-1,-1,-1,-1
1477,9,1188,309,17,30,-1,-1,-1,-1
1478,9,1188,309,17,30,-1,-1,-1,-1
1479,9,1188,309,17,30,-1,-1,-1,-1
1480,9,1187,309,18,29,-1,-1,-1,-1
1481,9,1188,310,16,28,-1,-1,-1,-1
1482,9,1188,311,17,28,-1,-1,-1,-1
