18,0,1840,789,29,51,-1,-1,-1,-1
19,0,1840,788,29,52,-1,-1,-1,-1
20,0,1839,790,30,52,-1,-1,-1,-1
21,0,1839,789,29,51,-1,-1,-1,-1
22,0,1839,789,30,51,-1,-1,-1,-1
23,0,1838,791,29,49,-1,-1,-1,-1
19,1,1289,518,27,48,-1,-1,-1,-1
20,1,1286,516,32,53,-1,-1,-1,-1
21,1,1286,516,32,53,-1,-1,-1,-1
22,1,1286,516,32,54,-1,-1,-1,-1
23,1,1288,519,28,48,-1,-1,-1,-1
20,2,1015,936,57,106,-1,-1,-1,-1
21,2,1016,937,57,104,-1,-1,-1,-1
22,2,1016,936,57,105,-1,-1,-1,-1
23,2,1017,938,55,104,-1,-1,-1,-1
24,2,1018,936,53,104,-1,-1,-1,-1
29,3,1840,792,28,51,-1,-1,-1,-1
30,3,1840,792,28,52,-1,-1,-1,-1
31,3,1840,791,29,51,-1,-1,-1,-1
32,3,1840,792,29,50,-1,-1,-1,-1
33,3,1840,793,28,47,-1,-1,-1,-1
34,3,1840,793,28,48,-1,-1,-1,-1
35,3,1840,792,28,48,-1,-1,-1,-1
36,3,1839,791,29,50,-1,-1,-1,-1
44,0,1837,792,29,47,-1,-1,-1,-1
45,0,1837,792,29,47,-1,-1,-1,-1
46,0,1839,792,27,46,-1,-1,-1,-1
47,0,1837,792,28,47,-1,-1,-1,-1
1,5,1395,623,46,98,-1,-1,-1,-1
2,5,1398,625,47,96,-1,-1,-1,-1
3,5,1400,624,46,96,-1,-1,-1,-1
4,5,1399,623,46,101,-1,-1,-1,-1
5,5,1400,623,45,100,-1,-1,-1,-1
6,5,1400,622,45,103,-1,-1,-1,-1
7,5,1400,619,46,105,-1,-1,-1,-1
8,5,1398,616,50,107,-1,-1,-1,-1
9,5,1396,614,53,110,-1,-1,-1,-1
10,5,1396,614,53,111,-1,-1,-1,-1
11,5,1396,613,54,115,-1,-1,-1,-1
12,5,1397,614,52,114,-1,-1,-1,-1
13,5,1399,616,52,111,-1,-1,-1,-1
14,5,1397,615,53,114,-1,-1,-1,-1
15,5,1394,614,54,117,-1,-1,-1,-1
16,5,1395,615,52,114,-1,-1,-1,-1
17,5,1391,610,59,121,-1,-1,-1,-1
18,5,1394,611,63,125,-1,-1,-1,-1
19,5,1394,612,61,122,-1,-1,-1,-1
20,5,1396,613,61,122,-1,-1,-1,-1
21,5,1395,612,63,126,-1,-1,-1,-1
22,5,1398,614,61,124,-1,-1,-1,-1
23,5,1397,614,61,122,-1,-1,-1,-1
24,5,1397,617,69,121,-1,-1,-1,-1
25,5,1407,620,62,121,-1,-1,-1,-1
26,5,1411,623,61,120,-1,-1,-1,-1
27,5,1414,624,58,119,-1,-1,-1,-1
28,5,1415,625,57,119,-1,-1,-1,-1
29,5,1416,626,56,118,-1,-1,-1,-1
30,5,1417,625,54,118,-1,-1,-1,-1
31,5,1418,626,53,116,-1,-1,-1,-1
32,5,1417,626,52,117,-1,-1,-1,-1
33,5,1417,628,52,117,-1,-1,-1,-1
34,5,1418,628,51,115,-1,-1,-1,-1
35,5,1418,628,54,118,-1,-1,-1,-1
36,5,1417,628,55,117,-1,-1,-1,-1
37,5,1418,629,56,119,-1,-1,-1,-1
38,5,1419,630,56,118,-1,-1,-1,-1
39,5,1419,629,57,119,-1,-1,-1,-1
40,5,1420,630,56,119,-1,-1,-1,-1
41,5,1421,634,56,113,-1,-1,-1,-1
42,5,1421,632,57,117,-1,-1,-1,-1
43,5,1421,634,57,118,-1,-1,-1,-1
44,5,1423,635,55,115,-1,-1,-1,-1
45,5,1423,637,55,112,-1,-1,-1,-1
46,5,1425,636,54,114,-1,-1,-1,-1
47,5,1427,640,53,110,-1,-1,-1,-1
48,5,1427,641,53,111,-1,-1,-1,-1
49,5,1430,649,49,106,-1,-1,-1,-1
50,5,1430,648,50,105,-1,-1,-1,-1
51,5,1432,648,50,106,-1,-1,-1,-1
52,5,1429,650,53,101,-1,-1,-1,-1
53,5,1429,646,53,104,-1,-1,-1,-1
54,5,1433,645,53,107,-1,-1,-1,-1
55,5,1434,644,53,109,-1,-1,-1,-1
56,5,1434,645,55,108,-1,-1,-1,-1
57,5,1434,646,54,106,-1,-1,-1,-1
58,5,1436,646,55,107,-1,-1,-1,-1
59,5,1439,649,53,105,-1,-1,-1,-1
60,5,1438,648,55,111,-1,-1,-1,-1
61,5,1438,647,56,112,-1,-1,-1,-1
62,5,1439,650,54,109,-1,-1,-1,-1
63,5,1439,652,54,106,-1,-1,-1,-1
64,5,1441,652,53,112,-1,-1,-1,-1
65,5,1442,653,53,108,-1,-1,-1,-1
66,5,1442,652,52,112,-1,-1,-1,-1
67,5,1442,652,53,112,-1,-1,-1,-1
68,5,1442,654,55,112,-1,-1,-1,-1
69,5,1442,653,55,113,-1,-1,-1,-1
70,5,1444,653,55,113,-1,-1,-1,-1
71,5,1444,653,57,114,-1,-1,-1,-1
72,5,1443,655,58,112,-1,-1,-1,-1
73,5,1446,657,54,107,-1,-1,-1,-1
74,5,1446,658,54,107,-1,-1,-1,-1
75,5,1448,658,52,107,-1,-1,-1,-1
76,5,1449,658,52,109,-1,-1,-1,-1
77,5,1448,659,53,107,-1,-1,-1,-1
78,5,1446,660,56,107,-1,-1,-1,-1
79,5,1446,660,57,107,-1,-1,-1,-1
80,5,1450,659,54,111,-1,-1,-1,-1
81,5,1450,660,54,110,-1,-1,-1,-1
82,5,1450,661,55,110,-1,-1,-1,-1
83,5,1453,661,53,113,-1,-1,-1,-1
84,5,1453,662,53,113,-1,-1,-1,-1
85,5,1455,662,53,114,-1,-1,-1,-1
86,5,1455,663,55,116,-1,-1,-1,-1
87,5,1458,667,52,110,-1,-1,-1,-1
88,5,1458,667,53,109,-1,-1,-1,-1
89,5,1460,666,52,109,-1,-1,-1,-1
90,5,1460,667,52,113,-1,-1,-1,-1
91,5,1460,668,53,112,-1,-1,-1,-1
92,5,1462,669,50,112,-1,-1,-1,-1
93,5,1462,669,52,112,-1,-1,-1,-1
94,5,1463,670,52,112,-1,-1,-1,-1
95,5,1464,671,52,110,-1,-1,-1,-1
96,5,1464,672,54,111,-1,-1,-1,-1
97,5,1464,672,56,112,-1,-1,-1,-1
98,5,1464,672,57,114,-1,-1,-1,-1
99,5,1465,672,56,115,-1,-1,-1,-1
100,5,1466,672,56,115,-1,-1,-1,-1
101,5,1467,672,56,117,-1,-1,-1,-1
102,5,1468,672,56,118,-1,-1,-1,-1
103,5,1469,671,56,119,-1,-1,-1,-1
104,5,1472,671,57,118,-1,-1,-1,-1
105,5,1472,672,60,118,-1,-1,-1,-1
106,5,1475,673,60,114,-1,-1,-1,-1
107,5,1477,672,59,117,-1,-1,-1,-1
108,5,1479,673,57,115,-1,-1,-1,-1
109,5,1480,675,57,114,-1,-1,-1,-1
110,5,1479,676,57,114,-1,-1,-1,-1
111,5,1477,678,58,113,-1,-1,-1,-1
112,5,1478,681,58,111,-1,-1,-1,-1
113,5,1479,682,57,112,-1,-1,-1,-1
114,5,1480,684,56,110,-1,-1,-1,-1
115,5,1482,685,54,109,-1,-1,-1,-1
116,5,1483,685,54,110,-1,-1,-1,-1
117,5,1485,687,52,109,-1,-1,-1,-1
118,5,1485,688,54,108,-1,-1,-1,-1
119,5,1485,688,55,111,-1,-1,-1,-1
120,5,1487,688,55,111,-1,-1,-1,-1
121,5,1489,688,55,111,-1,-1,-1,-1
122,5,1489,688,56,113,-1,-1,-1,-1
123,5,1488,689,54,114,-1,-1,-1,-1
124,5,1488,689,54,116,-1,-1,-1,-1
125,5,1489,690,54,117,-1,-1,-1,-1
126,5,1491,692,56,116,-1,-1,-1,-1
127,5,1491,693,53,116,-1,-1,-1,-1
128,5,1491,694,56,117,-1,-1,-1,-1
129,5,1491,694,57,118,-1,-1,-1,-1
130,5,1492,697,56,117,-1,-1,-1,-1
131,5,1492,696,57,118,-1,-1,-1,-1
132,5,1493,695,58,118,-1,-1,-1,-1
133,5,1494,696,59,116,-1,-1,-1,-1
134,5,1495,696,58,116,-1,-1,-1,-1
135,5,1495,695,59,116,-1,-1,-1,-1
136,5,1495,693,59,118,-1,-1,-1,-1
137,5,1496,693,59,120,-1,-1,-1,-1
138,5,1498,697,57,117,-1,-1,-1,-1
139,5,1498,701,59,113,-1,-1,-1,-1
140,5,1496,697,60,117,-1,-1,-1,-1
141,5,1500,702,57,112,-1,-1,-1,-1
142,5,1502,702,56,110,-1,-1,-1,-1
143,5,1503,702,57,111,-1,-1,-1,-1
144,5,1505,702,57,114,-1,-1,-1,-1
145,5,1504,703,59,112,-1,-1,-1,-1
146,5,1507,708,58,107,-1,-1,-1,-1
147,5,1508,706,60,109,-1,-1,-1,-1
148,5,1509,707,59,109,-1,-1,-1,-1
149,5,1513,706,60,112,-1,-1,-1,-1
150,5,1513,706,61,113,-1,-1,-1,-1
151,5,1513,707,60,113,-1,-1,-1,-1
152,5,1513,706,60,114,-1,-1,-1,-1
153,5,1514,706,57,116,-1,-1,-1,-1
154,5,1515,706,58,118,-1,-1,-1,-1
155,5,1516,707,58,118,-1,-1,-1,-1
156,5,1517,708,57,117,-1,-1,-1,-1
157,5,1519,710,55,115,-1,-1,-1,-1
158,5,1519,713,55,112,-1,-1,-1,-1
159,5,1520,711,55,116,-1,-1,-1,-1
160,5,1522,712,55,116,-1,-1,-1,-1
161,5,1525,715,53,115,-1,-1,-1,-1
162,5,1527,716,53,113,-1,-1,-1,-1
163,5,1527,716,55,115,-1,-1,-1,-1
164,5,1529,719,55,114,-1,-1,-1,-1
165,5,1530,721,55,113,-1,-1,-1,-1
166,5,1529,720,56,113,-1,-1,-1,-1
167,5,1530,722,56,112,-1,-1,-1,-1
168,5,1531,721,55,114,-1,-1,-1,-1
169,5,1530,717,59,118,-1,-1,-1,-1
170,5,1530,719,58,115,-1,-1,-1,-1
171,5,1532,726,57,110,-1,-1,-1,-1
172,5,1533,736,51,99,-1,-1,-1,-1
173,5,1536,737,51,101,-1,-1,-1,-1
174,5,1537,742,51,100,-1,-1,-1,-1
175,5,1538,735,55,107,-1,-1,-1,-1
176,5,1540,725,55,119,-1,-1,-1,-1
177,5,1540,724,56,119,-1,-1,-1,-1
178,5,1542,723,58,118,-1,-1,-1,-1
179,5,1550,731,54,111,-1,-1,-1,-1
180,5,1548,730,56,113,-1,-1,-1,-1
181,5,1552,734,53,107,-1,-1,-1,-1
182,5,1551,733,54,107,-1,-1,-1,-1
183,5,1553,736,54,105,-1,-1,-1,-1
184,5,1553,737,53,105,-1,-1,-1,-1
185,5,1554,738,57,110,-1,-1,-1,-1
186,5,1555,740,57,109,-1,-1,-1,-1
187,5,1557,739,59,108,-1,-1,-1,-1
188,5,1557,738,60,110,-1,-1,-1,-1
189,5,1557,739,61,115,-1,-1,-1,-1
190,5,1560,740,60,118,-1,-1,-1,-1
191,5,1561,739,59,118,-1,-1,-1,-1
192,5,1563,739,56,118,-1,-1,-1,-1
193,5,1565,741,56,115,-1,-1,-1,-1
194,5,1567,741,54,112,-1,-1,-1,-1
195,5,1570,743,50,108,-1,-1,-1,-1
196,5,1571,743,52,110,-1,-1,-1,-1
197,5,1571,745,53,111,-1,-1,-1,-1
198,5,1573,746,49,105,-1,-1,-1,-1
199,5,1573,746,50,105,-1,-1,-1,-1
200,5,1572,746,50,103,-1,-1,-1,-1
201,5,1571,746,56,109,-1,-1,-1,-1
202,5,1572,748,53,104,-1,-1,-1,-1
203,5,1572,749,52,102,-1,-1,-1,-1
204,5,1573,750,52,103,-1,-1,-1,-1
205,5,1574,758,46,104,-1,-1,-1,-1
206,5,1574,764,46,106,-1,-1,-1,-1
207,5,1575,769,44,99,-1,-1,-1,-1
208,5,1574,766,44,100,-1,-1,-1,-1
209,5,1575,764,49,100,-1,-1,-1,-1
210,5,1580,767,44,94,-1,-1,-1,-1
211,5,1581,764,50,96,-1,-1,-1,-1
223,6,1586,773,68,116,-1,-1,-1,-1
224,6,1584,768,70,120,-1,-1,-1,-1
225,6,1584,767,75,120,-1,-1,-1,-1
226,6,1586,766,75,122,-1,-1,-1,-1
227,6,1600,765,62,120,-1,-1,-1,-1
228,6,1606,765,55,119,-1,-1,-1,-1
229,6,1611,769,48,116,-1,-1,-1,-1
230,6,1605,766,58,124,-1,-1,-1,-1
231,6,1608,769,53,123,-1,-1,-1,-1
232,6,1613,781,45,98,-1,-1,-1,-1
233,6,1620,773,42,101,-1,-1,-1,-1
234,6,1621,769,42,98,-1,-1,-1,-1
235,6,1619,770,44,101,-1,-1,-1,-1
236,6,1616,769,48,109,-1,-1,-1,-1
237,6,1616,777,53,100,-1,-1,-1,-1
238,6,1616,778,52,100,-1,-1,-1,-1
239,6,1619,790,55,115,-1,-1,-1,-1
240,6,1617,808,49,93,-1,-1,-1,-1
241,6,1619,802,53,108,-1,-1,-1,-1
242,6,1621,803,47,92,-1,-1,-1,-1
243,6,1620,803,47,95,-1,-1,-1,-1
244,6,1619,795,51,104,-1,-1,-1,-1
253,7,1838,788,28,49,-1,-1,-1,-1
254,7,1837,790,29,49,-1,-1,-1,-1
255,7,1837,790,29,49,-1,-1,-1,-1
256,7,1838,787,29,49,-1,-1,-1,-1
257,7,1840,788,27,46,-1,-1,-1,-1
323,8,622,777,45,73,-1,-1,-1,-1
324,8,621,776,49,80,-1,-1,-1,-1
325,8,625,779,45,77,-1,-1,-1,-1
122,9,1080,1041,47,35,-1,-1,-1,-1
123,9,1080,1042,46,35,-1,-1,-1,-1
124,9,1083,1044,46,31,-1,-1,-1,-1
125,9,1082,1044,47,31,-1,-1,-1,-1
126,9,1083,1044,46,31,-1,-1,-1,-1
127,9,1083,1044,46,31,-1,-1,-1,-1
128,9,1083,1044,46,31,-1,-1,-1,-1
129,9,1080,1042,42,34,-1,-1,-1,-1
130,9,1081,1041,41,35,-1,-1,-1,-1
131,9,1084,1040,43,35,-1,-1,-1,-1
132,9,1081,1039,41,36,-1,-1,-1,-1
133,9,1083,1038,39,38,-1,-1,-1,-1
134,9,1084,1038,46,37,-1,-1,-1,-1
135,9,1084,1036,41,41,-1,-1,-1,-1
136,9,1083,1035,42,44,-1,-1,-1,-1
137,9,1080,1035,45,42,-1,-1,-1,-1
138,9,1080,1034,46,42,-1,-1,-1,-1
139,9,1081,1032,45,44,-1,-1,-1,-1
140,9,1082,1031,45,45,-1,-1,-1,-1
141,9,1080,1030,45,46,-1,-1,-1,-1
142,9,1079,1029,46,46,-1,-1,-1,-1
143,9,1074,1026,52,51,-1,-1,-1,-1
144,9,1076,1027,47,49,-1,-1,-1,-1
145,9,1076,1025,49,53,-1,-1,-1,-1
146,9,1076,1025,52,52,-1,-1,-1,-1
147,9,1075,1026,52,51,-1,-1,-1,-1
148,9,1075,1025,53,52,-1,-1,-1,-1
149,9,1078,1023,46,53,-1,-1,-1,-1
150,9,1077,1022,46,54,-1,-1,-1,-1
151,9,1077,1019,47,57,-1,-1,-1,-1
152,9,1077,1018,47,58,-1,-1,-1,-1
153,9,1077,1018,49,58,-1,-1,-1,-1
154,9,1076,1016,48,61,-1,-1,-1,-1
155,9,1078,1014,47,62,-1,-1,-1,-1
156,9,1078,1014,47,62,-1,-1,-1,-1
157,9,1078,1012,48,65,-1,-1,-1,-1
158,9,1079,1012,47,65,-1,-1,-1,-1
159,9,1078,1013,48,64,-1,-1,-1,-1
160,9,1076,1014,48,63,-1,-1,-1,-1
161,9,1076,1013,48,63,-1,-1,-1,-1
162,9,1074,1015,49,61,-1,-1,-1,-1
163,9,1072,1013,51,63,-1,-1,-1,-1
164,9,1073,1009,49,68,-1,-1,-1,-1
165,9,1072,1008,50,69,-1,-1,-1,-1
166,9,1072,1007,49,70,-1,-1,-1,-1
167,9,1068,1006,51,71,-1,-1,-1,-1
168,9,1070,1002,49,74,-1,-1,-1,-1
169,9,1069,1001,52,76,-1,-1,-1,-1
170,9,1069,1000,52,77,-1,-1,-1,-1
171,9,1068,999,52,80,-1,-1,-1,-1
172,9,1066,998,55,81,-1,-1,-1,-1
173,9,1067,999,54,80,-1,-1,-1,-1
174,9,1067,999,55,80,-1,-1,-1,-1
175,9,1068,1000,53,79,-1,-1,-1,-1
176,9,1066,998,53,81,-1,-1,-1,-1
177,9,1066,999,53,80,-1,-1,-1,-1
178,9,1068,1001,52,78,-1,-1,-1,-1
179,9,1068,999,53,80,-1,-1,-1,-1
180,9,1068,1000,53,78,-1,-1,-1,-1
181,9,1069,995,53,80,-1,-1,-1,-1
182,9,1069,991,51,86,-1,-1,-1,-1
183,9,1068,989,51,89,-1,-1,-1,-1
184,9,1069,984,50,95,-1,-1,-1,-1
185,9,1068,984,51,93,-1,-1,-1,-1
186,9,1064,985,53,94,-1,-1,-1,-1
187,9,1064,985,53,94,-1,-1,-1,-1
188,9,1064,983,53,96,-1,-1,-1,-1
189,9,1063,985,53,94,-1,-1,-1,-1
190,9,1060,982,56,98,-1,-1,-1,-1
191,9,1060,982,56,97,-1,-1,-1,-1
192,9,1059,982,57,96,-1,-1,-1,-1
193,9,1063,982,53,97,-1,-1,-1,-1
194,9,1057,979,59,99,-1,-1,-1,-1
195,9,1058,980,58,98,-1,-1,-1,-1
196,9,1055,975,62,102,-1,-1,-1,-1
197,9,1055,973,62,102,-1,-1,-1,-1
198,9,1058,971,60,105,-1,-1,-1,-1
199,9,1058,968,61,106,-1,-1,-1,-1
200,9,1058,966,61,108,-1,-1,-1,-1
201,9,1057,966,63,107,-1,-1,-1,-1
202,9,1058,966,62,106,-1,-1,-1,-1
203,9,1058,962,61,110,-1,-1,-1,-1
204,9,1058,962,62,111,-1,-1,-1,-1
205,9,1059,964,62,108,-1,-1,-1,-1
206,9,1061,964,60,107,-1,-1,-1,-1
207,9,1061,965,60,107,-1,-1,-1,-1
208,9,1059,969,60,103,-1,-1,-1,-1
209,9,1061,969,58,105,-1,-1,-1,-1
210,9,1061,967,58,107,-1,-1,-1,-1
211,9,1063,964,57,111,-1,-1,-1,-1
212,9,1062,960,57,111,-1,-1,-1,-1
213,9,1063,957,57,112,-1,-1,-1,-1
214,9,1063,956,55,111,-1,-1,-1,-1
215,9,1063,955,55,109,-1,-1,-1,-1
216,9,1064,955,56,106,-1,-1,-1,-1
217,9,1059,954,61,107,-1,-1,-1,-1
218,9,1061,953,59,108,-1,-1,-1,-1
219,9,1062,953,59,108,-1,-1,-1,-1
220,9,1062,953,60,108,-1,-1,-1,-1
221,9,1060,953,62,106,-1,-1,-1,-1
222,9,1060,954,61,104,-1,-1,-1,-1
223,9,1060,951,61,107,-1,-1,-1,-1
224,9,1061,952,61,107,-1,-1,-1,-1
225,9,1060,951,63,107,-1,-1,-1,-1
226,9,1061,950,61,109,-1,-1,-1,-1
227,9,1061,948,62,109,-1,-1,-1,-1
228,9,1062,947,62,108,-1,-1,-1,-1
229,9,1062,943,62,112,-1,-1,-1,-1
230,9,1061,940,61,110,-1,-1,-1,-1
231,9,1061,937,61,111,-1,-1,-1,-1
232,9,1059,934,61,112,-1,-1,-1,-1
233,9,1061,940,58,100,-1,-1,-1,-1
234,9,1058,931,62,115,-1,-1,-1,-1
235,9,1056,932,65,114,-1,-1,-1,-1
236,9,1056,932,64,116,-1,-1,-1,-1
237,9,1054,931,66,117,-1,-1,-1,-1
238,9,1055,931,65,116,-1,-1,-1,-1
239,9,1055,931,65,117,-1,-1,-1,-1
240,9,1054,931,66,116,-1,-1,-1,-1
241,9,1059,929,61,119,-1,-1,-1,-1
242,9,1058,932,65,111,-1,-1,-1,-1
243,9,1056,931,67,112,-1,-1,-1,-1
244,9,1060,929,62,113,-1,-1,-1,-1
245,9,1060,928,63,111,-1,-1,-1,-1
246,9,1061,926,62,111,-1,-1,-1,-1
247,9,1063,925,60,109,-1,-1,-1,-1
248,9,1062,925,58,109,-1,-1,-1,-1
249,9,1061,924,58,110,-1,-1,-1,-1
250,9,1062,924,57,110,-1,-1,-1,-1
251,9,1061,923,59,111,-1,-1,-1,-1
252,9,1061,922,59,112,-1,-1,-1,-1
253,9,1060,922,58,112,-1,-1,-1,-1
254,9,1064,920,56,114,-1,-1,-1,-1
255,9,1062,919,57,114,-1,-1,-1,-1
256,9,1065,919,52,113,-1,-1,-1,-1
257,9,1064,916,54,114,-1,-1,-1,-1
258,9,1062,916,54,110,-1,-1,-1,-1
259,9,1062,913,55,112,-1,-1,-1,-1
260,9,1062,912,54,111,-1,-1,-1,-1
261,9,1058,913,56,108,-1,-1,-1,-1
262,9,1058,911,55,106,-1,-1,-1,-1
263,9,1054,907,59,109,-1,-1,-1,-1
264,9,1051,905,62,112,-1,-1,-1,-1
265,9,1047,904,65,114,-1,-1,-1,-1
266,9,1046,903,64,114,-1,-1,-1,-1
267,9,1048,903,61,114,-1,-1,-1,-1
268,9,1049,903,59,114,-1,-1,-1,-1
269,9,1047,901,61,116,-1,-1,-1,-1
270,9,1045,901,64,115,-1,-1,-1,-1
271,9,1045,900,63,115,-1,-1,-1,-1
272,9,1047,896,61,120,-1,-1,-1,-1
273,9,1050,896,58,118,-1,-1,-1,-1
274,9,1055,896,52,117,-1,-1,-1,-1
275,9,1053,892,54,120,-1,-1,-1,-1
276,9,1047,887,60,121,-1,-1,-1,-1
277,9,1052,885,54,112,-1,-1,-1,-1
278,9,1053,886,51,110,-1,-1,-1,-1
279,9,1052,886,52,111,-1,-1,-1,-1
280,9,1043,884,59,114,-1,-1,-1,-1
281,9,1037,884,60,117,-1,-1,-1,-1
282,9,1038,886,57,116,-1,-1,-1,-1
283,9,1038,877,57,118,-1,-1,-1,-1
284,9,1040,883,55,108,-1,-1,-1,-1
285,9,1039,884,55,112,-1,-1,-1,-1
286,9,1037,883,56,111,-1,-1,-1,-1
287,9,1035,885,59,110,-1,-1,-1,-1
288,9,1035,886,57,101,-1,-1,-1,-1
289,9,1035,884,57,104,-1,-1,-1,-1
290,9,1036,882,57,104,-1,-1,-1,-1
291,9,1035,880,58,106,-1,-1,-1,-1
292,9,1032,875,62,116,-1,-1,-1,-1
293,9,1028,876,61,107,-1,-1,-1,-1
294,9,1034,878,55,99,-1,-1,-1,-1
295,9,1028,878,61,107,-1,-1,-1,-1
296,9,1029,877,58,103,-1,-1,-1,-1
297,9,1031,878,50,96,-1,-1,-1,-1
298,9,1028,875,56,99,-1,-1,-1,-1
299,9,1029,876,53,93,-1,-1,-1,-1
300,9,1029,878,49,93,-1,-1,-1,-1
301,9,1027,876,55,95,-1,-1,-1,-1
302,9,1028,877,50,94,-1,-1,-1,-1
303,9,1027,875,50,97,-1,-1,-1,-1
304,9,1025,870,52,98,-1,-1,-1,-1
305,9,1024,869,53,100,-1,-1,-1,-1
306,9,1023,868,54,102,-1,-1,-1,-1
307,9,1025,869,52,98,-1,-1,-1,-1
308,9,1025,868,53,100,-1,-1,-1,-1
309,9,1025,869,53,100,-1,-1,-1,-1
310,9,1022,867,54,102,-1,-1,-1,-1
311,9,1022,867,54,102,-1,-1,-1,-1
312,9,1017,864,60,109,-1,-1,-1,-1
313,9,1016,861,59,105,-1,-1,-1,-1
314,9,1015,859,60,107,-1,-1,-1,-1
315,9,1014,863,61,103,-1,-1,-1,-1
316,9,1013,860,60,109,-1,-1,-1,-1
317,9,1015,856,58,108,-1,-1,-1,-1
318,9,1015,858,58,104,-1,-1,-1,-1
319,9,1016,858,57,105,-1,-1,-1,-1
320,9,1014,858,58,105,-1,-1,-1,-1
321,9,1013,859,60,105,-1,-1,-1,-1
322,9,1008,856,64,104,-1,-1,-1,-1
323,9,1009,859,64,103,-1,-1,-1,-1
324,9,1007,860,67,102,-1,-1,-1,-1
325,9,1008,856,66,106,-1,-1,-1,-1
326,9,1004,849,68,118,-1,-1,-1,-1
327,9,1006,849,67,108,-1,-1,-1,-1
328,9,1005,845,67,115,-1,-1,-1,-1
329,9,1002,845,69,114,-1,-1,-1,-1
330,9,1002,845,69,114,-1,-1,-1,-1
331,9,1002,846,69,114,-1,-1,-1,-1
332,9,1003,844,66,115,-1,-1,-1,-1
333,9,1002,843,67,117,-1,-1,-1,-1
334,9,1006,842,61,115,-1,-1,-1,-1
335,9,1007,842,59,111,-1,-1,-1,-1
336,9,1008,841,58,113,-1,-1,-1,-1
337,9,1006,839,60,113,-1,-1,-1,-1
338,9,1008,839,57,110,-1,-1,-1,-1
339,9,1007,839,58,108,-1,-1,-1,-1
340,9,1009,837,56,109,-1,-1,-1,-1
341,9,1008,835,58,111,-1,-1,-1,-1
342,9,1007,832,60,115,-1,-1,-1,-1
343,9,1000,833,67,114,-1,-1,-1,-1
344,9,997,832,70,108,-1,-1,-1,-1
345,9,992,826,76,115,-1,-1,-1,-1
346,9,990,826,77,116,-1,-1,-1,-1
347,9,989,827,78,116,-1,-1,-1,-1
348,9,989,826,78,116,-1,-1,-1,-1
349,9,989,827,78,116,-1,-1,-1,-1
350,9,988,826,78,118,-1,-1,-1,-1
351,9,987,826,79,116,-1,-1,-1,-1
352,9,986,829,79,111,-1,-1,-1,-1
353,9,986,828,80,113,-1,-1,-1,-1
354,9,987,826,79,113,-1,-1,-1,-1
355,9,987,820,79,115,-1,-1,-1,-1
356,9,987,816,80,120,-1,-1,-1,-1
357,9,986,811,78,127,-1,-1,-1,-1
358,9,984,812,79,126,-1,-1,-1,-1
359,9,986,809,78,130,-1,-1,-1,-1
360,9,988,813,76,124,-1,-1,-1,-1
361,9,989,815,74,122,-1,-1,-1,-1
362,9,986,812,77,124,-1,-1,-1,-1
363,9,986,811,77,124,-1,-1,-1,-1
364,9,984,811,78,123,-1,-1,-1,-1
365,9,981,808,80,123,-1,-1,-1,-1
366,9,992,810,70,125,-1,-1,-1,-1
367,9,983,812,79,123,-1,-1,-1,-1
368,9,990,812,71,119,-1,-1,-1,-1
369,9,990,813,71,118,-1,-1,-1,-1
370,9,990,811,71,120,-1,-1,-1,-1
371,9,988,807,72,124,-1,-1,-1,-1
372,9,981,809,79,118,-1,-1,-1,-1
373,9,979,804,79,125,-1,-1,-1,-1
374,9,982,804,73,122,-1,-1,-1,-1
375,9,985,806,71,114,-1,-1,-1,-1
376,9,985,806,69,112,-1,-1,-1,-1
377,9,986,805,65,111,-1,-1,-1,-1
378,9,985,805,66,113,-1,-1,-1,-1
379,9,983,804,67,113,-1,-1,-1,-1
380,9,982,805,68,111,-1,-1,-1,-1
381,9,986,807,63,112,-1,-1,-1,-1
382,9,986,808,62,110,-1,-1,-1,-1
383,9,985,810,64,107,-1,-1,-1,-1
384,9,986,808,63,110,-1,-1,-1,-1
385,9,985,810,63,106,-1,-1,-1,-1
386,9,981,803,65,114,-1,-1,-1,-1
387,9,979,800,67,109,-1,-1,-1,-1
388,9,976,797,68,112,-1,-1,-1,-1
389,9,978,797,64,113,-1,-1,-1,-1
390,9,977,800,65,102,-1,-1,-1,-1
391,9,978,797,64,111,-1,-1,-1,-1
392,9,976,793,63,112,-1,-1,-1,-1
393,9,972,793,66,110,-1,-1,-1,-1
394,9,974,802,64,94,-1,-1,-1,-1
395,9,969,793,68,105,-1,-1,-1,-1
396,9,967,795,68,101,-1,-1,-1,-1
397,9,967,796,67,102,-1,-1,-1,-1
398,9,966,795,68,102,-1,-1,-1,-1
399,9,967,795,68,104,-1,-1,-1,-1
400,9,963,791,70,106,-1,-1,-1,-1
401,9,960,792,67,98,-1,-1,-1,-1
402,9,960,793,67,95,-1,-1,-1,-1
403,9,964,785,61,108,-1,-1,-1,-1
404,9,962,781,62,110,-1,-1,-1,-1
405,9,961,785,61,103,-1,-1,-1,-1
406,9,961,781,62,108,-1,-1,-1,-1
407,9,960,778,61,106,-1,-1,-1,-1
408,9,962,779,60,108,-1,-1,-1,-1
409,9,962,774,60,109,-1,-1,-1,-1
410,9,963,771,58,110,-1,-1,-1,-1
411,9,961,771,61,113,-1,-1,-1,-1
412,9,960,772,61,104,-1,-1,-1,-1
413,9,959,776,59,95,-1,-1,-1,-1
414,9,954,762,63,110,-1,-1,-1,-1
415,9,955,766,63,106,-1,-1,-1,-1
416,9,948,763,68,113,-1,-1,-1,-1
417,9,943,772,70,100,-1,-1,-1,-1
418,9,946,777,69,101,-1,-1,-1,-1
433,10,537,994,59,81,-1,-1,-1,-1
434,10,541,993,58,85,-1,-1,-1,-1
435,10,546,1004,52,67,-1,-1,-1,-1
436,10,548,999,54,74,-1,-1,-1,-1
437,10,553,1008,46,68,-1,-1,-1,-1
438,10,556,1012,48,62,-1,-1,-1,-1
439,10,557,1016,53,59,-1,-1,-1,-1
442,11,565,1015,48,58,-1,-1,-1,-1
443,11,568,1026,51,49,-1,-1,-1,-1
444,11,570,1032,49,43,-1,-1,-1,-1
445,11,578,1029,45,46,-1,-1,-1,-1
251,12,1633,797,47,100,-1,-1,-1,-1
252,12,1633,796,49,100,-1,-1,-1,-1
253,12,1640,795,43,95,-1,-1,-1,-1
254,12,1644,798,47,94,-1,-1,-1,-1
255,12,1647,799,46,89,-1,-1,-1,-1
256,12,1647,791,47,102,-1,-1,-1,-1
257,12,1646,788,50,106,-1,-1,-1,-1
258,12,1646,789,50,107,-1,-1,-1,-1
259,12,1643,789,54,117,-1,-1,-1,-1
260,12,1646,789,53,116,-1,-1,-1,-1
261,12,1646,790,55,116,-1,-1,-1,-1
262,12,1644,790,56,117,-1,-1,-1,-1
263,12,1644,791,57,118,-1,-1,-1,-1
264,12,1645,791,56,119,-1,-1,-1,-1
265,12,1646,792,57,119,-1,-1,-1,-1
266,12,1647,794,55,116,-1,-1,-1,-1
267,12,1649,795,54,116,-1,-1,-1,-1
268,12,1650,795,52,117,-1,-1,-1,-1
269,12,1651,797,53,115,-1,-1,-1,-1
270,12,1652,797,54,116,-1,-1,-1,-1
271,12,1650,797,57,117,-1,-1,-1,-1
272,12,1651,799,57,116,-1,-1,-1,-1
273,12,1652,798,56,117,-1,-1,-1,-1
274,12,1654,799,55,116,-1,-1,-1,-1
275,12,1655,800,55,118,-1,-1,-1,-1
276,12,1657,801,53,116,-1,-1,-1,-1
277,12,1658,801,53,117,-1,-1,-1,-1
278,12,1659,801,52,116,-1,-1,-1,-1
279,12,1659,802,53,115,-1,-1,-1,-1
280,12,1660,801,54,119,-1,-1,-1,-1
281,12,1660,803,55,119,-1,-1,-1,-1
282,12,1661,804,56,119,-1,-1,-1,-1
283,12,1660,806,57,117,-1,-1,-1,-1
284,12,1662,807,58,117,-1,-1,-1,-1
285,12,1662,806,60,119,-1,-1,-1,-1
286,12,1664,805,59,120,-1,-1,-1,-1
287,12,1663,809,61,119,-1,-1,-1,-1
288,12,1664,808,59,119,-1,-1,-1,-1
289,12,1665,808,59,120,-1,-1,-1,-1
290,12,1666,809,58,119,-1,-1,-1,-1
291,12,1667,810,56,118,-1,-1,-1,-1
292,12,1668,810,56,118,-1,-1,-1,-1
293,12,1669,812,55,117,-1,-1,-1,-1
294,12,1670,813,55,114,-1,-1,-1,-1
295,12,1671,814,54,115,-1,-1,-1,-1
296,12,1670,814,55,116,-1,-1,-1,-1
297,12,1670,815,56,115,-1,-1,-1,-1
298,12,1672,818,54,112,-1,-1,-1,-1
299,12,1671,820,57,112,-1,-1,-1,-1
300,12,1672,821,58,114,-1,-1,-1,-1
301,12,1675,820,56,116,-1,-1,-1,-1
302,12,1675,820,57,116,-1,-1,-1,-1
303,12,1675,820,58,116,-1,-1,-1,-1
304,12,1676,821,57,114,-1,-1,-1,-1
305,12,1677,821,57,116,-1,-1,-1,-1
306,12,1677,821,56,115,-1,-1,-1,-1
307,12,1676,821,57,116,-1,-1,-1,-1
308,12,1676,821,58,118,-1,-1,-1,-1
309,12,1677,821,58,118,-1,-1,-1,-1
310,12,1676,821,59,119,-1,-1,-1,-1
311,12,1676,822,60,122,-1,-1,-1,-1
312,12,1675,824,61,122,-1,-1,-1,-1
313,12,1676,825,60,121,-1,-1,-1,-1
314,12,1676,827,60,118,-1,-1,-1,-1
315,12,1676,827,60,119,-1,-1,-1,-1
316,12,1677,828,60,119,-1,-1,-1,-1
317,12,1677,828,61,121,-1,-1,-1,-1
318,12,1677,828,61,121,-1,-1,-1,-1
319,12,1676,829,62,120,-1,-1,-1,-1
320,12,1675,830,63,119,-1,-1,-1,-1
321,12,1676,832,63,116,-1,-1,-1,-1
322,12,1677,832,62,117,-1,-1,-1,-1
323,12,1679,832,62,116,-1,-1,-1,-1
324,12,1680,833,62,115,-1,-1,-1,-1
325,12,1680,834,61,115,-1,-1,-1,-1
326,12,1682,834,60,117,-1,-1,-1,-1
327,12,1684,836,59,115,-1,-1,-1,-1
328,12,1684,837,58,114,-1,-1,-1,-1
329,12,1685,837,58,115,-1,-1,-1,-1
330,12,1686,840,57,113,-1,-1,-1,-1
331,12,1687,839,56,116,-1,-1,-1,-1
332,12,1687,841,55,114,-1,-1,-1,-1
333,12,1687,840,55,119,-1,-1,-1,-1
334,12,1690,843,54,115,-1,-1,-1,-1
335,12,1689,843,55,116,-1,-1,-1,-1
336,12,1690,844,55,116,-1,-1,-1,-1
337,12,1689,843,56,117,-1,-1,-1,-1
338,12,1690,843,55,118,-1,-1,-1,-1
339,12,1690,845,54,117,-1,-1,-1,-1
340,12,1690,847,54,117,-1,-1,-1,-1
341,12,1690,846,54,119,-1,-1,-1,-1
342,12,1689,847,55,118,-1,-1,-1,-1
343,12,1691,848,55,117,-1,-1,-1,-1
344,12,1692,848,56,119,-1,-1,-1,-1
345,12,1692,850,57,118,-1,-1,-1,-1
346,12,1691,851,57,120,-1,-1,-1,-1
347,12,1692,853,55,118,-1,-1,-1,-1
348,12,1692,853,54,120,-1,-1,-1,-1
349,12,1693,855,53,118,-1,-1,-1,-1
350,12,1693,857,52,117,-1,-1,-1,-1
351,12,1693,858,52,117,-1,-1,-1,-1
352,12,1694,858,52,117,-1,-1,-1,-1
353,12,1694,858,53,117,-1,-1,-1,-1
354,12,1695,859,54,117,-1,-1,-1,-1
355,12,1697,860,52,117,-1,-1,-1,-1
356,12,1697,862,52,115,-1,-1,-1,-1
357,12,1699,863,49,114,-1,-1,-1,-1
358,12,1699,865,50,115,-1,-1,-1,-1
359,12,1700,867,49,114,-1,-1,-1,-1
360,12,1700,867,52,118,-1,-1,-1,-1
361,12,1701,868,55,121,-1,-1,-1,-1
362,12,1700,869,56,120,-1,-1,-1,-1
363,12,1700,869,56,120,-1,-1,-1,-1
364,12,1700,869,57,121,-1,-1,-1,-1
365,12,1700,869,57,121,-1,-1,-1,-1
366,12,1701,870,59,122,-1,-1,-1,-1
367,12,1702,871,56,121,-1,-1,-1,-1
368,12,1703,871,57,121,-1,-1,-1,-1
369,12,1705,872,59,119,-1,-1,-1,-1
370,12,1704,874,59,118,-1,-1,-1,-1
371,12,1705,875,57,117,-1,-1,-1,-1
372,12,1706,874,58,120,-1,-1,-1,-1
373,12,1706,877,58,117,-1,-1,-1,-1
374,12,1707,879,58,118,-1,-1,-1,-1
375,12,1707,880,56,116,-1,-1,-1,-1
376,12,1709,881,57,119,-1,-1,-1,-1
377,12,1711,883,54,120,-1,-1,-1,-1
378,12,1712,885,54,117,-1,-1,-1,-1
379,12,1714,887,54,115,-1,-1,-1,-1
380,12,1714,891,54,111,-1,-1,-1,-1
381,12,1714,891,54,111,-1,-1,-1,-1
382,12,1717,892,51,110,-1,-1,-1,-1
383,12,1717,893,52,107,-1,-1,-1,-1
384,12,1717,894,51,111,-1,-1,-1,-1
385,12,1720,893,52,111,-1,-1,-1,-1
386,12,1721,892,53,114,-1,-1,-1,-1
387,12,1721,892,54,117,-1,-1,-1,-1
388,12,1722,891,54,119,-1,-1,-1,-1
389,12,1723,892,56,119,-1,-1,-1,-1
390,12,1724,892,57,121,-1,-1,-1,-1
391,12,1724,893,58,123,-1,-1,-1,-1
392,12,1722,894,60,125,-1,-1,-1,-1
393,12,1724,894,57,127,-1,-1,-1,-1
394,12,1725,894,57,127,-1,-1,-1,-1
395,12,1726,896,56,125,-1,-1,-1,-1
396,12,1726,896,58,125,-1,-1,-1,-1
397,12,1726,900,60,121,-1,-1,-1,-1
398,12,1728,900,57,120,-1,-1,-1,-1
399,12,1731,901,57,120,-1,-1,-1,-1
400,12,1731,903,60,118,-1,-1,-1,-1
401,12,1732,903,59,117,-1,-1,-1,-1
402,12,1734,903,57,117,-1,-1,-1,-1
403,12,1735,905,57,116,-1,-1,-1,-1
404,12,1737,908,54,114,-1,-1,-1,-1
405,12,1739,908,53,113,-1,-1,-1,-1
406,12,1739,910,53,113,-1,-1,-1,-1
407,12,1741,913,50,109,-1,-1,-1,-1
408,12,1740,912,55,115,-1,-1,-1,-1
409,12,1741,913,57,116,-1,-1,-1,-1
410,12,1740,914,60,117,-1,-1,-1,-1
411,12,1742,914,58,117,-1,-1,-1,-1
412,12,1743,915,59,116,-1,-1,-1,-1
413,12,1743,916,61,116,-1,-1,-1,-1
414,12,1744,917,60,116,-1,-1,-1,-1
415,12,1745,916,59,117,-1,-1,-1,-1
416,12,1748,916,57,118,-1,-1,-1,-1
417,12,1749,918,61,120,-1,-1,-1,-1
418,12,1757,925,55,105,-1,-1,-1,-1
419,12,1757,922,60,114,-1,-1,-1,-1
420,12,1756,922,63,114,-1,-1,-1,-1
421,12,1760,921,64,118,-1,-1,-1,-1
422,12,1759,920,66,119,-1,-1,-1,-1
423,12,1762,923,65,118,-1,-1,-1,-1
424,12,1763,923,67,120,-1,-1,-1,-1
425,12,1767,925,64,119,-1,-1,-1,-1
426,12,1766,925,66,120,-1,-1,-1,-1
427,12,1766,926,68,118,-1,-1,-1,-1
428,12,1772,927,62,119,-1,-1,-1,-1
429,12,1776,927,62,118,-1,-1,-1,-1
430,12,1778,927,61,119,-1,-1,-1,-1
431,12,1782,928,57,116,-1,-1,-1,-1
432,12,1785,927,53,120,-1,-1,-1,-1
433,12,1785,928,57,122,-1,-1,-1,-1
434,12,1785,930,57,123,-1,-1,-1,-1
435,12,1785,930,60,121,-1,-1,-1,-1
436,12,1788,933,57,119,-1,-1,-1,-1
437,12,1792,935,55,120,-1,-1,-1,-1
438,12,1793,934,60,125,-1,-1,-1,-1
439,12,1794,936,61,128,-1,-1,-1,-1
440,12,1794,939,63,122,-1,-1,-1,-1
441,12,1795,940,63,121,-1,-1,-1,-1
442,12,1797,942,65,121,-1,-1,-1,-1
443,12,1799,944,63,120,-1,-1,-1,-1
444,12,1801,950,61,114,-1,-1,-1,-1
445,12,1802,947,62,118,-1,-1,-1,-1
446,12,1803,948,61,116,-1,-1,-1,-1
447,12,1804,948,60,118,-1,-1,-1,-1
448,12,1805,948,61,120,-1,-1,-1,-1
449,12,1805,949,62,119,-1,-1,-1,-1
450,12,1807,950,62,121,-1,-1,-1,-1
451,12,1807,952,63,118,-1,-1,-1,-1
452,12,1812,953,60,115,-1,-1,-1,-1
453,12,1813,954,61,118,-1,-1,-1,-1
454,12,1814,957,60,116,-1,-1,-1,-1
455,12,1816,954,60,118,-1,-1,-1,-1
456,12,1816,955,61,115,-1,-1,-1,-1
457,12,1819,958,58,111,-1,-1,-1,-1
458,12,1818,958,60,113,-1,-1,-1,-1
459,12,1823,959,58,115,-1,-1,-1,-1
460,12,1826,961,58,111,-1,-1,-1,-1
461,12,1826,962,57,112,-1,-1,-1,-1
462,12,1826,959,59,116,-1,-1,-1,-1
463,12,1828,961,59,111,-1,-1,-1,-1
464,12,1826,961,59,115,-1,-1,-1,-1
465,12,1827,963,60,112,-1,-1,-1,-1
466,12,1829,965,59,110,-1,-1,-1,-1
467,12,1830,968,57,108,-1,-1,-1,-1
468,12,1832,968,56,109,-1,-1,-1,-1
469,12,1834,968,61,108,-1,-1,-1,-1
470,12,1833,972,60,104,-1,-1,-1,-1
471,12,1836,972,59,108,-1,-1,-1,-1
472,12,1835,974,58,105,-1,-1,-1,-1
473,12,1832,987,62,91,-1,-1,-1,-1
474,12,1843,979,55,98,-1,-1,-1,-1
475,12,1845,979,52,98,-1,-1,-1,-1
476,12,1845,981,59,95,-1,-1,-1,-1
477,12,1847,994,57,84,-1,-1,-1,-1
478,12,1850,985,56,91,-1,-1,-1,-1
479,12,1849,982,57,94,-1,-1,-1,-1
480,12,1850,987,55,91,-1,-1,-1,-1
481,12,1854,986,51,91,-1,-1,-1,-1
482,12,1856,988,51,89,-1,-1,-1,-1
483,12,1855,991,52,85,-1,-1,-1,-1
484,12,1855,989,54,89,-1,-1,-1,-1
485,12,1856,988,59,90,-1,-1,-1,-1
486,12,1853,983,58,97,-1,-1,-1,-1
487,12,1858,988,55,88,-1,-1,-1,-1
488,12,1863,990,49,89,-1,-1,-1,-1
489,12,1863,992,51,86,-1,-1,-1,-1
490,12,1864,993,49,87,-1,-1,-1,-1
491,12,1864,993,48,87,-1,-1,-1,-1
492,12,1865,991,47,89,-1,-1,-1,-1
493,12,1865,993,46,87,-1,-1,-1,-1
494,12,1866,993,46,87,-1,-1,-1,-1
495,12,1868,996,50,80,-1,-1,-1,-1
496,12,1873,997,45,78,-1,-1,-1,-1
497,12,1875,998,42,77,-1,-1,-1,-1
498,12,1872,993,46,87,-1,-1,-1,-1
499,12,1877,998,41,77,-1,-1,-1,-1
500,12,1880,1001,38,74,-1,-1,-1,-1
501,12,1881,996,37,82,-1,-1,-1,-1
503,13,1883,1029,30,47,-1,-1,-1,-1
504,13,1884,1033,31,44,-1,-1,-1,-1
505,13,1886,1031,30,44,-1,-1,-1,-1
1,14,1530,872,54,115,-1,-1,-1,-1
2,14,1531,872,54,117,-1,-1,-1,-1
3,14,1529,874,55,115,-1,-1,-1,-1
4,14,1530,875,53,114,-1,-1,-1,-1
5,14,1531,876,56,116,-1,-1,-1,-1
6,14,1530,875,58,118,-1,-1,-1,-1
7,14,1530,875,57,117,-1,-1,-1,-1
8,14,1530,876,54,116,-1,-1,-1,-1
9,14,1530,874,55,119,-1,-1,-1,-1
10,14,1530,876,54,117,-1,-1,-1,-1
11,14,1530,876,54,116,-1,-1,-1,-1
12,14,1530,876,54,116,-1,-1,-1,-1
13,14,1531,876,52,117,-1,-1,-1,-1
14,14,1531,877,52,115,-1,-1,-1,-1
15,14,1531,877,53,115,-1,-1,-1,-1
16,14,1532,877,51,115,-1,-1,-1,-1
17,14,1532,878,51,113,-1,-1,-1,-1
18,14,1532,878,51,114,-1,-1,-1,-1
19,14,1531,877,52,115,-1,-1,-1,-1
20,14,1531,878,52,114,-1,-1,-1,-1
21,14,1532,878,51,115,-1,-1,-1,-1
22,14,1532,878,51,115,-1,-1,-1,-1
23,14,1532,878,51,114,-1,-1,-1,-1
24,14,1532,878,52,114,-1,-1,-1,-1
25,14,1533,879,53,113,-1,-1,-1,-1
26,14,1532,879,53,113,-1,-1,-1,-1
27,14,1533,879,52,112,-1,-1,-1,-1
28,14,1533,879,51,112,-1,-1,-1,-1
29,14,1533,878,52,113,-1,-1,-1,-1
30,14,1533,878,53,113,-1,-1,-1,-1
31,14,1533,878,54,114,-1,-1,-1,-1
32,14,1533,878,54,114,-1,-1,-1,-1
33,14,1533,878,54,114,-1,-1,-1,-1
34,14,1532,878,55,114,-1,-1,-1,-1
35,14,1532,878,55,114,-1,-1,-1,-1
36,14,1532,878,55,114,-1,-1,-1,-1
37,14,1533,878,55,115,-1,-1,-1,-1
38,14,1533,878,54,116,-1,-1,-1,-1
39,14,1533,878,54,116,-1,-1,-1,-1
40,14,1533,878,54,116,-1,-1,-1,-1
41,14,1533,878,54,116,-1,-1,-1,-1
42,14,1533,878,54,116,-1,-1,-1,-1
43,14,1533,878,54,116,-1,-1,-1,-1
44,14,1533,878,52,116,-1,-1,-1,-1
45,14,1533,878,54,115,-1,-1,-1,-1
46,14,1533,878,54,117,-1,-1,-1,-1
47,14,1533,879,55,114,-1,-1,-1,-1
48,14,1533,879,53,114,-1,-1,-1,-1
49,14,1533,879,54,113,-1,-1,-1,-1
50,14,1533,879,54,113,-1,-1,-1,-1
51,14,1533,879,54,113,-1,-1,-1,-1
52,14,1533,879,54,113,-1,-1,-1,-1
53,14,1533,879,55,113,-1,-1,-1,-1
54,14,1533,878,55,114,-1,-1,-1,-1
55,14,1533,877,55,115,-1,-1,-1,-1
56,14,1533,877,55,115,-1,-1,-1,-1
57,14,1532,877,56,116,-1,-1,-1,-1
58,14,1532,877,56,116,-1,-1,-1,-1
59,14,1532,876,56,116,-1,-1,-1,-1
60,14,1532,876,56,116,-1,-1,-1,-1
61,14,1532,876,54,114,-1,-1,-1,-1
62,14,1532,875,54,117,-1,-1,-1,-1
63,14,1532,875,54,117,-1,-1,-1,-1
64,14,1532,875,53,116,-1,-1,-1,-1
65,14,1532,875,52,116,-1,-1,-1,-1
66,14,1532,875,52,116,-1,-1,-1,-1
67,14,1532,875,52,115,-1,-1,-1,-1
68,14,1532,874,51,114,-1,-1,-1,-1
69,14,1532,874,51,114,-1,-1,-1,-1
70,14,1531,874,52,114,-1,-1,-1,-1
71,14,1532,873,51,115,-1,-1,-1,-1
72,14,1532,874,52,114,-1,-1,-1,-1
73,14,1532,874,52,114,-1,-1,-1,-1
74,14,1532,874,51,114,-1,-1,-1,-1
75,14,1531,874,52,114,-1,-1,-1,-1
76,14,1531,873,52,114,-1,-1,-1,-1
77,14,1531,873,52,113,-1,-1,-1,-1
78,14,1531,873,52,112,-1,-1,-1,-1
79,14,1532,873,51,112,-1,-1,-1,-1
80,14,1531,873,52,112,-1,-1,-1,-1
81,14,1531,873,52,112,-1,-1,-1,-1
82,14,1531,873,52,112,-1,-1,-1,-1
83,14,1531,873,52,111,-1,-1,-1,-1
84,14,1531,873,52,111,-1,-1,-1,-1
85,14,1532,873,50,112,-1,-1,-1,-1
86,14,1532,873,51,112,-1,-1,-1,-1
87,14,1532,873,51,112,-1,-1,-1,-1
88,14,1532,873,51,113,-1,-1,-1,-1
89,14,1532,873,51,113,-1,-1,-1,-1
90,14,1532,873,51,113,-1,-1,-1,-1
91,14,1531,873,52,113,-1,-1,-1,-1
92,14,1531,873,51,113,-1,-1,-1,-1
93,14,1531,873,51,113,-1,-1,-1,-1
94,14,1531,873,51,113,-1,-1,-1,-1
95,14,1532,873,50,112,-1,-1,-1,-1
96,14,1531,873,51,112,-1,-1,-1,-1
97,14,1532,872,51,113,-1,-1,-1,-1
98,14,1532,872,51,112,-1,-1,-1,-1
99,14,1532,872,51,112,-1,-1,-1,-1
100,14,1531,872,52,112,-1,-1,-1,-1
101,14,1532,871,51,113,-1,-1,-1,-1
102,14,1532,871,51,113,-1,-1,-1,-1
103,14,1532,871,51,114,-1,-1,-1,-1
104,14,1532,871,51,113,-1,-1,-1,-1
105,14,1532,872,51,112,-1,-1,-1,-1
106,14,1532,871,51,113,-1,-1,-1,-1
107,14,1532,872,50,111,-1,-1,-1,-1
108,14,1532,872,50,111,-1,-1,-1,-1
109,14,1533,873,47,110,-1,-1,-1,-1
110,14,1533,873,48,110,-1,-1,-1,-1
111,14,1532,873,49,112,-1,-1,-1,-1
112,14,1531,873,50,114,-1,-1,-1,-1
113,14,1531,873,50,114,-1,-1,-1,-1
114,14,1533,878,51,108,-1,-1,-1,-1
115,14,1531,874,50,114,-1,-1,-1,-1
116,14,1532,874,50,115,-1,-1,-1,-1
117,14,1532,874,53,116,-1,-1,-1,-1
118,14,1532,874,53,116,-1,-1,-1,-1
119,14,1532,875,53,115,-1,-1,-1,-1
120,14,1532,875,53,116,-1,-1,-1,-1
121,14,1531,875,54,115,-1,-1,-1,-1
122,14,1531,875,54,116,-1,-1,-1,-1
123,14,1531,875,54,116,-1,-1,-1,-1
124,14,1532,875,53,116,-1,-1,-1,-1
125,14,1531,875,54,116,-1,-1,-1,-1
126,14,1531,875,54,116,-1,-1,-1,-1
127,14,1531,875,55,116,-1,-1,-1,-1
128,14,1531,876,54,115,-1,-1,-1,-1
129,14,1531,875,54,116,-1,-1,-1,-1
130,14,1531,875,53,116,-1,-1,-1,-1
131,14,1531,875,53,115,-1,-1,-1,-1
132,14,1531,875,53,116,-1,-1,-1,-1
133,14,1532,877,49,114,-1,-1,-1,-1
134,14,1532,877,49,113,-1,-1,-1,-1
135,14,1532,877,50,112,-1,-1,-1,-1
136,14,1530,877,50,112,-1,-1,-1,-1
137,14,1530,877,50,112,-1,-1,-1,-1
138,14,1531,876,49,116,-1,-1,-1,-1
139,14,1531,879,50,111,-1,-1,-1,-1
140,14,1529,879,51,112,-1,-1,-1,-1
141,14,1530,879,50,111,-1,-1,-1,-1
142,14,1529,878,51,111,-1,-1,-1,-1
143,14,1530,877,49,112,-1,-1,-1,-1
144,14,1529,881,50,103,-1,-1,-1,-1
145,14,1529,875,51,114,-1,-1,-1,-1
146,14,1528,875,51,113,-1,-1,-1,-1
147,14,1528,875,52,115,-1,-1,-1,-1
148,14,1528,876,51,114,-1,-1,-1,-1
149,14,1526,876,53,114,-1,-1,-1,-1
150,14,1526,878,54,114,-1,-1,-1,-1
151,14,1525,878,54,113,-1,-1,-1,-1
152,14,1524,878,55,114,-1,-1,-1,-1
153,14,1524,877,54,115,-1,-1,-1,-1
154,14,1521,877,56,114,-1,-1,-1,-1
155,14,1527,877,53,113,-1,-1,-1,-1
156,14,1526,879,53,111,-1,-1,-1,-1
157,14,1525,882,54,112,-1,-1,-1,-1
158,14,1524,883,54,111,-1,-1,-1,-1
159,14,1522,883,55,111,-1,-1,-1,-1
160,14,1519,883,56,113,-1,-1,-1,-1
161,14,1521,885,53,110,-1,-1,-1,-1
162,14,1521,886,52,113,-1,-1,-1,-1
163,14,1518,886,52,108,-1,-1,-1,-1
164,14,1516,890,51,103,-1,-1,-1,-1
165,14,1511,888,57,114,-1,-1,-1,-1
166,14,1510,887,59,114,-1,-1,-1,-1
167,14,1508,888,60,112,-1,-1,-1,-1
168,14,1506,891,58,104,-1,-1,-1,-1
169,14,1501,891,59,107,-1,-1,-1,-1
170,14,1498,892,58,108,-1,-1,-1,-1
171,14,1496,894,57,107,-1,-1,-1,-1
172,14,1497,894,56,108,-1,-1,-1,-1
173,14,1495,893,56,109,-1,-1,-1,-1
174,14,1492,894,60,109,-1,-1,-1,-1
175,14,1489,897,59,108,-1,-1,-1,-1
176,14,1489,896,57,109,-1,-1,-1,-1
177,14,1487,895,54,111,-1,-1,-1,-1
178,14,1486,896,56,109,-1,-1,-1,-1
179,14,1483,897,55,108,-1,-1,-1,-1
180,14,1480,899,53,110,-1,-1,-1,-1
181,14,1481,899,53,113,-1,-1,-1,-1
182,14,1478,899,54,118,-1,-1,-1,-1
183,14,1473,899,56,118,-1,-1,-1,-1
184,14,1472,897,56,115,-1,-1,-1,-1
185,14,1468,897,59,117,-1,-1,-1,-1
186,14,1466,896,59,117,-1,-1,-1,-1
187,14,1465,898,58,114,-1,-1,-1,-1
188,14,1461,899,59,114,-1,-1,-1,-1
189,14,1460,900,59,113,-1,-1,-1,-1
190,14,1463,903,51,99,-1,-1,-1,-1
191,14,1455,904,54,108,-1,-1,-1,-1
192,14,1452,904,58,111,-1,-1,-1,-1
193,14,1452,903,55,112,-1,-1,-1,-1
194,14,1449,902,58,114,-1,-1,-1,-1
195,14,1446,899,60,116,-1,-1,-1,-1
196,14,1444,900,61,116,-1,-1,-1,-1
197,14,1442,901,60,117,-1,-1,-1,-1
198,14,1442,901,56,113,-1,-1,-1,-1
199,14,1440,901,56,113,-1,-1,-1,-1
200,14,1438,900,55,114,-1,-1,-1,-1
201,14,1435,904,57,111,-1,-1,-1,-1
202,14,1434,907,56,109,-1,-1,-1,-1
203,14,1428,906,57,110,-1,-1,-1,-1
204,14,1426,906,58,109,-1,-1,-1,-1
205,14,1423,906,62,110,-1,-1,-1,-1
206,14,1419,907,64,111,-1,-1,-1,-1
207,14,1419,906,60,112,-1,-1,-1,-1
208,14,1415,906,60,110,-1,-1,-1,-1
209,14,1414,905,58,110,-1,-1,-1,-1
210,14,1413,903,56,109,-1,-1,-1,-1
211,14,1411,903,56,112,-1,-1,-1,-1
212,14,1410,903,57,116,-1,-1,-1,-1
213,14,1406,904,55,114,-1,-1,-1,-1
214,14,1399,904,60,113,-1,-1,-1,-1
215,14,1398,902,60,115,-1,-1,-1,-1
216,14,1394,905,61,112,-1,-1,-1,-1
217,14,1390,907,63,110,-1,-1,-1,-1
218,14,1389,910,65,105,-1,-1,-1,-1
219,14,1390,908,62,108,-1,-1,-1,-1
220,14,1388,908,60,108,-1,-1,-1,-1
221,14,1383,910,61,107,-1,-1,-1,-1
222,14,1380,912,60,105,-1,-1,-1,-1
223,14,1380,912,56,105,-1,-1,-1,-1
224,14,1379,911,57,106,-1,-1,-1,-1
225,14,1376,911,55,109,-1,-1,-1,-1
226,14,1372,910,58,110,-1,-1,-1,-1
227,14,1370,911,56,106,-1,-1,-1,-1
228,14,1368,908,59,111,-1,-1,-1,-1
229,14,1365,908,57,109,-1,-1,-1,-1
230,14,1362,909,57,112,-1,-1,-1,-1
231,14,1357,910,58,110,-1,-1,-1,-1
232,14,1354,911,59,109,-1,-1,-1,-1
233,14,1348,912,67,107,-1,-1,-1,-1
234,14,1346,912,64,107,-1,-1,-1,-1
235,14,1345,913,62,105,-1,-1,-1,-1
236,14,1343,912,59,106,-1,-1,-1,-1
237,14,1340,914,58,103,-1,-1,-1,-1
238,14,1339,917,57,98,-1,-1,-1,-1
239,14,1332,914,63,106,-1,-1,-1,-1
240,14,1332,912,62,107,-1,-1,-1,-1
241,14,1329,910,59,111,-1,-1,-1,-1
242,14,1325,910,60,113,-1,-1,-1,-1
243,14,1325,912,55,112,-1,-1,-1,-1
244,14,1322,912,57,110,-1,-1,-1,-1
245,14,1321,909,52,110,-1,-1,-1,-1
246,14,1316,911,56,112,-1,-1,-1,-1
247,14,1309,912,61,114,-1,-1,-1,-1
248,14,1308,913,60,111,-1,-1,-1,-1
249,14,1302,914,60,110,-1,-1,-1,-1
250,14,1300,916,61,107,-1,-1,-1,-1
251,14,1296,918,65,104,-1,-1,-1,-1
252,14,1295,918,62,104,-1,-1,-1,-1
253,14,1294,917,63,105,-1,-1,-1,-1
254,14,1293,916,61,108,-1,-1,-1,-1
255,14,1286,917,62,109,-1,-1,-1,-1
256,14,1286,917,60,107,-1,-1,-1,-1
257,14,1286,916,58,111,-1,-1,-1,-1
258,14,1283,915,58,112,-1,-1,-1,-1
259,14,1281,916,58,112,-1,-1,-1,-1
260,14,1279,915,59,111,-1,-1,-1,-1
261,14,1276,915,62,110,-1,-1,-1,-1
262,14,1272,915,62,112,-1,-1,-1,-1
263,14,1268,916,63,109,-1,-1,-1,-1
264,14,1267,916,62,109,-1,-1,-1,-1
265,14,1261,916,64,107,-1,-1,-1,-1
266,14,1261,918,61,105,-1,-1,-1,-1
267,14,1259,918,59,108,-1,-1,-1,-1
268,14,1256,917,60,109,-1,-1,-1,-1
269,14,1252,916,61,111,-1,-1,-1,-1
270,14,1248,915,63,110,-1,-1,-1,-1
271,14,1248,916,60,112,-1,-1,-1,-1
272,14,1244,915,56,112,-1,-1,-1,-1
273,14,1241,917,57,109,-1,-1,-1,-1
274,14,1238,915,61,112,-1,-1,-1,-1
275,14,1235,915,61,112,-1,-1,-1,-1
276,14,1229,916,64,111,-1,-1,-1,-1
277,14,1229,915,63,116,-1,-1,-1,-1
278,14,1227,914,65,118,-1,-1,-1,-1
279,14,1225,915,65,114,-1,-1,-1,-1
280,14,1223,917,62,108,-1,-1,-1,-1
281,14,1220,918,60,109,-1,-1,-1,-1
282,14,1215,919,61,108,-1,-1,-1,-1
283,14,1215,920,59,108,-1,-1,-1,-1
284,14,1212,918,60,111,-1,-1,-1,-1
285,14,1212,917,58,113,-1,-1,-1,-1
286,14,1210,917,58,111,-1,-1,-1,-1
287,14,1206,917,61,114,-1,-1,-1,-1
288,14,1205,918,57,113,-1,-1,-1,-1
289,14,1204,918,56,111,-1,-1,-1,-1
290,14,1201,918,53,112,-1,-1,-1,-1
291,14,1198,918,56,113,-1,-1,-1,-1
292,14,1195,917,58,113,-1,-1,-1,-1
293,14,1193,917,57,113,-1,-1,-1,-1
294,14,1190,918,57,112,-1,-1,-1,-1
295,14,1187,918,59,109,-1,-1,-1,-1
296,14,1185,918,62,110,-1,-1,-1,-1
297,14,1183,918,60,111,-1,-1,-1,-1
298,14,1179,918,62,111,-1,-1,-1,-1
299,14,1175,918,63,112,-1,-1,-1,-1
300,14,1176,919,59,109,-1,-1,-1,-1
301,14,1173,918,60,109,-1,-1,-1,-1
302,14,1169,918,60,110,-1,-1,-1,-1
303,14,1166,918,61,112,-1,-1,-1,-1
304,14,1164,916,59,114,-1,-1,-1,-1
305,14,1161,916,61,115,-1,-1,-1,-1
306,14,1160,916,61,114,-1,-1,-1,-1
307,14,1158,918,60,111,-1,-1,-1,-1
308,14,1158,917,57,111,-1,-1,-1,-1
309,14,1158,918,53,112,-1,-1,-1,-1
310,14,1154,919,54,111,-1,-1,-1,-1
311,14,1150,918,58,112,-1,-1,-1,-1
312,14,1145,919,61,112,-1,-1,-1,-1
313,14,1144,919,62,111,-1,-1,-1,-1
314,14,1140,919,63,114,-1,-1,-1,-1
315,14,1139,921,61,113,-1,-1,-1,-1
316,14,1137,921,59,110,-1,-1,-1,-1
317,14,1135,920,59,112,-1,-1,-1,-1
318,14,1134,921,57,113,-1,-1,-1,-1
319,14,1133,922,56,112,-1,-1,-1,-1
320,14,1130,922,55,111,-1,-1,-1,-1
321,14,1131,920,53,111,-1,-1,-1,-1
322,14,1128,921,54,111,-1,-1,-1,-1
323,14,1125,920,56,112,-1,-1,-1,-1
324,14,1123,919,56,114,-1,-1,-1,-1
325,14,1118,920,59,113,-1,-1,-1,-1
326,14,1117,919,58,114,-1,-1,-1,-1
327,14,1114,918,58,115,-1,-1,-1,-1
328,14,1112,919,58,116,-1,-1,-1,-1
329,14,1110,919,57,116,-1,-1,-1,-1
330,14,1108,920,56,113,-1,-1,-1,-1
331,14,1107,922,56,109,-1,-1,-1,-1
332,14,1105,920,55,111,-1,-1,-1,-1
333,14,1101,919,58,112,-1,-1,-1,-1
334,14,1100,919,57,112,-1,-1,-1,-1
335,14,1098,920,57,110,-1,-1,-1,-1
336,14,1096,920,56,112,-1,-1,-1,-1
337,14,1094,920,58,113,-1,-1,-1,-1
338,14,1092,918,59,115,-1,-1,-1,-1
339,14,1091,918,60,118,-1,-1,-1,-1
340,14,1089,918,59,117,-1,-1,-1,-1
341,14,1090,918,58,117,-1,-1,-1,-1
342,14,1089,918,58,117,-1,-1,-1,-1
343,14,1085,919,57,115,-1,-1,-1,-1
344,14,1082,919,58,119,-1,-1,-1,-1
345,14,1078,919,61,116,-1,-1,-1,-1
346,14,1078,919,59,115,-1,-1,-1,-1
347,14,1075,918,61,118,-1,-1,-1,-1
348,14,1073,916,62,122,-1,-1,-1,-1
349,14,1071,918,63,121,-1,-1,-1,-1
350,14,1069,918,64,121,-1,-1,-1,-1
351,14,1069,918,64,122,-1,-1,-1,-1
352,14,1068,919,64,122,-1,-1,-1,-1
353,14,1064,919,67,122,-1,-1,-1,-1
354,14,1054,920,77,122,-1,-1,-1,-1
355,14,1055,924,75,117,-1,-1,-1,-1
356,14,1063,927,63,114,-1,-1,-1,-1
357,14,1057,923,70,120,-1,-1,-1,-1
358,14,1056,921,72,122,-1,-1,-1,-1
359,14,1062,925,63,118,-1,-1,-1,-1
360,14,1055,926,69,119,-1,-1,-1,-1
361,14,1059,923,63,121,-1,-1,-1,-1
362,14,1058,923,63,118,-1,-1,-1,-1
363,14,1056,923,64,118,-1,-1,-1,-1
364,14,1053,922,66,119,-1,-1,-1,-1
365,14,1053,923,64,116,-1,-1,-1,-1
366,14,1052,923,65,117,-1,-1,-1,-1
367,14,1052,923,63,117,-1,-1,-1,-1
368,14,1051,923,64,117,-1,-1,-1,-1
369,14,1045,923,67,116,-1,-1,-1,-1
370,14,1048,922,66,117,-1,-1,-1,-1
371,14,1046,922,66,116,-1,-1,-1,-1
372,14,1038,925,71,114,-1,-1,-1,-1
373,14,1037,925,71,116,-1,-1,-1,-1
374,14,1042,923,67,115,-1,-1,-1,-1
375,14,1040,923,67,116,-1,-1,-1,-1
376,14,1038,922,69,118,-1,-1,-1,-1
377,14,1033,921,73,120,-1,-1,-1,-1
378,14,1031,921,68,121,-1,-1,-1,-1
379,14,1031,919,70,124,-1,-1,-1,-1
380,14,1035,925,67,119,-1,-1,-1,-1
381,14,1033,924,68,120,-1,-1,-1,-1
382,14,1033,925,70,120,-1,-1,-1,-1
383,14,1037,925,65,119,-1,-1,-1,-1
384,14,1036,922,65,121,-1,-1,-1,-1
385,14,1034,921,71,124,-1,-1,-1,-1
386,14,1032,921,74,124,-1,-1,-1,-1
387,14,1028,924,78,120,-1,-1,-1,-1
388,14,1033,919,74,125,-1,-1,-1,-1
389,14,1033,920,74,125,-1,-1,-1,-1
390,14,1033,921,72,123,-1,-1,-1,-1
391,14,1033,920,70,124,-1,-1,-1,-1
392,14,1033,921,71,123,-1,-1,-1,-1
393,14,1033,921,69,123,-1,-1,-1,-1
394,14,1034,922,71,122,-1,-1,-1,-1
395,14,1035,921,71,124,-1,-1,-1,-1
396,14,1029,926,79,117,-1,-1,-1,-1
397,14,1033,925,74,120,-1,-1,-1,-1
398,14,1033,926,74,119,-1,-1,-1,-1
399,14,1036,924,73,120,-1,-1,-1,-1
400,14,1039,926,69,120,-1,-1,-1,-1
401,14,1035,922,73,123,-1,-1,-1,-1
402,14,1035,924,73,121,-1,-1,-1,-1
403,14,1035,924,72,120,-1,-1,-1,-1
404,14,1037,927,70,119,-1,-1,-1,-1
405,14,1037,925,71,121,-1,-1,-1,-1
406,14,1037,930,69,115,-1,-1,-1,-1
407,14,1039,928,68,117,-1,-1,-1,-1
408,14,1039,927,71,118,-1,-1,-1,-1
409,14,1040,927,69,119,-1,-1,-1,-1
410,14,1040,927,70,119,-1,-1,-1,-1
411,14,1042,926,68,120,-1,-1,-1,-1
412,14,1043,926,67,119,-1,-1,-1,-1
413,14,1042,926,68,119,-1,-1,-1,-1
414,14,1042,926,68,119,-1,-1,-1,-1
415,14,1044,925,66,119,-1,-1,-1,-1
416,14,1045,925,66,119,-1,-1,-1,-1
417,14,1043,925,68,120,-1,-1,-1,-1
418,14,1042,926,69,119,-1,-1,-1,-1
419,14,1042,926,69,119,-1,-1,-1,-1
420,14,1043,926,68,119,-1,-1,-1,-1
421,14,1045,923,65,122,-1,-1,-1,-1
422,14,1045,924,65,121,-1,-1,-1,-1
423,14,1044,924,66,121,-1,-1,-1,-1
424,14,1044,922,65,123,-1,-1,-1,-1
425,14,1043,920,66,124,-1,-1,-1,-1
426,14,1043,919,67,124,-1,-1,-1,-1
427,14,1042,920,68,124,-1,-1,-1,-1
428,14,1044,921,66,122,-1,-1,-1,-1
429,14,1044,922,66,122,-1,-1,-1,-1
430,14,1045,923,65,121,-1,-1,-1,-1
431,14,1046,924,64,120,-1,-1,-1,-1
432,14,1046,922,65,122,-1,-1,-1,-1
433,14,1047,919,65,123,-1,-1,-1,-1
434,14,1047,917,65,125,-1,-1,-1,-1
435,14,1046,917,67,126,-1,-1,-1,-1
436,14,1047,916,67,127,-1,-1,-1,-1
437,14,1047,915,67,128,-1,-1,-1,-1
438,14,1046,916,68,127,-1,-1,-1,-1
439,14,1047,916,67,126,-1,-1,-1,-1
440,14,1047,916,67,126,-1,-1,-1,-1
441,14,1046,915,69,127,-1,-1,-1,-1
442,14,1048,916,66,126,-1,-1,-1,-1
443,14,1048,916,66,124,-1,-1,-1,-1
444,14,1049,916,65,123,-1,-1,-1,-1
445,14,1050,917,64,123,-1,-1,-1,-1
446,14,1051,918,63,123,-1,-1,-1,-1
447,14,1052,917,61,123,-1,-1,-1,-1
448,14,1050,918,64,122,-1,-1,-1,-1
449,14,1050,918,63,122,-1,-1,-1,-1
450,14,1049,918,64,123,-1,-1,-1,-1
451,14,1050,919,62,123,-1,-1,-1,-1
452,14,1045,919,67,121,-1,-1,-1,-1
453,14,1050,917,63,122,-1,-1,-1,-1
454,14,1049,917,63,123,-1,-1,-1,-1
455,14,1049,916,63,122,-1,-1,-1,-1
456,14,1050,916,61,121,-1,-1,-1,-1
457,14,1046,915,65,120,-1,-1,-1,-1
458,14,1048,915,62,119,-1,-1,-1,-1
459,14,1048,915,61,118,-1,-1,-1,-1
460,14,1048,915,61,118,-1,-1,-1,-1
461,14,1045,916,65,119,-1,-1,-1,-1
462,14,1046,915,64,120,-1,-1,-1,-1
463,14,1046,917,64,118,-1,-1,-1,-1
464,14,1048,919,62,116,-1,-1,-1,-1
465,14,1048,919,63,117,-1,-1,-1,-1
466,14,1048,919,63,118,-1,-1,-1,-1
467,14,1049,921,62,115,-1,-1,-1,-1
468,14,1048,919,63,117,-1,-1,-1,-1
469,14,1049,918,63,118,-1,-1,-1,-1
470,14,1046,917,66,120,-1,-1,-1,-1
471,14,1045,916,66,121,-1,-1,-1,-1
472,14,1045,916,67,121,-1,-1,-1,-1
473,14,1045,915,67,122,-1,-1,-1,-1
474,14,1045,916,66,120,-1,-1,-1,-1
475,14,1043,916,69,122,-1,-1,-1,-1
476,14,1042,915,69,123,-1,-1,-1,-1
477,14,1040,914,69,123,-1,-1,-1,-1
478,14,1038,913,70,127,-1,-1,-1,-1
479,14,1034,915,73,128,-1,-1,-1,-1
480,14,1033,918,71,126,-1,-1,-1,-1
481,14,1032,915,74,129,-1,-1,-1,-1
482,14,1031,920,72,124,-1,-1,-1,-1
483,14,1032,920,70,124,-1,-1,-1,-1
484,14,1030,920,71,124,-1,-1,-1,-1
485,14,1028,915,72,128,-1,-1,-1,-1
486,14,1031,915,67,125,-1,-1,-1,-1
487,14,1028,916,69,126,-1,-1,-1,-1
488,14,1029,918,66,123,-1,-1,-1,-1
489,14,1029,918,66,121,-1,-1,-1,-1
490,14,1028,918,64,121,-1,-1,-1,-1
491,14,1027,921,64,116,-1,-1,-1,-1
492,14,1021,923,67,114,-1,-1,-1,-1
493,14,1019,930,67,110,-1,-1,-1,-1
494,14,1011,929,77,112,-1,-1,-1,-1
495,14,1013,915,75,127,-1,-1,-1,-1
496,14,1012,913,78,129,-1,-1,-1,-1
497,14,1017,908,71,133,-1,-1,-1,-1
498,14,1016,914,69,125,-1,-1,-1,-1
499,14,1015,917,68,121,-1,-1,-1,-1
500,14,1014,920,70,121,-1,-1,-1,-1
501,14,1015,921,64,118,-1,-1,-1,-1
502,14,1011,920,64,120,-1,-1,-1,-1
503,14,1009,921,67,119,-1,-1,-1,-1
504,14,1011,918,65,124,-1,-1,-1,-1
505,14,1007,917,66,124,-1,-1,-1,-1
506,14,1008,920,66,122,-1,-1,-1,-1
507,14,1005,921,67,121,-1,-1,-1,-1
508,14,1005,922,67,117,-1,-1,-1,-1
509,14,1004,922,69,117,-1,-1,-1,-1
510,14,998,918,74,125,-1,-1,-1,-1
511,14,984,923,88,117,-1,-1,-1,-1
512,14,984,917,85,127,-1,-1,-1,-1
513,14,984,917,82,127,-1,-1,-1,-1
514,14,981,917,85,125,-1,-1,-1,-1
515,14,979,919,85,124,-1,-1,-1,-1
516,14,983,916,75,128,-1,-1,-1,-1
517,14,984,914,76,132,-1,-1,-1,-1
518,14,977,913,84,131,-1,-1,-1,-1
519,14,991,927,57,110,-1,-1,-1,-1
520,14,976,920,71,128,-1,-1,-1,-1
521,14,973,919,76,130,-1,-1,-1,-1
522,14,965,930,82,120,-1,-1,-1,-1
523,14,957,928,91,123,-1,-1,-1,-1
524,14,958,915,89,134,-1,-1,-1,-1
525,14,954,921,94,128,-1,-1,-1,-1
526,14,955,920,88,127,-1,-1,-1,-1
527,14,952,922,81,123,-1,-1,-1,-1
528,14,953,921,73,125,-1,-1,-1,-1
529,14,951,921,71,127,-1,-1,-1,-1
530,14,945,921,78,125,-1,-1,-1,-1
531,14,947,922,74,124,-1,-1,-1,-1
532,14,942,922,79,127,-1,-1,-1,-1
533,14,943,915,75,135,-1,-1,-1,-1
534,14,945,916,67,131,-1,-1,-1,-1
535,14,941,920,69,128,-1,-1,-1,-1
536,14,942,919,62,127,-1,-1,-1,-1
537,14,935,914,68,131,-1,-1,-1,-1
538,14,916,909,83,137,-1,-1,-1,-1
539,14,915,903,79,143,-1,-1,-1,-1
540,14,916,910,84,142,-1,-1,-1,-1
541,14,913,911,86,139,-1,-1,-1,-1
542,14,915,907,80,145,-1,-1,-1,-1
543,14,912,912,83,136,-1,-1,-1,-1
544,14,910,915,84,133,-1,-1,-1,-1
545,14,908,915,79,133,-1,-1,-1,-1
546,14,898,916,88,135,-1,-1,-1,-1
547,14,889,916,88,138,-1,-1,-1,-1
548,14,885,915,87,138,-1,-1,-1,-1
549,14,891,914,75,137,-1,-1,-1,-1
550,14,889,915,82,140,-1,-1,-1,-1
551,14,893,922,70,127,-1,-1,-1,-1
552,14,885,918,75,135,-1,-1,-1,-1
553,14,881,920,88,134,-1,-1,-1,-1
554,14,869,924,88,135,-1,-1,-1,-1
555,14,872,921,82,135,-1,-1,-1,-1
556,14,867,918,88,137,-1,-1,-1,-1
557,14,871,921,81,132,-1,-1,-1,-1
558,14,865,923,89,130,-1,-1,-1,-1
559,14,862,920,87,139,-1,-1,-1,-1
560,14,862,924,82,133,-1,-1,-1,-1
561,14,862,925,77,131,-1,-1,-1,-1
562,14,859,933,70,120,-1,-1,-1,-1
563,14,847,925,86,126,-1,-1,-1,-1
564,14,850,927,78,129,-1,-1,-1,-1
565,14,845,924,81,127,-1,-1,-1,-1
566,14,843,919,80,136,-1,-1,-1,-1
567,14,839,925,77,126,-1,-1,-1,-1
568,14,835,928,79,123,-1,-1,-1,-1
569,14,833,928,75,126,-1,-1,-1,-1
570,14,825,927,82,125,-1,-1,-1,-1
571,14,827,925,77,118,-1,-1,-1,-1
585,15,1320,1039,64,37,-1,-1,-1,-1
586,15,1312,1029,83,50,-1,-1,-1,-1
587,15,1308,1030,89,49,-1,-1,-1,-1
588,15,1305,1025,84,53,-1,-1,-1,-1
590,16,1295,1021,71,57,-1,-1,-1,-1
591,16,1294,1012,81,66,-1,-1,-1,-1
592,16,1299,1013,68,62,-1,-1,-1,-1
593,16,1329,1007,39,59,-1,-1,-1,-1
594,17,1283,1003,83,74,-1,-1,-1,-1
595,17,1280,1008,55,68,-1,-1,-1,-1
596,17,1281,995,88,80,-1,-1,-1,-1
573,14,821,923,70,122,-1,-1,-1,-1
574,14,819,927,73,125,-1,-1,-1,-1
575,14,817,932,69,114,-1,-1,-1,-1
576,14,814,928,67,123,-1,-1,-1,-1
577,14,808,930,73,118,-1,-1,-1,-1
578,14,809,934,60,118,-1,-1,-1,-1
579,14,803,923,74,127,-1,-1,-1,-1
580,14,795,924,86,121,-1,-1,-1,-1
581,14,791,923,81,128,-1,-1,-1,-1
582,14,786,932,73,121,-1,-1,-1,-1
583,14,783,947,70,108,-1,-1,-1,-1
584,14,778,931,84,123,-1,-1,-1,-1
585,14,782,938,70,120,-1,-1,-1,-1
586,14,780,939,66,111,-1,-1,-1,-1
587,14,778,938,59,108,-1,-1,-1,-1
588,14,780,937,60,106,-1,-1,-1,-1
589,14,774,931,67,114,-1,-1,-1,-1
590,14,769,940,70,101,-1,-1,-1,-1
591,14,767,935,70,109,-1,-1,-1,-1
592,14,761,934,65,114,-1,-1,-1,-1
593,14,760,934,59,113,-1,-1,-1,-1
594,14,758,938,58,111,-1,-1,-1,-1
595,14,754,938,61,114,-1,-1,-1,-1
596,14,748,936,63,115,-1,-1,-1,-1
597,14,743,937,68,113,-1,-1,-1,-1
598,14,741,937,67,111,-1,-1,-1,-1
599,14,737,937,67,114,-1,-1,-1,-1
600,14,733,937,60,115,-1,-1,-1,-1
601,14,728,939,63,117,-1,-1,-1,-1
602,14,720,941,74,109,-1,-1,-1,-1
603,14,723,940,64,109,-1,-1,-1,-1
604,14,722,938,64,113,-1,-1,-1,-1
605,14,721,936,62,113,-1,-1,-1,-1
606,14,719,938,56,110,-1,-1,-1,-1
607,14,714,938,63,112,-1,-1,-1,-1
608,14,712,938,61,111,-1,-1,-1,-1
609,14,709,938,62,116,-1,-1,-1,-1
610,14,704,936,71,120,-1,-1,-1,-1
611,14,700,939,65,109,-1,-1,-1,-1
612,14,695,938,65,110,-1,-1,-1,-1
613,14,692,940,63,107,-1,-1,-1,-1
614,14,687,942,65,107,-1,-1,-1,-1
615,14,688,941,63,106,-1,-1,-1,-1
616,14,685,941,65,105,-1,-1,-1,-1
617,14,680,939,65,107,-1,-1,-1,-1
618,14,677,940,63,105,-1,-1,-1,-1
619,14,672,940,59,105,-1,-1,-1,-1
620,14,670,940,60,107,-1,-1,-1,-1
621,14,666,941,60,106,-1,-1,-1,-1
622,14,664,940,58,108,-1,-1,-1,-1
623,14,658,939,60,108,-1,-1,-1,-1
624,14,656,939,60,108,-1,-1,-1,-1
625,14,650,939,63,109,-1,-1,-1,-1
626,14,647,938,62,112,-1,-1,-1,-1
627,14,645,940,61,109,-1,-1,-1,-1
628,14,640,942,64,110,-1,-1,-1,-1
629,14,633,938,67,112,-1,-1,-1,-1
630,14,632,938,65,112,-1,-1,-1,-1
631,14,629,938,64,111,-1,-1,-1,-1
632,14,626,937,64,113,-1,-1,-1,-1
633,14,623,939,61,114,-1,-1,-1,-1
634,14,622,937,60,115,-1,-1,-1,-1
635,14,620,939,59,113,-1,-1,-1,-1
636,14,611,936,66,114,-1,-1,-1,-1
637,14,607,935,66,115,-1,-1,-1,-1
638,14,606,936,65,114,-1,-1,-1,-1
639,14,603,938,62,110,-1,-1,-1,-1
640,14,599,938,61,111,-1,-1,-1,-1
641,14,592,938,64,113,-1,-1,-1,-1
642,14,591,940,64,112,-1,-1,-1,-1
643,14,586,939,65,111,-1,-1,-1,-1
644,14,584,940,64,110,-1,-1,-1,-1
645,14,583,939,60,110,-1,-1,-1,-1
646,14,578,940,62,109,-1,-1,-1,-1
647,14,575,941,63,109,-1,-1,-1,-1
648,14,572,939,62,112,-1,-1,-1,-1
649,14,572,940,56,112,-1,-1,-1,-1
650,14,566,936,61,119,-1,-1,-1,-1
651,14,562,939,61,112,-1,-1,-1,-1
652,14,560,940,59,110,-1,-1,-1,-1
653,14,559,941,57,111,-1,-1,-1,-1
654,14,550,940,58,114,-1,-1,-1,-1
655,14,547,942,60,109,-1,-1,-1,-1
656,14,544,940,60,111,-1,-1,-1,-1
657,14,539,942,64,108,-1,-1,-1,-1
658,14,539,944,56,103,-1,-1,-1,-1
659,14,535,943,55,100,-1,-1,-1,-1
660,14,532,942,55,103,-1,-1,-1,-1
661,14,527,943,57,104,-1,-1,-1,-1
662,14,523,945,56,104,-1,-1,-1,-1
663,14,530,961,49,97,-1,-1,-1,-1
664,14,520,945,59,118,-1,-1,-1,-1
665,14,516,953,57,107,-1,-1,-1,-1
666,14,520,998,43,71,-1,-1,-1,-1
667,14,514,988,49,85,-1,-1,-1,-1
668,14,514,992,48,83,-1,-1,-1,-1
669,14,516,996,42,73,-1,-1,-1,-1
670,14,512,994,47,83,-1,-1,-1,-1
671,14,506,973,52,90,-1,-1,-1,-1
824,19,472,588,39,69,-1,-1,-1,-1
825,19,473,588,37,65,-1,-1,-1,-1
826,19,473,589,37,65,-1,-1,-1,-1
827,19,472,589,39,67,-1,-1,-1,-1
828,19,472,589,39,70,-1,-1,-1,-1
1,20,1622,925,71,115,-1,-1,-1,-1
2,20,1622,926,71,115,-1,-1,-1,-1
3,20,1621,927,72,115,-1,-1,-1,-1
4,20,1622,928,71,115,-1,-1,-1,-1
5,20,1623,929,70,115,-1,-1,-1,-1
6,20,1623,929,70,115,-1,-1,-1,-1
7,20,1621,930,71,114,-1,-1,-1,-1
8,20,1621,930,70,114,-1,-1,-1,-1
9,20,1622,931,70,113,-1,-1,-1,-1
10,20,1623,931,69,113,-1,-1,-1,-1
11,20,1622,931,70,113,-1,-1,-1,-1
12,20,1622,931,70,113,-1,-1,-1,-1
13,20,1622,930,69,115,-1,-1,-1,-1
14,20,1622,930,69,115,-1,-1,-1,-1
15,20,1622,930,69,115,-1,-1,-1,-1
16,20,1622,930,69,115,-1,-1,-1,-1
17,20,1623,931,68,114,-1,-1,-1,-1
18,20,1622,931,70,115,-1,-1,-1,-1
19,20,1623,931,68,115,-1,-1,-1,-1
20,20,1623,932,68,114,-1,-1,-1,-1
21,20,1623,932,68,114,-1,-1,-1,-1
22,20,1623,932,68,113,-1,-1,-1,-1
23,20,1623,932,69,114,-1,-1,-1,-1
24,20,1623,932,68,114,-1,-1,-1,-1
25,20,1622,932,70,114,-1,-1,-1,-1
26,20,1623,932,69,114,-1,-1,-1,-1
27,20,1623,932,69,114,-1,-1,-1,-1
28,20,1623,932,69,115,-1,-1,-1,-1
29,20,1623,932,68,116,-1,-1,-1,-1
30,20,1622,931,70,116,-1,-1,-1,-1
31,20,1622,931,69,116,-1,-1,-1,-1
32,20,1622,931,69,116,-1,-1,-1,-1
33,20,1621,931,70,115,-1,-1,-1,-1
34,20,1621,930,70,116,-1,-1,-1,-1
35,20,1621,930,70,116,-1,-1,-1,-1
36,20,1622,930,69,116,-1,-1,-1,-1
37,20,1622,930,70,116,-1,-1,-1,-1
38,20,1623,930,68,115,-1,-1,-1,-1
39,20,1622,930,70,115,-1,-1,-1,-1
40,20,1622,930,70,115,-1,-1,-1,-1
41,20,1622,930,69,115,-1,-1,-1,-1
42,20,1622,930,69,115,-1,-1,-1,-1
43,20,1621,930,69,115,-1,-1,-1,-1
44,20,1623,930,69,115,-1,-1,-1,-1
45,20,1623,930,69,115,-1,-1,-1,-1
46,20,1623,931,68,114,-1,-1,-1,-1
47,20,1623,932,69,114,-1,-1,-1,-1
48,20,1623,932,68,115,-1,-1,-1,-1
49,20,1621,931,69,116,-1,-1,-1,-1
50,20,1621,931,69,116,-1,-1,-1,-1
51,20,1620,931,70,115,-1,-1,-1,-1
52,20,1620,931,70,116,-1,-1,-1,-1
53,20,1620,931,70,115,-1,-1,-1,-1
54,20,1620,930,70,115,-1,-1,-1,-1
55,20,1620,930,70,115,-1,-1,-1,-1
56,20,1621,930,69,113,-1,-1,-1,-1
57,20,1620,929,70,114,-1,-1,-1,-1
58,20,1621,929,69,115,-1,-1,-1,-1
59,20,1621,929,69,115,-1,-1,-1,-1
60,20,1621,929,69,115,-1,-1,-1,-1
61,20,1621,929,69,114,-1,-1,-1,-1
62,20,1621,929,70,114,-1,-1,-1,-1
63,20,1622,928,69,115,-1,-1,-1,-1
64,20,1621,928,70,116,-1,-1,-1,-1
65,20,1622,927,70,117,-1,-1,-1,-1
66,20,1623,927,69,117,-1,-1,-1,-1
67,20,1623,926,69,118,-1,-1,-1,-1
68,20,1623,926,70,117,-1,-1,-1,-1
69,20,1623,925,69,117,-1,-1,-1,-1
70,20,1624,926,68,114,-1,-1,-1,-1
71,20,1623,927,69,112,-1,-1,-1,-1
72,20,1623,927,69,112,-1,-1,-1,-1
73,20,1624,927,67,111,-1,-1,-1,-1
74,20,1624,927,67,111,-1,-1,-1,-1
75,20,1623,927,68,111,-1,-1,-1,-1
76,20,1623,927,68,111,-1,-1,-1,-1
77,20,1622,925,69,114,-1,-1,-1,-1
78,20,1623,926,68,110,-1,-1,-1,-1
79,20,1622,926,69,111,-1,-1,-1,-1
80,20,1623,925,69,113,-1,-1,-1,-1
81,20,1623,925,69,113,-1,-1,-1,-1
82,20,1623,925,69,113,-1,-1,-1,-1
83,20,1623,925,69,114,-1,-1,-1,-1
84,20,1623,925,69,114,-1,-1,-1,-1
85,20,1626,924,67,116,-1,-1,-1,-1
86,20,1626,924,68,116,-1,-1,-1,-1
87,20,1626,924,68,117,-1,-1,-1,-1
88,20,1622,926,70,114,-1,-1,-1,-1
89,20,1622,926,70,114,-1,-1,-1,-1
90,20,1622,925,71,115,-1,-1,-1,-1
91,20,1622,926,71,114,-1,-1,-1,-1
92,20,1622,926,71,113,-1,-1,-1,-1
93,20,1622,926,71,114,-1,-1,-1,-1
94,20,1622,926,71,114,-1,-1,-1,-1
95,20,1622,926,71,114,-1,-1,-1,-1
96,20,1623,926,70,113,-1,-1,-1,-1
97,20,1622,926,71,115,-1,-1,-1,-1
98,20,1622,925,71,115,-1,-1,-1,-1
99,20,1623,925,70,114,-1,-1,-1,-1
100,20,1623,925,70,113,-1,-1,-1,-1
101,20,1622,925,71,114,-1,-1,-1,-1
102,20,1622,925,71,114,-1,-1,-1,-1
103,20,1622,925,71,114,-1,-1,-1,-1
104,20,1622,925,71,114,-1,-1,-1,-1
105,20,1623,926,70,113,-1,-1,-1,-1
106,20,1624,926,69,111,-1,-1,-1,-1
107,20,1623,926,69,111,-1,-1,-1,-1
108,20,1623,926,69,112,-1,-1,-1,-1
109,20,1623,926,69,112,-1,-1,-1,-1
110,20,1623,926,69,112,-1,-1,-1,-1
111,20,1623,926,69,113,-1,-1,-1,-1
112,20,1623,926,70,114,-1,-1,-1,-1
113,20,1622,926,71,114,-1,-1,-1,-1
114,20,1622,926,71,115,-1,-1,-1,-1
115,20,1623,927,69,115,-1,-1,-1,-1
116,20,1622,927,70,116,-1,-1,-1,-1
117,20,1622,928,70,116,-1,-1,-1,-1
118,20,1621,929,71,116,-1,-1,-1,-1
119,20,1621,929,71,116,-1,-1,-1,-1
120,20,1621,929,71,116,-1,-1,-1,-1
121,20,1621,929,70,114,-1,-1,-1,-1
122,20,1621,929,71,114,-1,-1,-1,-1
123,20,1621,929,71,114,-1,-1,-1,-1
124,20,1621,929,70,114,-1,-1,-1,-1
125,20,1621,929,71,115,-1,-1,-1,-1
126,20,1621,929,71,115,-1,-1,-1,-1
127,20,1621,929,71,115,-1,-1,-1,-1
128,20,1621,930,71,113,-1,-1,-1,-1
129,20,1621,929,71,115,-1,-1,-1,-1
130,20,1621,929,71,115,-1,-1,-1,-1
131,20,1621,929,71,115,-1,-1,-1,-1
132,20,1620,929,72,115,-1,-1,-1,-1
133,20,1621,929,72,115,-1,-1,-1,-1
134,20,1623,928,70,115,-1,-1,-1,-1
135,20,1622,927,71,116,-1,-1,-1,-1
136,20,1622,928,70,115,-1,-1,-1,-1
137,20,1622,928,70,115,-1,-1,-1,-1
138,20,1622,928,70,115,-1,-1,-1,-1
139,20,1622,928,71,115,-1,-1,-1,-1
140,20,1621,927,72,116,-1,-1,-1,-1
141,20,1621,926,73,118,-1,-1,-1,-1
142,20,1622,926,72,117,-1,-1,-1,-1
143,20,1622,926,72,116,-1,-1,-1,-1
144,20,1623,926,70,115,-1,-1,-1,-1
145,20,1623,927,69,112,-1,-1,-1,-1
146,20,1623,926,69,112,-1,-1,-1,-1
147,20,1623,926,69,113,-1,-1,-1,-1
148,20,1623,926,70,113,-1,-1,-1,-1
149,20,1623,926,70,115,-1,-1,-1,-1
150,20,1622,926,71,116,-1,-1,-1,-1
151,20,1622,926,71,116,-1,-1,-1,-1
152,20,1623,926,70,115,-1,-1,-1,-1
153,20,1623,926,70,115,-1,-1,-1,-1
154,20,1622,926,71,115,-1,-1,-1,-1
155,20,1622,926,72,117,-1,-1,-1,-1
156,20,1622,927,71,116,-1,-1,-1,-1
157,20,1623,928,69,116,-1,-1,-1,-1
158,20,1623,928,69,116,-1,-1,-1,-1
159,20,1623,928,69,115,-1,-1,-1,-1
160,20,1622,929,70,115,-1,-1,-1,-1
161,20,1622,929,70,115,-1,-1,-1,-1
162,20,1621,930,71,115,-1,-1,-1,-1
163,20,1620,929,71,116,-1,-1,-1,-1
164,20,1621,930,70,115,-1,-1,-1,-1
165,20,1620,930,71,115,-1,-1,-1,-1
166,20,1620,930,71,114,-1,-1,-1,-1
167,20,1621,929,70,114,-1,-1,-1,-1
168,20,1620,929,71,114,-1,-1,-1,-1
169,20,1620,928,70,115,-1,-1,-1,-1
170,20,1620,928,70,115,-1,-1,-1,-1
171,20,1620,928,70,115,-1,-1,-1,-1
172,20,1620,929,70,114,-1,-1,-1,-1
173,20,1619,929,71,114,-1,-1,-1,-1
174,20,1620,928,70,115,-1,-1,-1,-1
175,20,1620,928,70,115,-1,-1,-1,-1
176,20,1620,928,70,115,-1,-1,-1,-1
177,20,1620,928,70,115,-1,-1,-1,-1
178,20,1620,928,70,115,-1,-1,-1,-1
179,20,1620,928,70,114,-1,-1,-1,-1
180,20,1620,929,70,113,-1,-1,-1,-1
181,20,1621,929,70,114,-1,-1,-1,-1
182,20,1621,929,70,114,-1,-1,-1,-1
183,20,1622,928,69,116,-1,-1,-1,-1
184,20,1621,929,70,115,-1,-1,-1,-1
185,20,1622,928,70,116,-1,-1,-1,-1
186,20,1622,929,70,115,-1,-1,-1,-1
187,20,1622,929,70,115,-1,-1,-1,-1
188,20,1622,929,70,115,-1,-1,-1,-1
189,20,1622,929,70,115,-1,-1,-1,-1
190,20,1622,929,71,115,-1,-1,-1,-1
191,20,1622,930,71,115,-1,-1,-1,-1
192,20,1622,930,71,115,-1,-1,-1,-1
193,20,1622,930,72,114,-1,-1,-1,-1
194,20,1621,930,72,115,-1,-1,-1,-1
195,20,1622,930,72,114,-1,-1,-1,-1
196,20,1622,930,72,114,-1,-1,-1,-1
197,20,1622,930,71,114,-1,-1,-1,-1
198,20,1622,930,71,114,-1,-1,-1,-1
199,20,1622,930,71,114,-1,-1,-1,-1
200,20,1622,930,71,114,-1,-1,-1,-1
201,20,1622,931,71,113,-1,-1,-1,-1
202,20,1622,930,70,114,-1,-1,-1,-1
203,20,1622,931,71,113,-1,-1,-1,-1
204,20,1621,930,72,114,-1,-1,-1,-1
205,20,1622,930,71,114,-1,-1,-1,-1
206,20,1622,930,71,114,-1,-1,-1,-1
207,20,1622,930,71,114,-1,-1,-1,-1
208,20,1622,930,71,114,-1,-1,-1,-1
209,20,1622,930,71,114,-1,-1,-1,-1
210,20,1622,930,71,114,-1,-1,-1,-1
211,20,1622,930,71,114,-1,-1,-1,-1
212,20,1622,931,71,113,-1,-1,-1,-1
213,20,1622,931,71,113,-1,-1,-1,-1
214,20,1622,931,71,113,-1,-1,-1,-1
215,20,1622,931,71,113,-1,-1,-1,-1
216,20,1622,930,71,114,-1,-1,-1,-1
217,20,1621,930,72,114,-1,-1,-1,-1
218,20,1621,929,72,115,-1,-1,-1,-1
219,20,1621,929,72,115,-1,-1,-1,-1
220,20,1621,929,72,115,-1,-1,-1,-1
221,20,1621,928,72,116,-1,-1,-1,-1
222,20,1621,928,72,116,-1,-1,-1,-1
223,20,1621,928,72,116,-1,-1,-1,-1
224,20,1621,928,72,115,-1,-1,-1,-1
225,20,1621,928,72,115,-1,-1,-1,-1
226,20,1620,928,73,115,-1,-1,-1,-1
227,20,1621,928,71,115,-1,-1,-1,-1
228,20,1621,928,71,115,-1,-1,-1,-1
229,20,1620,928,72,115,-1,-1,-1,-1
230,20,1620,928,71,114,-1,-1,-1,-1
231,20,1620,928,71,114,-1,-1,-1,-1
232,20,1620,928,72,115,-1,-1,-1,-1
233,20,1620,928,71,114,-1,-1,-1,-1
234,20,1620,929,71,114,-1,-1,-1,-1
235,20,1620,928,71,115,-1,-1,-1,-1
236,20,1620,929,71,114,-1,-1,-1,-1
237,20,1620,929,71,114,-1,-1,-1,-1
238,20,1620,929,71,115,-1,-1,-1,-1
239,20,1620,928,71,115,-1,-1,-1,-1
240,20,1620,928,71,114,-1,-1,-1,-1
241,20,1622,927,70,116,-1,-1,-1,-1
242,20,1622,927,70,116,-1,-1,-1,-1
243,20,1622,927,70,116,-1,-1,-1,-1
244,20,1623,927,69,115,-1,-1,-1,-1
245,20,1623,927,69,116,-1,-1,-1,-1
246,20,1622,927,70,115,-1,-1,-1,-1
247,20,1622,926,70,116,-1,-1,-1,-1
248,20,1622,926,70,116,-1,-1,-1,-1
249,20,1623,927,69,115,-1,-1,-1,-1
250,20,1623,927,69,116,-1,-1,-1,-1
251,20,1622,927,70,116,-1,-1,-1,-1
252,20,1622,928,70,115,-1,-1,-1,-1
253,20,1622,928,70,116,-1,-1,-1,-1
254,20,1622,928,70,116,-1,-1,-1,-1
255,20,1622,928,70,116,-1,-1,-1,-1
256,20,1623,928,69,116,-1,-1,-1,-1
257,20,1623,928,70,115,-1,-1,-1,-1
258,20,1622,928,71,116,-1,-1,-1,-1
259,20,1622,929,71,115,-1,-1,-1,-1
260,20,1622,929,71,115,-1,-1,-1,-1
261,20,1622,929,71,116,-1,-1,-1,-1
262,20,1622,929,71,116,-1,-1,-1,-1
263,20,1622,929,71,116,-1,-1,-1,-1
264,20,1622,929,71,116,-1,-1,-1,-1
265,20,1623,929,70,117,-1,-1,-1,-1
266,20,1623,929,70,116,-1,-1,-1,-1
267,20,1623,929,70,116,-1,-1,-1,-1
268,20,1622,929,71,116,-1,-1,-1,-1
269,20,1623,929,70,116,-1,-1,-1,-1
270,20,1622,929,70,116,-1,-1,-1,-1
271,20,1623,929,69,116,-1,-1,-1,-1
272,20,1623,929,70,117,-1,-1,-1,-1
273,20,1623,929,70,117,-1,-1,-1,-1
274,20,1624,929,69,117,-1,-1,-1,-1
275,20,1624,929,69,117,-1,-1,-1,-1
276,20,1624,930,68,116,-1,-1,-1,-1
277,20,1622,930,70,114,-1,-1,-1,-1
278,20,1622,930,70,114,-1,-1,-1,-1
279,20,1622,930,70,114,-1,-1,-1,-1
280,20,1623,929,69,116,-1,-1,-1,-1
281,20,1622,929,69,116,-1,-1,-1,-1
282,20,1622,929,69,115,-1,-1,-1,-1
283,20,1622,929,69,116,-1,-1,-1,-1
284,20,1622,930,69,115,-1,-1,-1,-1
285,20,1621,930,70,113,-1,-1,-1,-1
286,20,1621,930,70,114,-1,-1,-1,-1
287,20,1620,930,70,113,-1,-1,-1,-1
288,20,1620,930,70,112,-1,-1,-1,-1
289,20,1619,930,71,112,-1,-1,-1,-1
290,20,1619,929,71,114,-1,-1,-1,-1
291,20,1619,929,71,114,-1,-1,-1,-1
292,20,1619,928,70,116,-1,-1,-1,-1
293,20,1620,928,69,116,-1,-1,-1,-1
294,20,1620,928,69,117,-1,-1,-1,-1
295,20,1620,928,69,117,-1,-1,-1,-1
296,20,1621,927,68,117,-1,-1,-1,-1
297,20,1620,927,68,117,-1,-1,-1,-1
298,20,1620,927,69,117,-1,-1,-1,-1
299,20,1620,928,69,116,-1,-1,-1,-1
300,20,1620,927,69,116,-1,-1,-1,-1
301,20,1620,928,67,114,-1,-1,-1,-1
302,20,1619,928,68,114,-1,-1,-1,-1
303,20,1618,929,68,111,-1,-1,-1,-1
304,20,1617,929,67,109,-1,-1,-1,-1
305,20,1617,929,67,110,-1,-1,-1,-1
306,20,1618,929,67,110,-1,-1,-1,-1
307,20,1618,930,65,108,-1,-1,-1,-1
308,20,1617,930,66,108,-1,-1,-1,-1
309,20,1617,930,66,108,-1,-1,-1,-1
310,20,1617,930,65,109,-1,-1,-1,-1
311,20,1616,929,65,110,-1,-1,-1,-1
312,20,1615,930,66,109,-1,-1,-1,-1
313,20,1613,929,67,111,-1,-1,-1,-1
314,20,1614,929,66,111,-1,-1,-1,-1
315,20,1613,929,65,112,-1,-1,-1,-1
316,20,1613,928,65,113,-1,-1,-1,-1
317,20,1612,929,65,113,-1,-1,-1,-1
318,20,1610,929,65,112,-1,-1,-1,-1
319,20,1610,928,64,114,-1,-1,-1,-1
320,20,1610,928,65,113,-1,-1,-1,-1
321,20,1608,929,66,112,-1,-1,-1,-1
322,20,1609,929,64,112,-1,-1,-1,-1
323,20,1609,929,63,112,-1,-1,-1,-1
324,20,1607,929,64,112,-1,-1,-1,-1
325,20,1603,929,68,111,-1,-1,-1,-1
326,20,1602,928,67,110,-1,-1,-1,-1
327,20,1600,927,70,113,-1,-1,-1,-1
328,20,1601,928,70,114,-1,-1,-1,-1
329,20,1603,930,70,114,-1,-1,-1,-1
330,20,1603,929,69,115,-1,-1,-1,-1
331,20,1603,929,69,115,-1,-1,-1,-1
332,20,1604,929,69,115,-1,-1,-1,-1
333,20,1605,929,67,115,-1,-1,-1,-1
334,20,1604,929,68,116,-1,-1,-1,-1
335,20,1603,928,66,114,-1,-1,-1,-1
336,20,1602,928,67,114,-1,-1,-1,-1
337,20,1603,929,65,112,-1,-1,-1,-1
338,20,1603,928,65,112,-1,-1,-1,-1
339,20,1601,928,67,113,-1,-1,-1,-1
340,20,1601,928,67,112,-1,-1,-1,-1
341,20,1600,927,67,113,-1,-1,-1,-1
342,20,1600,927,67,113,-1,-1,-1,-1
343,20,1598,927,68,113,-1,-1,-1,-1
344,20,1598,927,68,114,-1,-1,-1,-1
345,20,1598,928,66,112,-1,-1,-1,-1
346,20,1598,928,67,113,-1,-1,-1,-1
347,20,1597,928,68,112,-1,-1,-1,-1
348,20,1597,927,68,113,-1,-1,-1,-1
349,20,1597,927,67,115,-1,-1,-1,-1
350,20,1597,927,67,115,-1,-1,-1,-1
351,20,1597,927,67,115,-1,-1,-1,-1
352,20,1597,927,66,115,-1,-1,-1,-1
353,20,1597,927,67,115,-1,-1,-1,-1
354,20,1597,927,67,115,-1,-1,-1,-1
355,20,1597,926,67,116,-1,-1,-1,-1
356,20,1597,926,67,116,-1,-1,-1,-1
357,20,1597,926,68,117,-1,-1,-1,-1
358,20,1597,926,68,117,-1,-1,-1,-1
359,20,1598,926,68,116,-1,-1,-1,-1
360,20,1598,926,67,115,-1,-1,-1,-1
361,20,1600,925,64,114,-1,-1,-1,-1
362,20,1600,925,64,114,-1,-1,-1,-1
363,20,1599,925,65,115,-1,-1,-1,-1
364,20,1599,925,66,115,-1,-1,-1,-1
365,20,1600,925,66,115,-1,-1,-1,-1
366,20,1599,925,68,116,-1,-1,-1,-1
367,20,1600,925,68,116,-1,-1,-1,-1
368,20,1599,925,68,115,-1,-1,-1,-1
369,20,1600,926,69,115,-1,-1,-1,-1
370,20,1602,927,68,113,-1,-1,-1,-1
371,20,1602,927,69,114,-1,-1,-1,-1
372,20,1600,926,71,117,-1,-1,-1,-1
373,20,1602,926,70,115,-1,-1,-1,-1
374,20,1603,926,69,115,-1,-1,-1,-1
375,20,1603,926,69,116,-1,-1,-1,-1
376,20,1603,926,69,116,-1,-1,-1,-1
377,20,1603,926,69,116,-1,-1,-1,-1
378,20,1602,926,69,116,-1,-1,-1,-1
379,20,1602,926,70,115,-1,-1,-1,-1
380,20,1602,926,70,116,-1,-1,-1,-1
381,20,1599,925,70,118,-1,-1,-1,-1
382,20,1599,924,70,119,-1,-1,-1,-1
383,20,1599,925,69,119,-1,-1,-1,-1
384,20,1599,925,69,118,-1,-1,-1,-1
385,20,1599,925,69,118,-1,-1,-1,-1
386,20,1598,925,68,117,-1,-1,-1,-1
387,20,1601,924,66,119,-1,-1,-1,-1
388,20,1601,924,67,119,-1,-1,-1,-1
389,20,1600,924,68,120,-1,-1,-1,-1
390,20,1598,926,69,118,-1,-1,-1,-1
391,20,1600,925,68,118,-1,-1,-1,-1
392,20,1602,926,66,116,-1,-1,-1,-1
393,20,1602,925,67,119,-1,-1,-1,-1
394,20,1602,925,66,118,-1,-1,-1,-1
395,20,1600,926,68,117,-1,-1,-1,-1
396,20,1601,927,66,115,-1,-1,-1,-1
397,20,1601,928,67,115,-1,-1,-1,-1
398,20,1601,927,67,116,-1,-1,-1,-1
399,20,1602,927,67,115,-1,-1,-1,-1
400,20,1601,927,68,116,-1,-1,-1,-1
401,20,1603,926,68,118,-1,-1,-1,-1
402,20,1603,926,67,118,-1,-1,-1,-1
403,20,1601,927,69,116,-1,-1,-1,-1
404,20,1604,927,67,117,-1,-1,-1,-1
405,20,1604,927,67,116,-1,-1,-1,-1
406,20,1603,927,67,115,-1,-1,-1,-1
407,20,1604,927,65,116,-1,-1,-1,-1
408,20,1604,928,65,115,-1,-1,-1,-1
409,20,1603,928,67,114,-1,-1,-1,-1
410,20,1602,928,69,116,-1,-1,-1,-1
411,20,1599,928,71,117,-1,-1,-1,-1
412,20,1602,929,69,116,-1,-1,-1,-1
413,20,1602,929,69,117,-1,-1,-1,-1
414,20,1602,929,69,117,-1,-1,-1,-1
415,20,1602,928,69,118,-1,-1,-1,-1
416,20,1602,928,70,118,-1,-1,-1,-1
417,20,1602,929,70,117,-1,-1,-1,-1
418,20,1601,927,69,121,-1,-1,-1,-1
419,20,1602,929,70,118,-1,-1,-1,-1
420,20,1603,929,68,118,-1,-1,-1,-1
421,20,1601,928,72,119,-1,-1,-1,-1
422,20,1601,928,72,119,-1,-1,-1,-1
423,20,1601,928,72,120,-1,-1,-1,-1
424,20,1602,928,71,120,-1,-1,-1,-1
425,20,1602,928,72,120,-1,-1,-1,-1
426,20,1602,928,71,119,-1,-1,-1,-1
427,20,1602,929,71,118,-1,-1,-1,-1
428,20,1602,929,71,118,-1,-1,-1,-1
429,20,1601,929,72,118,-1,-1,-1,-1
430,20,1601,929,72,118,-1,-1,-1,-1
431,20,1602,929,70,116,-1,-1,-1,-1
432,20,1601,930,71,116,-1,-1,-1,-1
433,20,1603,930,68,116,-1,-1,-1,-1
434,20,1602,928,70,118,-1,-1,-1,-1
435,20,1603,928,67,117,-1,-1,-1,-1
436,20,1601,929,70,118,-1,-1,-1,-1
437,20,1601,929,70,117,-1,-1,-1,-1
438,20,1602,930,71,116,-1,-1,-1,-1
439,20,1602,930,72,116,-1,-1,-1,-1
440,20,1601,931,71,117,-1,-1,-1,-1
441,20,1603,930,69,118,-1,-1,-1,-1
442,20,1604,930,68,117,-1,-1,-1,-1
443,20,1604,931,67,115,-1,-1,-1,-1
444,20,1605,930,67,115,-1,-1,-1,-1
445,20,1605,930,67,115,-1,-1,-1,-1
446,20,1605,929,67,116,-1,-1,-1,-1
447,20,1605,929,67,116,-1,-1,-1,-1
448,20,1605,929,67,116,-1,-1,-1,-1
449,20,1605,930,67,116,-1,-1,-1,-1
450,20,1605,931,67,116,-1,-1,-1,-1
451,20,1605,931,65,116,-1,-1,-1,-1
452,20,1605,931,65,117,-1,-1,-1,-1
453,20,1605,931,67,118,-1,-1,-1,-1
454,20,1605,931,68,118,-1,-1,-1,-1
455,20,1605,930,66,118,-1,-1,-1,-1
456,20,1604,930,67,119,-1,-1,-1,-1
457,20,1604,930,67,118,-1,-1,-1,-1
458,20,1604,930,69,118,-1,-1,-1,-1
459,20,1605,930,67,119,-1,-1,-1,-1
460,20,1603,930,70,119,-1,-1,-1,-1
461,20,1604,930,69,119,-1,-1,-1,-1
462,20,1604,930,69,119,-1,-1,-1,-1
463,20,1604,930,69,118,-1,-1,-1,-1
464,20,1603,930,70,118,-1,-1,-1,-1
465,20,1603,929,70,119,-1,-1,-1,-1
466,20,1604,930,69,119,-1,-1,-1,-1
467,20,1603,930,69,119,-1,-1,-1,-1
468,20,1604,930,68,118,-1,-1,-1,-1
469,20,1604,930,68,118,-1,-1,-1,-1
470,20,1604,930,68,118,-1,-1,-1,-1
471,20,1601,929,71,120,-1,-1,-1,-1
472,20,1602,929,70,120,-1,-1,-1,-1
473,20,1602,929,70,120,-1,-1,-1,-1
474,20,1602,929,70,120,-1,-1,-1,-1
475,20,1602,928,70,120,-1,-1,-1,-1
476,20,1602,928,70,120,-1,-1,-1,-1
477,20,1604,929,69,118,-1,-1,-1,-1
478,20,1602,929,70,119,-1,-1,-1,-1
479,20,1602,930,70,117,-1,-1,-1,-1
480,20,1601,929,71,119,-1,-1,-1,-1
481,20,1602,930,71,117,-1,-1,-1,-1
482,20,1602,931,71,116,-1,-1,-1,-1
483,20,1602,930,71,117,-1,-1,-1,-1
484,20,1600,930,73,117,-1,-1,-1,-1
485,20,1600,930,73,117,-1,-1,-1,-1
486,20,1602,931,71,117,-1,-1,-1,-1
487,20,1600,930,72,118,-1,-1,-1,-1
488,20,1600,930,72,118,-1,-1,-1,-1
489,20,1602,930,71,117,-1,-1,-1,-1
490,20,1601,930,71,118,-1,-1,-1,-1
491,20,1601,929,71,119,-1,-1,-1,-1
492,20,1600,930,71,117,-1,-1,-1,-1
493,20,1599,929,72,118,-1,-1,-1,-1
494,20,1599,929,72,118,-1,-1,-1,-1
495,20,1599,929,71,117,-1,-1,-1,-1
496,20,1599,930,71,117,-1,-1,-1,-1
497,20,1599,930,71,117,-1,-1,-1,-1
498,20,1599,930,71,118,-1,-1,-1,-1
499,20,1601,930,70,118,-1,-1,-1,-1
500,20,1599,930,72,117,-1,-1,-1,-1
501,20,1601,930,71,118,-1,-1,-1,-1
502,20,1602,930,70,118,-1,-1,-1,-1
503,20,1602,930,70,118,-1,-1,-1,-1
504,20,1602,930,70,118,-1,-1,-1,-1
505,20,1602,930,69,118,-1,-1,-1,-1
506,20,1603,930,68,118,-1,-1,-1,-1
507,20,1603,930,68,117,-1,-1,-1,-1
508,20,1601,929,70,118,-1,-1,-1,-1
509,20,1602,929,70,118,-1,-1,-1,-1
510,20,1603,929,68,119,-1,-1,-1,-1
511,20,1602,929,69,118,-1,-1,-1,-1
512,20,1603,930,69,117,-1,-1,-1,-1
513,20,1604,930,69,117,-1,-1,-1,-1
514,20,1604,930,69,117,-1,-1,-1,-1
515,20,1604,930,69,118,-1,-1,-1,-1
516,20,1604,930,69,118,-1,-1,-1,-1
517,20,1605,929,67,119,-1,-1,-1,-1
518,20,1605,929,68,119,-1,-1,-1,-1
519,20,1605,929,68,119,-1,-1,-1,-1
520,20,1605,929,68,119,-1,-1,-1,-1
521,20,1605,929,68,120,-1,-1,-1,-1
522,20,1605,929,68,120,-1,-1,-1,-1
523,20,1605,928,68,121,-1,-1,-1,-1
524,20,1605,929,68,120,-1,-1,-1,-1
525,20,1605,929,68,120,-1,-1,-1,-1
526,20,1605,929,68,120,-1,-1,-1,-1
527,20,1605,929,68,120,-1,-1,-1,-1
528,20,1605,929,68,120,-1,-1,-1,-1
529,20,1604,929,69,120,-1,-1,-1,-1
530,20,1604,929,69,120,-1,-1,-1,-1
531,20,1604,929,69,120,-1,-1,-1,-1
532,20,1604,929,69,120,-1,-1,-1,-1
533,20,1604,929,69,120,-1,-1,-1,-1
534,20,1604,929,69,120,-1,-1,-1,-1
535,20,1604,929,69,120,-1,-1,-1,-1
536,20,1604,930,69,119,-1,-1,-1,-1
537,20,1604,929,69,120,-1,-1,-1,-1
538,20,1605,930,68,119,-1,-1,-1,-1
539,20,1605,930,68,119,-1,-1,-1,-1
540,20,1604,930,70,119,-1,-1,-1,-1
541,20,1605,929,68,120,-1,-1,-1,-1
542,20,1605,929,68,120,-1,-1,-1,-1
543,20,1605,929,68,120,-1,-1,-1,-1
544,20,1605,929,68,120,-1,-1,-1,-1
545,20,1605,929,68,120,-1,-1,-1,-1
546,20,1605,929,68,120,-1,-1,-1,-1
547,20,1605,929,68,120,-1,-1,-1,-1
548,20,1605,929,68,120,-1,-1,-1,-1
549,20,1605,929,68,120,-1,-1,-1,-1
550,20,1605,929,68,120,-1,-1,-1,-1
551,20,1605,929,68,120,-1,-1,-1,-1
552,20,1605,929,68,120,-1,-1,-1,-1
553,20,1605,930,68,119,-1,-1,-1,-1
554,20,1605,930,68,119,-1,-1,-1,-1
555,20,1605,930,68,119,-1,-1,-1,-1
556,20,1605,930,68,119,-1,-1,-1,-1
557,20,1605,930,68,119,-1,-1,-1,-1
558,20,1605,930,68,119,-1,-1,-1,-1
559,20,1605,931,68,118,-1,-1,-1,-1
560,20,1605,930,68,119,-1,-1,-1,-1
561,20,1605,930,68,119,-1,-1,-1,-1
562,20,1605,930,68,119,-1,-1,-1,-1
563,20,1605,930,68,119,-1,-1,-1,-1
564,20,1605,930,68,118,-1,-1,-1,-1
565,20,1605,930,68,118,-1,-1,-1,-1
566,20,1605,930,68,118,-1,-1,-1,-1
567,20,1605,930,68,118,-1,-1,-1,-1
568,20,1605,930,68,119,-1,-1,-1,-1
569,20,1605,929,68,120,-1,-1,-1,-1
570,20,1605,929,68,120,-1,-1,-1,-1
571,20,1605,929,68,120,-1,-1,-1,-1
572,20,1605,930,68,119,-1,-1,-1,-1
573,20,1605,930,68,119,-1,-1,-1,-1
574,20,1605,930,68,119,-1,-1,-1,-1
575,20,1605,930,68,119,-1,-1,-1,-1
576,20,1605,930,68,119,-1,-1,-1,-1
577,20,1605,930,69,118,-1,-1,-1,-1
578,20,1605,930,69,118,-1,-1,-1,-1
579,20,1605,930,69,118,-1,-1,-1,-1
580,20,1605,930,69,118,-1,-1,-1,-1
581,20,1605,930,69,118,-1,-1,-1,-1
582,20,1605,930,69,118,-1,-1,-1,-1
583,20,1605,930,69,118,-1,-1,-1,-1
584,20,1605,930,69,118,-1,-1,-1,-1
585,20,1604,930,69,119,-1,-1,-1,-1
586,20,1604,930,69,119,-1,-1,-1,-1
587,20,1604,930,68,119,-1,-1,-1,-1
588,20,1604,930,69,119,-1,-1,-1,-1
589,20,1605,931,67,118,-1,-1,-1,-1
590,20,1605,931,68,118,-1,-1,-1,-1
591,20,1605,931,68,118,-1,-1,-1,-1
592,20,1605,931,67,118,-1,-1,-1,-1
593,20,1605,931,67,117,-1,-1,-1,-1
594,20,1604,932,68,117,-1,-1,-1,-1
595,20,1604,932,68,116,-1,-1,-1,-1
596,20,1604,933,68,115,-1,-1,-1,-1
597,20,1604,933,68,115,-1,-1,-1,-1
598,20,1604,933,68,115,-1,-1,-1,-1
599,20,1604,934,68,113,-1,-1,-1,-1
600,20,1604,934,68,113,-1,-1,-1,-1
601,20,1604,935,68,113,-1,-1,-1,-1
602,20,1604,935,67,113,-1,-1,-1,-1
603,20,1604,934,67,113,-1,-1,-1,-1
604,20,1604,935,67,112,-1,-1,-1,-1
605,20,1604,935,67,113,-1,-1,-1,-1
606,20,1605,934,68,114,-1,-1,-1,-1
607,20,1605,934,68,114,-1,-1,-1,-1
608,20,1606,934,67,114,-1,-1,-1,-1
609,20,1605,934,68,114,-1,-1,-1,-1
610,20,1605,934,67,114,-1,-1,-1,-1
611,20,1606,934,67,113,-1,-1,-1,-1
612,20,1606,934,66,114,-1,-1,-1,-1
613,20,1607,934,66,114,-1,-1,-1,-1
614,20,1607,934,66,115,-1,-1,-1,-1
615,20,1606,934,67,115,-1,-1,-1,-1
616,20,1606,935,66,113,-1,-1,-1,-1
617,20,1607,934,66,115,-1,-1,-1,-1
618,20,1607,935,65,116,-1,-1,-1,-1
619,20,1607,935,66,114,-1,-1,-1,-1
620,20,1608,935,65,113,-1,-1,-1,-1
621,20,1607,935,65,114,-1,-1,-1,-1
622,20,1607,935,65,114,-1,-1,-1,-1
623,20,1608,935,64,113,-1,-1,-1,-1
624,20,1607,936,64,112,-1,-1,-1,-1
625,20,1608,937,64,111,-1,-1,-1,-1
626,20,1607,937,65,112,-1,-1,-1,-1
627,20,1607,937,65,111,-1,-1,-1,-1
628,20,1607,936,65,112,-1,-1,-1,-1
629,20,1608,937,64,111,-1,-1,-1,-1
630,20,1608,936,64,111,-1,-1,-1,-1
631,20,1607,936,65,111,-1,-1,-1,-1
632,20,1605,936,67,112,-1,-1,-1,-1
633,20,1605,936,67,111,-1,-1,-1,-1
634,20,1606,937,66,110,-1,-1,-1,-1
635,20,1607,937,66,111,-1,-1,-1,-1
636,20,1605,937,67,112,-1,-1,-1,-1
637,20,1606,938,65,110,-1,-1,-1,-1
638,20,1606,938,65,111,-1,-1,-1,-1
639,20,1606,938,66,110,-1,-1,-1,-1
640,20,1607,938,64,110,-1,-1,-1,-1
641,20,1608,938,65,111,-1,-1,-1,-1
642,20,1609,939,64,110,-1,-1,-1,-1
643,20,1609,939,66,109,-1,-1,-1,-1
644,20,1609,940,67,109,-1,-1,-1,-1
645,20,1609,941,67,106,-1,-1,-1,-1
646,20,1610,940,66,109,-1,-1,-1,-1
647,20,1609,941,66,107,-1,-1,-1,-1
648,20,1609,941,67,109,-1,-1,-1,-1
649,20,1609,941,68,110,-1,-1,-1,-1
650,20,1609,941,68,110,-1,-1,-1,-1
651,20,1610,941,67,111,-1,-1,-1,-1
652,20,1611,942,66,110,-1,-1,-1,-1
653,20,1611,942,67,111,-1,-1,-1,-1
654,20,1611,942,67,111,-1,-1,-1,-1
655,20,1613,942,64,111,-1,-1,-1,-1
656,20,1613,941,64,112,-1,-1,-1,-1
657,20,1613,942,64,110,-1,-1,-1,-1
658,20,1614,942,63,110,-1,-1,-1,-1
659,20,1615,942,61,111,-1,-1,-1,-1
660,20,1616,942,60,110,-1,-1,-1,-1
661,20,1615,942,63,110,-1,-1,-1,-1
662,20,1616,942,62,111,-1,-1,-1,-1
663,20,1616,942,62,112,-1,-1,-1,-1
664,20,1615,942,63,112,-1,-1,-1,-1
665,20,1616,942,63,113,-1,-1,-1,-1
666,20,1615,942,64,113,-1,-1,-1,-1
667,20,1615,942,65,113,-1,-1,-1,-1
668,20,1615,942,65,113,-1,-1,-1,-1
669,20,1616,942,64,114,-1,-1,-1,-1
670,20,1616,941,64,114,-1,-1,-1,-1
671,20,1617,942,63,113,-1,-1,-1,-1
672,20,1617,942,63,113,-1,-1,-1,-1
673,20,1617,942,64,113,-1,-1,-1,-1
674,20,1618,943,65,110,-1,-1,-1,-1
675,20,1618,944,64,109,-1,-1,-1,-1
676,20,1618,944,64,109,-1,-1,-1,-1
677,20,1618,944,64,109,-1,-1,-1,-1
678,20,1618,944,63,108,-1,-1,-1,-1
679,20,1619,945,62,107,-1,-1,-1,-1
680,20,1619,945,60,106,-1,-1,-1,-1
681,20,1619,945,60,107,-1,-1,-1,-1
682,20,1619,945,60,107,-1,-1,-1,-1
683,20,1618,945,61,108,-1,-1,-1,-1
684,20,1618,945,61,107,-1,-1,-1,-1
685,20,1618,944,62,110,-1,-1,-1,-1
686,20,1617,944,63,110,-1,-1,-1,-1
687,20,1617,944,63,110,-1,-1,-1,-1
688,20,1617,944,63,111,-1,-1,-1,-1
689,20,1616,945,64,110,-1,-1,-1,-1
690,20,1616,944,65,111,-1,-1,-1,-1
691,20,1615,943,67,111,-1,-1,-1,-1
692,20,1616,942,66,112,-1,-1,-1,-1
693,20,1616,942,66,112,-1,-1,-1,-1
694,20,1615,942,67,113,-1,-1,-1,-1
695,20,1615,942,68,114,-1,-1,-1,-1
696,20,1615,941,67,114,-1,-1,-1,-1
697,20,1616,942,65,113,-1,-1,-1,-1
698,20,1616,942,65,114,-1,-1,-1,-1
699,20,1616,942,65,113,-1,-1,-1,-1
700,20,1615,942,66,113,-1,-1,-1,-1
701,20,1615,942,65,113,-1,-1,-1,-1
702,20,1615,942,65,112,-1,-1,-1,-1
703,20,1615,942,65,113,-1,-1,-1,-1
704,20,1615,942,66,113,-1,-1,-1,-1
705,20,1615,942,66,113,-1,-1,-1,-1
706,20,1616,942,64,112,-1,-1,-1,-1
707,20,1615,942,66,113,-1,-1,-1,-1
708,20,1615,942,65,113,-1,-1,-1,-1
709,20,1616,941,65,114,-1,-1,-1,-1
710,20,1616,941,65,114,-1,-1,-1,-1
711,20,1616,941,65,114,-1,-1,-1,-1
712,20,1616,941,65,114,-1,-1,-1,-1
713,20,1615,941,66,114,-1,-1,-1,-1
714,20,1615,941,66,114,-1,-1,-1,-1
715,20,1615,941,66,114,-1,-1,-1,-1
716,20,1615,941,66,114,-1,-1,-1,-1
717,20,1615,941,66,114,-1,-1,-1,-1
718,20,1615,941,66,113,-1,-1,-1,-1
719,20,1615,940,66,115,-1,-1,-1,-1
720,20,1615,940,66,115,-1,-1,-1,-1
721,20,1615,941,65,114,-1,-1,-1,-1
722,20,1615,940,66,115,-1,-1,-1,-1
723,20,1614,940,67,115,-1,-1,-1,-1
724,20,1615,940,66,115,-1,-1,-1,-1
725,20,1615,941,66,115,-1,-1,-1,-1
726,20,1615,941,66,115,-1,-1,-1,-1
727,20,1615,941,66,114,-1,-1,-1,-1
728,20,1615,940,66,115,-1,-1,-1,-1
729,20,1615,940,66,115,-1,-1,-1,-1
730,20,1615,940,66,115,-1,-1,-1,-1
731,20,1615,941,66,114,-1,-1,-1,-1
732,20,1615,941,66,114,-1,-1,-1,-1
733,20,1614,941,67,115,-1,-1,-1,-1
734,20,1614,941,67,115,-1,-1,-1,-1
735,20,1614,941,67,115,-1,-1,-1,-1
736,20,1614,941,67,115,-1,-1,-1,-1
737,20,1614,941,67,115,-1,-1,-1,-1
738,20,1614,941,67,114,-1,-1,-1,-1
739,20,1614,941,67,115,-1,-1,-1,-1
740,20,1614,941,67,114,-1,-1,-1,-1
741,20,1615,941,66,114,-1,-1,-1,-1
742,20,1614,941,67,114,-1,-1,-1,-1
743,20,1615,941,67,114,-1,-1,-1,-1
744,20,1615,942,66,113,-1,-1,-1,-1
745,20,1614,941,67,114,-1,-1,-1,-1
746,20,1614,941,68,114,-1,-1,-1,-1
747,20,1614,941,68,114,-1,-1,-1,-1
748,20,1614,941,68,114,-1,-1,-1,-1
749,20,1614,941,67,113,-1,-1,-1,-1
750,20,1614,940,68,115,-1,-1,-1,-1
751,20,1614,940,68,116,-1,-1,-1,-1
752,20,1614,940,68,116,-1,-1,-1,-1
753,20,1614,940,68,115,-1,-1,-1,-1
754,20,1614,940,68,116,-1,-1,-1,-1
755,20,1614,940,67,115,-1,-1,-1,-1
756,20,1614,940,67,115,-1,-1,-1,-1
757,20,1613,940,68,115,-1,-1,-1,-1
758,20,1614,940,67,115,-1,-1,-1,-1
759,20,1613,940,69,116,-1,-1,-1,-1
760,20,1613,940,69,115,-1,-1,-1,-1
761,20,1613,940,69,116,-1,-1,-1,-1
762,20,1613,940,69,116,-1,-1,-1,-1
763,20,1613,941,69,115,-1,-1,-1,-1
764,20,1613,940,69,116,-1,-1,-1,-1
765,20,1613,940,69,116,-1,-1,-1,-1
766,20,1613,940,69,115,-1,-1,-1,-1
767,20,1613,940,71,116,-1,-1,-1,-1
768,20,1613,940,71,115,-1,-1,-1,-1
769,20,1613,940,70,114,-1,-1,-1,-1
770,20,1613,940,71,114,-1,-1,-1,-1
771,20,1613,940,71,114,-1,-1,-1,-1
772,20,1613,940,71,114,-1,-1,-1,-1
773,20,1612,940,72,114,-1,-1,-1,-1
774,20,1613,940,71,114,-1,-1,-1,-1
775,20,1613,940,71,114,-1,-1,-1,-1
776,20,1613,940,71,115,-1,-1,-1,-1
777,20,1613,940,72,115,-1,-1,-1,-1
778,20,1613,940,71,114,-1,-1,-1,-1
779,20,1613,940,71,114,-1,-1,-1,-1
780,20,1613,940,71,115,-1,-1,-1,-1
781,20,1613,940,71,114,-1,-1,-1,-1
782,20,1614,941,70,113,-1,-1,-1,-1
783,20,1614,941,70,113,-1,-1,-1,-1
784,20,1614,940,70,114,-1,-1,-1,-1
785,20,1613,940,71,114,-1,-1,-1,-1
786,20,1613,940,72,115,-1,-1,-1,-1
787,20,1613,940,71,114,-1,-1,-1,-1
788,20,1613,940,72,115,-1,-1,-1,-1
789,20,1613,941,72,114,-1,-1,-1,-1
790,20,1613,941,72,114,-1,-1,-1,-1
791,20,1613,940,72,115,-1,-1,-1,-1
792,20,1613,940,72,115,-1,-1,-1,-1
793,20,1614,940,71,113,-1,-1,-1,-1
794,20,1614,940,70,113,-1,-1,-1,-1
795,20,1614,940,71,113,-1,-1,-1,-1
796,20,1614,940,71,113,-1,-1,-1,-1
797,20,1614,940,70,114,-1,-1,-1,-1
798,20,1614,940,71,114,-1,-1,-1,-1
799,20,1614,940,71,114,-1,-1,-1,-1
800,20,1615,940,69,114,-1,-1,-1,-1
801,20,1615,940,69,114,-1,-1,-1,-1
802,20,1614,941,70,113,-1,-1,-1,-1
803,20,1614,940,71,115,-1,-1,-1,-1
804,20,1614,940,71,115,-1,-1,-1,-1
805,20,1614,941,71,114,-1,-1,-1,-1
806,20,1614,941,71,114,-1,-1,-1,-1
807,20,1614,941,71,114,-1,-1,-1,-1
808,20,1614,940,71,116,-1,-1,-1,-1
809,20,1614,940,70,116,-1,-1,-1,-1
810,20,1614,940,71,116,-1,-1,-1,-1
811,20,1614,940,70,116,-1,-1,-1,-1
812,20,1614,940,70,116,-1,-1,-1,-1
813,20,1614,940,70,116,-1,-1,-1,-1
814,20,1614,940,70,116,-1,-1,-1,-1
815,20,1614,940,70,116,-1,-1,-1,-1
816,20,1614,940,70,116,-1,-1,-1,-1
817,20,1615,940,68,115,-1,-1,-1,-1
818,20,1615,940,69,115,-1,-1,-1,-1
819,20,1615,941,68,114,-1,-1,-1,-1
820,20,1615,941,68,114,-1,-1,-1,-1
821,20,1615,941,69,114,-1,-1,-1,-1
822,20,1615,942,69,112,-1,-1,-1,-1
823,20,1615,942,68,112,-1,-1,-1,-1
824,20,1615,942,69,112,-1,-1,-1,-1
825,20,1615,942,69,113,-1,-1,-1,-1
826,20,1615,942,70,114,-1,-1,-1,-1
827,20,1615,941,70,114,-1,-1,-1,-1
828,20,1615,941,70,114,-1,-1,-1,-1
829,20,1615,942,70,112,-1,-1,-1,-1
830,20,1616,942,68,112,-1,-1,-1,-1
831,20,1615,942,69,112,-1,-1,-1,-1
832,20,1615,942,68,112,-1,-1,-1,-1
833,20,1615,942,69,112,-1,-1,-1,-1
834,20,1615,942,69,112,-1,-1,-1,-1
423,21,939,783,59,78,-1,-1,-1,-1
424,21,936,780,64,82,-1,-1,-1,-1
425,21,938,780,62,83,-1,-1,-1,-1
426,21,934,773,66,102,-1,-1,-1,-1
427,21,931,768,67,106,-1,-1,-1,-1
428,21,929,767,68,107,-1,-1,-1,-1
429,21,928,767,68,107,-1,-1,-1,-1
430,21,927,768,67,99,-1,-1,-1,-1
431,21,925,769,66,93,-1,-1,-1,-1
432,21,926,770,65,90,-1,-1,-1,-1
433,21,925,769,64,89,-1,-1,-1,-1
434,21,925,769,63,91,-1,-1,-1,-1
435,21,925,768,62,92,-1,-1,-1,-1
436,21,923,770,64,91,-1,-1,-1,-1
437,21,922,769,62,89,-1,-1,-1,-1
438,21,921,768,63,89,-1,-1,-1,-1
439,21,921,769,64,90,-1,-1,-1,-1
440,21,919,761,66,103,-1,-1,-1,-1
441,21,921,766,64,94,-1,-1,-1,-1
442,21,920,761,64,102,-1,-1,-1,-1
443,21,921,761,64,100,-1,-1,-1,-1
444,21,922,767,62,87,-1,-1,-1,-1
445,21,923,767,62,84,-1,-1,-1,-1
446,21,922,767,61,83,-1,-1,-1,-1
447,21,920,769,64,87,-1,-1,-1,-1
448,21,920,769,64,87,-1,-1,-1,-1
449,21,921,766,60,87,-1,-1,-1,-1
450,21,921,759,62,105,-1,-1,-1,-1
451,21,921,766,60,87,-1,-1,-1,-1
452,21,918,771,65,86,-1,-1,-1,-1
453,21,919,764,61,94,-1,-1,-1,-1
454,21,917,763,65,107,-1,-1,-1,-1
455,21,916,762,66,108,-1,-1,-1,-1
456,21,917,761,62,101,-1,-1,-1,-1
457,21,917,760,64,111,-1,-1,-1,-1
458,21,918,762,61,99,-1,-1,-1,-1
459,21,916,762,65,109,-1,-1,-1,-1
460,21,916,761,65,110,-1,-1,-1,-1
461,21,916,761,64,110,-1,-1,-1,-1
462,21,918,763,62,99,-1,-1,-1,-1
463,21,917,761,63,110,-1,-1,-1,-1
464,21,915,761,65,111,-1,-1,-1,-1
465,21,916,761,63,110,-1,-1,-1,-1
466,21,915,762,64,109,-1,-1,-1,-1
467,21,914,761,64,110,-1,-1,-1,-1
468,21,914,762,64,109,-1,-1,-1,-1
469,21,914,765,66,106,-1,-1,-1,-1
470,21,915,766,65,105,-1,-1,-1,-1
471,21,915,767,65,104,-1,-1,-1,-1
472,21,915,766,65,105,-1,-1,-1,-1
473,21,915,766,65,105,-1,-1,-1,-1
474,21,914,764,66,108,-1,-1,-1,-1
475,21,914,763,65,109,-1,-1,-1,-1
476,21,914,764,66,108,-1,-1,-1,-1
477,21,913,763,67,109,-1,-1,-1,-1
478,21,913,762,67,110,-1,-1,-1,-1
479,21,913,763,68,109,-1,-1,-1,-1
480,21,914,764,67,107,-1,-1,-1,-1
481,21,913,764,67,107,-1,-1,-1,-1
482,21,913,759,66,108,-1,-1,-1,-1
483,21,912,759,68,113,-1,-1,-1,-1
484,21,914,759,66,109,-1,-1,-1,-1
485,21,914,757,66,109,-1,-1,-1,-1
486,21,913,758,66,106,-1,-1,-1,-1
487,21,913,757,66,107,-1,-1,-1,-1
488,21,912,757,66,113,-1,-1,-1,-1
489,21,912,757,65,112,-1,-1,-1,-1
490,21,913,757,64,107,-1,-1,-1,-1
491,21,913,757,64,108,-1,-1,-1,-1
492,21,913,758,63,107,-1,-1,-1,-1
493,21,911,762,66,110,-1,-1,-1,-1
494,21,911,763,66,109,-1,-1,-1,-1
495,21,910,756,65,114,-1,-1,-1,-1
496,21,909,758,67,113,-1,-1,-1,-1
497,21,907,759,70,112,-1,-1,-1,-1
498,21,907,759,70,113,-1,-1,-1,-1
499,21,908,757,68,114,-1,-1,-1,-1
500,21,909,757,68,110,-1,-1,-1,-1
501,21,907,757,70,113,-1,-1,-1,-1
502,21,907,757,71,111,-1,-1,-1,-1
503,21,906,757,73,112,-1,-1,-1,-1
504,21,909,757,70,112,-1,-1,-1,-1
505,21,912,758,64,107,-1,-1,-1,-1
506,21,912,758,66,106,-1,-1,-1,-1
507,21,911,759,67,107,-1,-1,-1,-1
508,21,911,762,69,112,-1,-1,-1,-1
509,21,913,760,65,110,-1,-1,-1,-1
510,21,913,757,66,115,-1,-1,-1,-1
511,21,913,758,66,114,-1,-1,-1,-1
512,21,913,763,67,112,-1,-1,-1,-1
513,21,914,763,67,112,-1,-1,-1,-1
514,21,916,763,64,111,-1,-1,-1,-1
515,21,917,766,62,97,-1,-1,-1,-1
516,21,918,761,62,104,-1,-1,-1,-1
517,21,919,768,66,94,-1,-1,-1,-1
518,21,919,769,66,93,-1,-1,-1,-1
519,21,923,764,65,99,-1,-1,-1,-1
520,21,920,768,63,94,-1,-1,-1,-1
521,21,920,769,63,93,-1,-1,-1,-1
522,21,918,762,66,108,-1,-1,-1,-1
523,21,919,760,65,106,-1,-1,-1,-1
524,21,921,767,65,96,-1,-1,-1,-1
525,21,921,768,64,94,-1,-1,-1,-1
526,21,920,763,64,104,-1,-1,-1,-1
527,21,922,769,62,91,-1,-1,-1,-1
528,21,922,768,62,92,-1,-1,-1,-1
529,21,922,771,63,89,-1,-1,-1,-1
530,21,922,770,65,91,-1,-1,-1,-1
531,21,922,770,64,91,-1,-1,-1,-1
532,21,921,769,66,92,-1,-1,-1,-1
533,21,921,766,65,93,-1,-1,-1,-1
534,21,920,765,66,95,-1,-1,-1,-1
535,21,920,767,65,93,-1,-1,-1,-1
536,21,921,768,65,95,-1,-1,-1,-1
537,21,922,768,64,95,-1,-1,-1,-1
538,21,923,770,65,92,-1,-1,-1,-1
539,21,922,769,66,93,-1,-1,-1,-1
540,21,923,768,68,95,-1,-1,-1,-1
541,21,923,768,65,93,-1,-1,-1,-1
542,21,923,769,64,91,-1,-1,-1,-1
543,21,924,768,62,93,-1,-1,-1,-1
544,21,927,766,62,96,-1,-1,-1,-1
545,21,922,768,64,91,-1,-1,-1,-1
546,21,922,768,63,90,-1,-1,-1,-1
547,21,922,764,65,99,-1,-1,-1,-1
548,21,923,769,62,89,-1,-1,-1,-1
549,21,922,763,63,100,-1,-1,-1,-1
550,21,922,769,63,91,-1,-1,-1,-1
551,21,921,769,64,90,-1,-1,-1,-1
552,21,922,768,63,92,-1,-1,-1,-1
553,21,920,768,67,93,-1,-1,-1,-1
554,21,920,768,66,92,-1,-1,-1,-1
555,21,920,768,66,92,-1,-1,-1,-1
556,21,920,767,66,93,-1,-1,-1,-1
557,21,919,766,65,94,-1,-1,-1,-1
558,21,919,765,64,95,-1,-1,-1,-1
559,21,920,766,63,93,-1,-1,-1,-1
560,21,920,762,66,100,-1,-1,-1,-1
561,21,918,767,66,94,-1,-1,-1,-1
562,21,917,767,68,95,-1,-1,-1,-1
563,21,919,769,65,90,-1,-1,-1,-1
564,21,918,769,64,92,-1,-1,-1,-1
565,21,918,767,64,94,-1,-1,-1,-1
566,21,918,768,65,92,-1,-1,-1,-1
567,21,918,768,65,94,-1,-1,-1,-1
568,21,918,769,65,93,-1,-1,-1,-1
569,21,917,768,68,97,-1,-1,-1,-1
570,21,918,767,65,95,-1,-1,-1,-1
571,21,917,768,66,94,-1,-1,-1,-1
572,21,917,764,67,101,-1,-1,-1,-1
573,21,917,765,66,100,-1,-1,-1,-1
574,21,917,769,69,105,-1,-1,-1,-1
575,21,917,763,65,102,-1,-1,-1,-1
576,21,916,768,69,106,-1,-1,-1,-1
577,21,916,771,68,89,-1,-1,-1,-1
578,21,916,763,66,107,-1,-1,-1,-1
579,21,918,768,66,106,-1,-1,-1,-1
580,21,915,773,68,88,-1,-1,-1,-1
581,21,917,770,64,93,-1,-1,-1,-1
582,21,917,768,64,95,-1,-1,-1,-1
583,21,917,770,64,93,-1,-1,-1,-1
584,21,918,768,65,105,-1,-1,-1,-1
585,21,917,770,65,92,-1,-1,-1,-1
586,21,918,768,62,95,-1,-1,-1,-1
587,21,918,770,65,92,-1,-1,-1,-1
588,21,917,770,67,93,-1,-1,-1,-1
589,21,920,772,63,90,-1,-1,-1,-1
590,21,920,773,66,89,-1,-1,-1,-1
591,21,920,771,68,92,-1,-1,-1,-1
592,21,920,769,69,96,-1,-1,-1,-1
593,21,921,768,70,98,-1,-1,-1,-1
594,21,924,768,69,97,-1,-1,-1,-1
595,21,925,769,70,97,-1,-1,-1,-1
596,21,931,773,67,100,-1,-1,-1,-1
597,21,932,773,66,99,-1,-1,-1,-1
598,21,935,767,59,99,-1,-1,-1,-1
599,21,933,775,66,98,-1,-1,-1,-1
600,21,932,774,67,100,-1,-1,-1,-1
601,21,939,772,58,93,-1,-1,-1,-1
602,21,940,771,57,94,-1,-1,-1,-1
603,21,934,780,64,83,-1,-1,-1,-1
604,21,935,781,64,83,-1,-1,-1,-1
605,21,935,782,64,81,-1,-1,-1,-1
606,21,936,782,63,81,-1,-1,-1,-1
607,21,936,779,63,83,-1,-1,-1,-1
608,21,936,779,64,83,-1,-1,-1,-1
609,21,941,771,57,95,-1,-1,-1,-1
610,21,941,772,59,95,-1,-1,-1,-1
611,21,936,779,66,86,-1,-1,-1,-1
612,21,941,771,56,101,-1,-1,-1,-1
613,21,939,780,63,95,-1,-1,-1,-1
614,21,936,779,65,93,-1,-1,-1,-1
615,21,937,781,65,92,-1,-1,-1,-1
616,21,937,779,67,92,-1,-1,-1,-1
617,21,938,779,69,92,-1,-1,-1,-1
618,21,938,778,69,93,-1,-1,-1,-1
619,21,938,778,66,94,-1,-1,-1,-1
620,21,938,777,66,96,-1,-1,-1,-1
621,21,939,778,67,96,-1,-1,-1,-1
622,21,938,779,67,95,-1,-1,-1,-1
623,21,938,779,69,97,-1,-1,-1,-1
624,21,939,782,67,95,-1,-1,-1,-1
625,21,941,786,67,95,-1,-1,-1,-1
626,21,947,783,67,100,-1,-1,-1,-1
627,21,946,781,69,99,-1,-1,-1,-1
628,21,943,784,72,88,-1,-1,-1,-1
629,21,947,776,71,102,-1,-1,-1,-1
630,21,944,772,75,102,-1,-1,-1,-1
631,21,947,776,75,107,-1,-1,-1,-1
632,21,952,771,73,111,-1,-1,-1,-1
633,21,957,782,68,94,-1,-1,-1,-1
634,21,961,785,57,80,-1,-1,-1,-1
635,21,964,790,58,79,-1,-1,-1,-1
636,21,962,785,65,100,-1,-1,-1,-1
637,21,963,789,64,100,-1,-1,-1,-1
638,21,962,792,64,96,-1,-1,-1,-1
639,21,963,794,64,92,-1,-1,-1,-1
640,21,964,794,64,92,-1,-1,-1,-1
641,21,967,795,62,94,-1,-1,-1,-1
642,21,972,794,62,98,-1,-1,-1,-1
643,21,970,794,61,97,-1,-1,-1,-1
644,21,969,793,60,96,-1,-1,-1,-1
645,21,973,795,60,96,-1,-1,-1,-1
646,21,974,793,61,99,-1,-1,-1,-1
647,21,975,794,59,103,-1,-1,-1,-1
648,21,976,789,59,112,-1,-1,-1,-1
649,21,975,791,62,111,-1,-1,-1,-1
650,21,979,792,58,117,-1,-1,-1,-1
651,21,981,801,57,97,-1,-1,-1,-1
652,21,984,797,54,106,-1,-1,-1,-1
653,21,978,802,61,98,-1,-1,-1,-1
654,21,985,806,54,94,-1,-1,-1,-1
655,21,981,809,60,91,-1,-1,-1,-1
656,21,983,812,62,93,-1,-1,-1,-1
657,21,985,813,61,91,-1,-1,-1,-1
658,21,983,812,65,92,-1,-1,-1,-1
659,21,984,812,64,95,-1,-1,-1,-1
660,21,982,813,66,95,-1,-1,-1,-1
661,21,982,810,65,100,-1,-1,-1,-1
662,21,984,810,64,105,-1,-1,-1,-1
663,21,985,807,61,108,-1,-1,-1,-1
664,21,986,810,63,105,-1,-1,-1,-1
665,21,984,810,67,107,-1,-1,-1,-1
666,21,987,809,63,114,-1,-1,-1,-1
667,21,988,808,62,116,-1,-1,-1,-1
668,21,985,810,68,111,-1,-1,-1,-1
669,21,985,811,70,108,-1,-1,-1,-1
670,21,985,809,70,111,-1,-1,-1,-1
671,21,989,813,70,112,-1,-1,-1,-1
672,21,989,811,69,113,-1,-1,-1,-1
673,21,992,813,68,118,-1,-1,-1,-1
674,21,993,815,67,118,-1,-1,-1,-1
675,21,994,813,67,118,-1,-1,-1,-1
676,21,1000,816,61,115,-1,-1,-1,-1
677,21,1001,818,62,112,-1,-1,-1,-1
678,21,1004,819,58,110,-1,-1,-1,-1
679,21,1005,818,57,115,-1,-1,-1,-1
680,21,1001,818,62,114,-1,-1,-1,-1
681,21,1001,819,62,112,-1,-1,-1,-1
682,21,1008,821,55,114,-1,-1,-1,-1
683,21,1002,822,61,112,-1,-1,-1,-1
684,21,1006,829,59,105,-1,-1,-1,-1
685,21,1005,833,61,99,-1,-1,-1,-1
686,21,1003,833,64,102,-1,-1,-1,-1
687,21,999,832,69,106,-1,-1,-1,-1
688,21,1000,832,66,105,-1,-1,-1,-1
689,21,1003,834,63,105,-1,-1,-1,-1
690,21,1001,832,66,111,-1,-1,-1,-1
691,21,1001,830,65,112,-1,-1,-1,-1
692,21,1000,828,67,111,-1,-1,-1,-1
693,21,1003,828,61,117,-1,-1,-1,-1
694,21,1003,831,62,114,-1,-1,-1,-1
695,21,1004,835,62,106,-1,-1,-1,-1
696,21,1008,835,57,103,-1,-1,-1,-1
697,21,1009,833,58,106,-1,-1,-1,-1
698,21,1011,837,54,103,-1,-1,-1,-1
699,21,1012,839,54,109,-1,-1,-1,-1
700,21,1013,839,53,103,-1,-1,-1,-1
701,21,1014,839,54,112,-1,-1,-1,-1
702,21,1011,841,56,112,-1,-1,-1,-1
703,21,1014,840,54,112,-1,-1,-1,-1
704,21,1010,841,58,109,-1,-1,-1,-1
705,21,1012,842,55,111,-1,-1,-1,-1
706,21,1012,840,58,112,-1,-1,-1,-1
707,21,1013,839,59,115,-1,-1,-1,-1
708,21,1014,840,58,112,-1,-1,-1,-1
709,21,1013,839,59,111,-1,-1,-1,-1
710,21,1009,843,62,106,-1,-1,-1,-1
711,21,1013,840,59,110,-1,-1,-1,-1
712,21,1011,840,61,113,-1,-1,-1,-1
713,21,1010,841,60,115,-1,-1,-1,-1
714,21,1010,844,60,115,-1,-1,-1,-1
715,21,1011,847,58,113,-1,-1,-1,-1
716,21,1011,847,59,115,-1,-1,-1,-1
717,21,1012,848,59,112,-1,-1,-1,-1
718,21,1009,847,63,122,-1,-1,-1,-1
719,21,1012,850,59,114,-1,-1,-1,-1
720,21,1013,851,57,110,-1,-1,-1,-1
721,21,1013,849,57,113,-1,-1,-1,-1
722,21,1012,849,58,111,-1,-1,-1,-1
723,21,1012,849,58,112,-1,-1,-1,-1
724,21,1012,851,58,110,-1,-1,-1,-1
725,21,1014,853,58,110,-1,-1,-1,-1
726,21,1015,857,60,106,-1,-1,-1,-1
727,21,1014,854,58,108,-1,-1,-1,-1
728,21,1017,857,58,106,-1,-1,-1,-1
729,21,1015,859,61,110,-1,-1,-1,-1
730,21,1016,860,60,109,-1,-1,-1,-1
731,21,1017,862,60,105,-1,-1,-1,-1
732,21,1019,861,57,103,-1,-1,-1,-1
733,21,1014,862,61,102,-1,-1,-1,-1
734,21,1014,860,63,106,-1,-1,-1,-1
735,21,1018,864,61,111,-1,-1,-1,-1
736,21,1017,865,61,108,-1,-1,-1,-1
737,21,1017,865,62,101,-1,-1,-1,-1
738,21,1020,865,59,103,-1,-1,-1,-1
739,21,1022,868,55,101,-1,-1,-1,-1
740,21,1021,865,59,104,-1,-1,-1,-1
741,21,1022,869,56,99,-1,-1,-1,-1
742,21,1023,868,55,99,-1,-1,-1,-1
743,21,1021,867,60,106,-1,-1,-1,-1
744,21,1022,866,59,106,-1,-1,-1,-1
745,21,1023,865,59,116,-1,-1,-1,-1
746,21,1026,872,55,102,-1,-1,-1,-1
747,21,1028,873,53,100,-1,-1,-1,-1
748,21,1026,877,57,100,-1,-1,-1,-1
749,21,1029,876,53,93,-1,-1,-1,-1
750,21,1028,878,53,92,-1,-1,-1,-1
751,21,1029,880,54,85,-1,-1,-1,-1
752,21,1028,879,56,91,-1,-1,-1,-1
753,21,1027,879,58,94,-1,-1,-1,-1
754,21,1027,878,58,96,-1,-1,-1,-1
755,21,1028,881,57,93,-1,-1,-1,-1
756,21,1028,883,56,88,-1,-1,-1,-1
757,21,1036,887,48,83,-1,-1,-1,-1
758,21,1032,886,54,89,-1,-1,-1,-1
759,21,1036,887,49,84,-1,-1,-1,-1
760,21,1035,885,54,94,-1,-1,-1,-1
761,21,1036,886,54,95,-1,-1,-1,-1
762,21,1036,887,55,99,-1,-1,-1,-1
763,21,1038,888,52,94,-1,-1,-1,-1
764,21,1036,887,54,96,-1,-1,-1,-1
765,21,1034,886,58,102,-1,-1,-1,-1
766,21,1039,889,55,99,-1,-1,-1,-1
767,21,1037,885,55,108,-1,-1,-1,-1
768,21,1038,887,57,106,-1,-1,-1,-1
769,21,1037,893,59,102,-1,-1,-1,-1
770,21,1036,893,61,104,-1,-1,-1,-1
771,21,1040,891,61,104,-1,-1,-1,-1
772,21,1041,891,60,105,-1,-1,-1,-1
773,21,1047,892,57,103,-1,-1,-1,-1
774,21,1053,892,51,101,-1,-1,-1,-1
775,21,1050,886,54,107,-1,-1,-1,-1
776,21,1050,889,54,106,-1,-1,-1,-1
777,21,1057,892,49,101,-1,-1,-1,-1
778,21,1058,897,48,98,-1,-1,-1,-1
779,21,1059,899,46,95,-1,-1,-1,-1
780,21,1052,898,55,107,-1,-1,-1,-1
781,21,1051,898,57,116,-1,-1,-1,-1
782,21,1046,896,62,120,-1,-1,-1,-1
783,21,1050,900,55,111,-1,-1,-1,-1
784,21,1050,903,58,110,-1,-1,-1,-1
785,21,1046,897,65,118,-1,-1,-1,-1
786,21,1053,901,55,114,-1,-1,-1,-1
787,21,1049,902,63,115,-1,-1,-1,-1
788,21,1056,909,55,109,-1,-1,-1,-1
789,21,1056,915,54,101,-1,-1,-1,-1
790,21,1055,913,56,104,-1,-1,-1,-1
791,21,1056,910,57,108,-1,-1,-1,-1
792,21,1056,910,58,108,-1,-1,-1,-1
793,21,1057,910,59,110,-1,-1,-1,-1
794,21,1061,910,56,109,-1,-1,-1,-1
795,21,1061,910,56,111,-1,-1,-1,-1
796,21,1057,910,61,112,-1,-1,-1,-1
797,21,1059,908,58,114,-1,-1,-1,-1
798,21,1058,911,58,112,-1,-1,-1,-1
799,21,1061,915,57,110,-1,-1,-1,-1
800,21,1061,914,57,111,-1,-1,-1,-1
801,21,1062,913,57,114,-1,-1,-1,-1
802,21,1062,912,58,118,-1,-1,-1,-1
803,21,1064,915,57,115,-1,-1,-1,-1
804,21,1064,911,58,121,-1,-1,-1,-1
805,21,1065,922,61,109,-1,-1,-1,-1
806,21,1066,922,61,109,-1,-1,-1,-1
807,21,1069,921,57,109,-1,-1,-1,-1
808,21,1070,920,56,111,-1,-1,-1,-1
809,21,1071,918,55,113,-1,-1,-1,-1
810,21,1070,918,58,116,-1,-1,-1,-1
811,21,1070,919,59,115,-1,-1,-1,-1
812,21,1070,923,58,113,-1,-1,-1,-1
813,21,1070,925,61,112,-1,-1,-1,-1
814,21,1069,926,62,113,-1,-1,-1,-1
815,21,1069,930,61,110,-1,-1,-1,-1
816,21,1069,931,60,109,-1,-1,-1,-1
817,21,1069,931,61,111,-1,-1,-1,-1
818,21,1068,930,62,112,-1,-1,-1,-1
819,21,1071,931,59,113,-1,-1,-1,-1
820,21,1070,930,59,114,-1,-1,-1,-1
821,21,1069,931,60,112,-1,-1,-1,-1
822,21,1069,929,59,115,-1,-1,-1,-1
823,21,1070,929,58,116,-1,-1,-1,-1
824,21,1071,930,57,113,-1,-1,-1,-1
825,21,1071,929,59,116,-1,-1,-1,-1
826,21,1072,931,57,115,-1,-1,-1,-1
827,21,1075,932,56,116,-1,-1,-1,-1
828,21,1074,934,56,115,-1,-1,-1,-1
829,21,1075,936,58,116,-1,-1,-1,-1
830,21,1071,935,59,121,-1,-1,-1,-1
831,21,1074,938,56,118,-1,-1,-1,-1
832,21,1075,942,59,112,-1,-1,-1,-1
833,21,1072,943,57,114,-1,-1,-1,-1
834,21,1072,943,59,115,-1,-1,-1,-1
