11,0,733,34,24,47,-1,-1,-1,-1
12,0,731,33,25,48,-1,-1,-1,-1
13,0,733,35,25,49,-1,-1,-1,-1
14,0,733,34,25,49,-1,-1,-1,-1
15,0,732,29,26,52,-1,-1,-1,-1
16,0,732,29,26,52,-1,-1,-1,-1
17,0,731,28,26,52,-1,-1,-1,-1
2,1,672,47,29,52,-1,-1,-1,-1
3,1,672,43,29,55,-1,-1,-1,-1
4,1,673,45,33,57,-1,-1,-1,-1
5,1,674,45,33,58,-1,-1,-1,-1
6,1,675,45,32,59,-1,-1,-1,-1
7,1,674,42,30,57,-1,-1,-1,-1
8,1,675,45,32,57,-1,-1,-1,-1
9,1,676,46,33,55,-1,-1,-1,-1
10,1,675,46,34,56,-1,-1,-1,-1
11,1,675,47,33,55,-1,-1,-1,-1
12,1,673,44,36,58,-1,-1,-1,-1
13,1,673,45,36,59,-1,-1,-1,-1
14,1,674,45,35,59,-1,-1,-1,-1
15,1,674,46,35,58,-1,-1,-1,-1
16,1,674,44,33,60,-1,-1,-1,-1
17,1,674,41,34,63,-1,-1,-1,-1
18,1,675,44,35,60,-1,-1,-1,-1
19,1,676,44,36,60,-1,-1,-1,-1
20,1,677,44,35,59,-1,-1,-1,-1
71,2,812,5,24,42,-1,-1,-1,-1
72,2,811,5,25,43,-1,-1,-1,-1
73,2,810,6,26,43,-1,-1,-1,-1
77,3,811,6,24,43,-1,-1,-1,-1
78,3,811,5,24,44,-1,-1,-1,-1
79,3,810,6,25,44,-1,-1,-1,-1
73,0,731,23,26,53,-1,-1,-1,-1
74,0,726,21,28,56,-1,-1,-1,-1
75,0,725,22,30,55,-1,-1,-1,-1
76,0,723,22,30,56,-1,-1,-1,-1
77,0,724,22,30,56,-1,-1,-1,-1
78,0,724,23,29,55,-1,-1,-1,-1
79,0,723,24,28,54,-1,-1,-1,-1
80,0,720,19,37,62,-1,-1,-1,-1
81,0,723,22,29,56,-1,-1,-1,-1
82,0,724,22,28,56,-1,-1,-1,-1
83,0,725,25,26,53,-1,-1,-1,-1
84,0,726,26,24,53,-1,-1,-1,-1
89,5,672,45,31,49,-1,-1,-1,-1
90,5,667,43,25,48,-1,-1,-1,-1
91,5,668,43,25,49,-1,-1,-1,-1
92,5,671,45,26,47,-1,-1,-1,-1
93,5,671,45,26,47,-1,-1,-1,-1
94,5,671,43,27,47,-1,-1,-1,-1
95,5,671,44,31,49,-1,-1,-1,-1
96,5,672,42,28,49,-1,-1,-1,-1
97,5,672,42,26,50,-1,-1,-1,-1
98,5,671,42,27,49,-1,-1,-1,-1
145,6,728,23,27,53,-1,-1,-1,-1
146,6,726,23,30,54,-1,-1,-1,-1
147,6,720,22,35,56,-1,-1,-1,-1
148,6,721,24,33,55,-1,-1,-1,-1
149,6,721,23,32,56,-1,-1,-1,-1
150,6,724,22,31,56,-1,-1,-1,-1
151,6,724,22,31,57,-1,-1,-1,-1
152,6,719,19,35,58,-1,-1,-1,-1
153,6,726,22,28,55,-1,-1,-1,-1
154,6,718,20,34,56,-1,-1,-1,-1
157,7,727,23,28,54,-1,-1,-1,-1
158,7,726,24,29,53,-1,-1,-1,-1
159,7,726,22,29,54,-1,-1,-1,-1
160,7,727,25,28,52,-1,-1,-1,-1
161,7,729,27,26,51,-1,-1,-1,-1
163,8,0,195,26,61,-1,-1,-1,-1
164,8,0,196,24,63,-1,-1,-1,-1
165,8,0,199,26,62,-1,-1,-1,-1
166,8,0,199,27,59,-1,-1,-1,-1
167,8,0,198,28,60,-1,-1,-1,-1
168,8,0,193,30,65,-1,-1,-1,-1
169,8,0,191,32,69,-1,-1,-1,-1
170,8,0,185,30,74,-1,-1,-1,-1
187,9,1129,64,23,47,-1,-1,-1,-1
188,9,1130,65,23,47,-1,-1,-1,-1
189,9,1129,65,29,48,-1,-1,-1,-1
172,8,2,191,35,69,-1,-1,-1,-1
173,8,2,192,41,68,-1,-1,-1,-1
174,8,5,193,37,67,-1,-1,-1,-1
175,8,6,194,37,65,-1,-1,-1,-1
176,8,8,195,36,63,-1,-1,-1,-1
177,8,11,192,35,61,-1,-1,-1,-1
178,8,14,195,33,59,-1,-1,-1,-1
179,8,12,187,39,69,-1,-1,-1,-1
180,8,11,185,43,73,-1,-1,-1,-1
181,8,12,186,44,73,-1,-1,-1,-1
182,8,15,186,41,70,-1,-1,-1,-1
183,8,22,189,35,66,-1,-1,-1,-1
184,8,23,185,41,76,-1,-1,-1,-1
185,8,22,183,45,81,-1,-1,-1,-1
186,8,24,183,41,79,-1,-1,-1,-1
187,8,23,181,46,79,-1,-1,-1,-1
188,8,28,183,40,72,-1,-1,-1,-1
189,8,31,183,40,70,-1,-1,-1,-1
190,8,34,185,36,69,-1,-1,-1,-1
191,8,39,190,29,62,-1,-1,-1,-1
192,8,37,185,34,63,-1,-1,-1,-1
193,8,39,188,35,62,-1,-1,-1,-1
193,0,724,24,30,56,-1,-1,-1,-1
194,0,722,19,30,55,-1,-1,-1,-1
195,0,724,21,30,58,-1,-1,-1,-1
196,0,720,23,31,55,-1,-1,-1,-1
194,12,812,6,24,43,-1,-1,-1,-1
195,12,811,6,24,43,-1,-1,-1,-1
196,12,813,5,24,43,-1,-1,-1,-1
197,12,812,5,25,43,-1,-1,-1,-1
195,13,43,182,30,53,-1,-1,-1,-1
196,13,44,184,39,66,-1,-1,-1,-1
197,13,44,180,46,73,-1,-1,-1,-1
198,13,45,180,50,74,-1,-1,-1,-1
199,13,47,179,48,78,-1,-1,-1,-1
200,13,54,181,41,75,-1,-1,-1,-1
201,13,57,187,36,67,-1,-1,-1,-1
202,14,60,219,26,43,-1,-1,-1,-1
203,14,61,217,27,46,-1,-1,-1,-1
204,14,65,220,25,44,-1,-1,-1,-1
252,12,814,4,23,43,-1,-1,-1,-1
253,12,812,5,24,44,-1,-1,-1,-1
254,12,812,5,24,43,-1,-1,-1,-1
255,12,812,5,25,42,-1,-1,-1,-1
256,12,812,5,24,44,-1,-1,-1,-1
272,2,811,6,26,43,-1,-1,-1,-1
273,2,810,6,27,44,-1,-1,-1,-1
274,2,810,6,28,44,-1,-1,-1,-1
278,3,811,7,25,44,-1,-1,-1,-1
279,3,810,8,25,43,-1,-1,-1,-1
280,3,811,9,24,42,-1,-1,-1,-1
285,9,1129,66,23,47,-1,-1,-1,-1
286,9,1123,68,25,46,-1,-1,-1,-1
287,9,1126,67,25,48,-1,-1,-1,-1
332,19,1131,63,23,47,-1,-1,-1,-1
333,19,1130,66,26,45,-1,-1,-1,-1
334,19,1128,66,27,46,-1,-1,-1,-1
335,19,1128,66,29,48,-1,-1,-1,-1
552,20,813,6,24,42,-1,-1,-1,-1
553,20,811,7,24,42,-1,-1,-1,-1
554,20,811,6,23,42,-1,-1,-1,-1
555,20,812,5,22,43,-1,-1,-1,-1
556,20,811,5,24,43,-1,-1,-1,-1
557,20,811,7,23,41,-1,-1,-1,-1
595,21,813,5,24,43,-1,-1,-1,-1
596,21,811,5,26,43,-1,-1,-1,-1
597,21,810,5,25,43,-1,-1,-1,-1
598,21,810,4,26,44,-1,-1,-1,-1
599,21,811,5,26,44,-1,-1,-1,-1
600,21,811,3,27,45,-1,-1,-1,-1
601,21,811,5,26,44,-1,-1,-1,-1
602,21,811,5,26,45,-1,-1,-1,-1
603,21,810,4,27,46,-1,-1,-1,-1
604,21,809,4,28,46,-1,-1,-1,-1
605,21,808,4,29,46,-1,-1,-1,-1
606,21,810,5,26,44,-1,-1,-1,-1
607,21,809,5,29,44,-1,-1,-1,-1
608,21,809,5,28,45,-1,-1,-1,-1
609,21,810,4,27,45,-1,-1,-1,-1
610,21,808,3,27,47,-1,-1,-1,-1
611,21,809,6,28,44,-1,-1,-1,-1
612,21,809,5,27,44,-1,-1,-1,-1
613,21,812,5,26,43,-1,-1,-1,-1
614,21,812,6,27,43,-1,-1,-1,-1
608,22,726,25,31,50,-1,-1,-1,-1
609,22,727,26,29,50,-1,-1,-1,-1
610,22,728,23,27,49,-1,-1,-1,-1
611,22,727,27,30,48,-1,-1,-1,-1
612,22,729,24,27,49,-1,-1,-1,-1
613,22,731,24,25,48,-1,-1,-1,-1
614,22,733,26,25,46,-1,-1,-1,-1
615,22,731,23,26,48,-1,-1,-1,-1
616,22,732,27,26,46,-1,-1,-1,-1
617,22,734,26,26,48,-1,-1,-1,-1
614,23,751,62,28,51,-1,-1,-1,-1
615,23,751,61,29,52,-1,-1,-1,-1
616,23,750,61,29,54,-1,-1,-1,-1
617,23,745,70,35,75,-1,-1,-1,-1
618,23,750,61,31,62,-1,-1,-1,-1
619,23,748,62,34,74,-1,-1,-1,-1
621,23,749,60,33,65,-1,-1,-1,-1
622,23,750,65,30,54,-1,-1,-1,-1
623,23,751,66,29,55,-1,-1,-1,-1
624,23,747,67,30,49,-1,-1,-1,-1
632,25,262,36,26,47,-1,-1,-1,-1
633,25,261,36,27,47,-1,-1,-1,-1
634,25,262,37,26,47,-1,-1,-1,-1
635,25,262,37,27,47,-1,-1,-1,-1
632,26,744,75,44,77,-1,-1,-1,-1
633,26,747,75,42,81,-1,-1,-1,-1
634,26,745,86,36,73,-1,-1,-1,-1
635,26,746,86,35,72,-1,-1,-1,-1
636,26,748,79,32,60,-1,-1,-1,-1
649,20,811,8,25,43,-1,-1,-1,-1
650,20,811,9,26,42,-1,-1,-1,-1
651,20,811,11,25,41,-1,-1,-1,-1
772,22,729,21,30,51,-1,-1,-1,-1
773,22,729,21,30,51,-1,-1,-1,-1
774,22,727,22,33,53,-1,-1,-1,-1
889,29,1363,126,24,50,-1,-1,-1,-1
890,29,1362,126,26,50,-1,-1,-1,-1
891,29,1363,122,30,56,-1,-1,-1,-1
1016,30,1137,65,23,50,-1,-1,-1,-1
1017,30,1136,67,24,48,-1,-1,-1,-1
1018,30,1136,66,24,49,-1,-1,-1,-1
220,31,98,175,32,56,-1,-1,-1,-1
221,31,101,174,30,52,-1,-1,-1,-1
222,31,97,172,38,67,-1,-1,-1,-1
223,31,100,171,35,63,-1,-1,-1,-1
224,31,102,172,35,60,-1,-1,-1,-1
225,31,101,171,37,70,-1,-1,-1,-1
226,31,106,174,33,59,-1,-1,-1,-1
227,31,108,174,31,58,-1,-1,-1,-1
228,31,107,174,35,62,-1,-1,-1,-1
229,31,111,173,49,79,-1,-1,-1,-1
230,31,112,169,54,90,-1,-1,-1,-1
231,31,113,169,53,90,-1,-1,-1,-1
232,31,116,170,48,85,-1,-1,-1,-1
233,31,118,171,45,78,-1,-1,-1,-1
234,31,123,170,39,74,-1,-1,-1,-1
235,31,122,171,40,75,-1,-1,-1,-1
236,31,124,170,37,70,-1,-1,-1,-1
237,31,127,171,35,67,-1,-1,-1,-1
238,31,128,173,32,56,-1,-1,-1,-1
239,31,129,174,33,58,-1,-1,-1,-1
240,31,130,174,35,58,-1,-1,-1,-1
241,31,132,173,37,58,-1,-1,-1,-1
242,31,134,170,43,72,-1,-1,-1,-1
243,31,135,170,43,71,-1,-1,-1,-1
244,31,134,166,54,92,-1,-1,-1,-1
245,31,137,167,51,90,-1,-1,-1,-1
246,31,143,165,41,80,-1,-1,-1,-1
247,31,146,165,37,69,-1,-1,-1,-1
248,31,148,166,35,66,-1,-1,-1,-1
249,31,149,168,33,55,-1,-1,-1,-1
250,31,150,170,35,63,-1,-1,-1,-1
251,31,152,171,33,61,-1,-1,-1,-1
252,31,159,171,34,60,-1,-1,-1,-1
253,31,162,169,37,61,-1,-1,-1,-1
254,31,164,167,42,76,-1,-1,-1,-1
255,31,165,167,41,74,-1,-1,-1,-1
256,31,166,166,43,87,-1,-1,-1,-1
257,31,166,165,44,86,-1,-1,-1,-1
258,31,170,164,40,74,-1,-1,-1,-1
259,31,173,167,37,68,-1,-1,-1,-1
260,31,175,166,38,66,-1,-1,-1,-1
261,31,173,166,43,70,-1,-1,-1,-1
262,31,174,164,42,67,-1,-1,-1,-1
263,31,176,165,44,66,-1,-1,-1,-1
264,31,174,162,54,84,-1,-1,-1,-1
265,31,178,163,50,77,-1,-1,-1,-1
266,31,179,164,54,85,-1,-1,-1,-1
267,31,179,164,54,81,-1,-1,-1,-1
268,31,180,166,53,78,-1,-1,-1,-1
269,31,184,167,52,76,-1,-1,-1,-1
270,31,187,166,49,76,-1,-1,-1,-1
271,31,192,165,43,76,-1,-1,-1,-1
272,31,195,165,39,68,-1,-1,-1,-1
273,31,196,163,40,70,-1,-1,-1,-1
274,31,194,162,42,71,-1,-1,-1,-1
275,31,196,165,41,67,-1,-1,-1,-1
276,31,198,166,41,65,-1,-1,-1,-1
277,31,201,167,43,64,-1,-1,-1,-1
278,31,203,167,45,66,-1,-1,-1,-1
279,31,204,165,48,70,-1,-1,-1,-1
280,31,202,164,56,77,-1,-1,-1,-1
281,31,210,167,44,69,-1,-1,-1,-1
282,31,213,165,43,70,-1,-1,-1,-1
283,31,215,163,44,72,-1,-1,-1,-1
284,31,216,163,47,76,-1,-1,-1,-1
285,31,217,161,46,76,-1,-1,-1,-1
286,31,217,160,47,79,-1,-1,-1,-1
287,31,216,161,47,76,-1,-1,-1,-1
288,31,219,161,46,74,-1,-1,-1,-1
289,31,222,162,45,72,-1,-1,-1,-1
290,31,227,164,41,68,-1,-1,-1,-1
291,31,229,165,42,69,-1,-1,-1,-1
292,31,228,161,44,73,-1,-1,-1,-1
293,31,235,162,38,72,-1,-1,-1,-1
294,31,236,164,40,69,-1,-1,-1,-1
295,31,235,160,46,74,-1,-1,-1,-1
296,31,236,160,48,75,-1,-1,-1,-1
297,31,236,159,50,77,-1,-1,-1,-1
298,31,236,158,51,78,-1,-1,-1,-1
299,31,239,159,48,75,-1,-1,-1,-1
300,31,242,160,45,74,-1,-1,-1,-1
301,31,244,161,44,71,-1,-1,-1,-1
302,31,249,162,39,68,-1,-1,-1,-1
303,31,252,163,38,66,-1,-1,-1,-1
304,31,250,162,41,65,-1,-1,-1,-1
305,31,254,161,40,68,-1,-1,-1,-1
306,31,258,161,39,67,-1,-1,-1,-1
307,31,257,160,44,70,-1,-1,-1,-1
308,31,258,158,47,69,-1,-1,-1,-1
309,31,259,157,49,71,-1,-1,-1,-1
310,31,260,157,49,71,-1,-1,-1,-1
311,31,261,156,48,71,-1,-1,-1,-1
312,31,263,157,46,69,-1,-1,-1,-1
313,31,266,158,45,68,-1,-1,-1,-1
314,31,268,158,42,67,-1,-1,-1,-1
315,31,269,159,42,66,-1,-1,-1,-1
316,31,269,157,44,69,-1,-1,-1,-1
317,31,271,156,45,70,-1,-1,-1,-1
318,31,272,152,49,75,-1,-1,-1,-1
319,31,274,151,49,76,-1,-1,-1,-1
320,31,279,153,44,74,-1,-1,-1,-1
321,31,280,153,46,73,-1,-1,-1,-1
322,31,283,154,46,71,-1,-1,-1,-1
323,31,282,154,49,72,-1,-1,-1,-1
324,31,285,157,45,68,-1,-1,-1,-1
325,31,286,156,43,69,-1,-1,-1,-1
326,31,287,156,44,69,-1,-1,-1,-1
327,31,290,157,41,67,-1,-1,-1,-1
328,31,293,157,40,67,-1,-1,-1,-1
329,31,293,154,43,71,-1,-1,-1,-1
330,31,295,153,45,72,-1,-1,-1,-1
331,31,296,152,45,73,-1,-1,-1,-1
332,31,297,151,43,72,-1,-1,-1,-1
333,31,301,152,41,72,-1,-1,-1,-1
334,31,302,153,43,66,-1,-1,-1,-1
335,31,304,151,46,72,-1,-1,-1,-1
336,31,306,151,46,72,-1,-1,-1,-1
337,31,306,153,46,68,-1,-1,-1,-1
338,31,306,151,48,70,-1,-1,-1,-1
339,31,308,150,45,70,-1,-1,-1,-1
340,31,309,151,43,68,-1,-1,-1,-1
341,31,312,153,44,67,-1,-1,-1,-1
342,31,313,153,46,70,-1,-1,-1,-1
343,31,315,152,47,72,-1,-1,-1,-1
344,31,319,152,44,71,-1,-1,-1,-1
345,31,322,152,38,69,-1,-1,-1,-1
346,31,324,150,39,71,-1,-1,-1,-1
347,31,324,151,44,69,-1,-1,-1,-1
348,31,324,148,47,75,-1,-1,-1,-1
349,31,326,147,46,76,-1,-1,-1,-1
350,31,328,148,43,74,-1,-1,-1,-1
351,31,328,147,46,75,-1,-1,-1,-1
352,31,329,149,47,73,-1,-1,-1,-1
353,31,333,152,45,69,-1,-1,-1,-1
354,31,338,154,40,65,-1,-1,-1,-1
355,31,340,153,44,68,-1,-1,-1,-1
356,31,345,152,42,69,-1,-1,-1,-1
357,31,342,152,44,69,-1,-1,-1,-1
358,31,343,152,44,69,-1,-1,-1,-1
359,31,347,151,41,66,-1,-1,-1,-1
360,31,350,151,37,66,-1,-1,-1,-1
361,31,351,150,38,65,-1,-1,-1,-1
362,31,353,148,38,67,-1,-1,-1,-1
363,31,353,149,38,67,-1,-1,-1,-1
364,31,357,149,36,66,-1,-1,-1,-1
365,31,359,148,37,66,-1,-1,-1,-1
366,31,361,150,37,64,-1,-1,-1,-1
367,31,363,150,37,64,-1,-1,-1,-1
368,31,364,149,37,65,-1,-1,-1,-1
369,31,365,148,36,65,-1,-1,-1,-1
370,31,366,149,36,64,-1,-1,-1,-1
371,31,367,149,38,65,-1,-1,-1,-1
372,31,369,148,37,66,-1,-1,-1,-1
373,31,371,148,36,67,-1,-1,-1,-1
374,31,373,148,37,67,-1,-1,-1,-1
375,31,373,146,40,69,-1,-1,-1,-1
376,31,374,145,40,70,-1,-1,-1,-1
377,31,373,144,42,71,-1,-1,-1,-1
378,31,374,141,44,75,-1,-1,-1,-1
379,31,376,142,43,73,-1,-1,-1,-1
380,31,378,143,42,72,-1,-1,-1,-1
381,31,381,144,44,71,-1,-1,-1,-1
382,31,382,144,45,71,-1,-1,-1,-1
383,31,385,144,43,70,-1,-1,-1,-1
384,31,387,145,44,70,-1,-1,-1,-1
385,31,391,146,41,69,-1,-1,-1,-1
386,31,393,148,38,66,-1,-1,-1,-1
387,31,394,146,37,68,-1,-1,-1,-1
388,31,396,144,38,68,-1,-1,-1,-1
389,31,397,144,37,69,-1,-1,-1,-1
390,31,397,144,38,69,-1,-1,-1,-1
391,31,397,141,43,70,-1,-1,-1,-1
392,31,397,141,45,71,-1,-1,-1,-1
393,31,400,141,44,71,-1,-1,-1,-1
394,31,402,142,43,70,-1,-1,-1,-1
395,31,404,142,43,70,-1,-1,-1,-1
396,31,407,143,42,67,-1,-1,-1,-1
397,31,408,141,44,69,-1,-1,-1,-1
398,31,411,142,40,68,-1,-1,-1,-1
399,31,413,141,41,69,-1,-1,-1,-1
400,31,414,142,42,68,-1,-1,-1,-1
401,31,417,142,41,69,-1,-1,-1,-1
402,31,420,141,39,70,-1,-1,-1,-1
403,31,420,141,38,68,-1,-1,-1,-1
404,31,421,142,36,67,-1,-1,-1,-1
405,31,422,141,37,66,-1,-1,-1,-1
406,31,423,138,40,68,-1,-1,-1,-1
407,31,423,135,42,71,-1,-1,-1,-1
408,31,426,138,40,67,-1,-1,-1,-1
409,31,428,139,38,66,-1,-1,-1,-1
410,31,431,139,39,66,-1,-1,-1,-1
411,31,433,140,36,64,-1,-1,-1,-1
412,31,435,140,34,63,-1,-1,-1,-1
413,31,438,140,34,64,-1,-1,-1,-1
414,31,438,140,36,62,-1,-1,-1,-1
415,31,438,140,36,61,-1,-1,-1,-1
416,31,442,141,34,61,-1,-1,-1,-1
417,31,445,142,33,62,-1,-1,-1,-1
418,31,447,140,33,62,-1,-1,-1,-1
419,31,447,138,35,64,-1,-1,-1,-1
420,31,449,138,36,65,-1,-1,-1,-1
421,31,449,137,36,65,-1,-1,-1,-1
422,31,450,136,36,65,-1,-1,-1,-1
423,31,450,135,38,65,-1,-1,-1,-1
424,31,451,135,39,66,-1,-1,-1,-1
425,31,452,136,38,65,-1,-1,-1,-1
426,31,453,137,38,63,-1,-1,-1,-1
427,31,455,137,38,63,-1,-1,-1,-1
428,31,459,138,36,62,-1,-1,-1,-1
429,31,460,136,37,64,-1,-1,-1,-1
430,31,461,138,39,62,-1,-1,-1,-1
431,31,466,135,37,67,-1,-1,-1,-1
432,31,465,132,39,70,-1,-1,-1,-1
433,31,465,133,40,69,-1,-1,-1,-1
434,31,466,132,41,71,-1,-1,-1,-1
435,31,467,133,41,68,-1,-1,-1,-1
436,31,468,133,41,67,-1,-1,-1,-1
437,31,468,133,41,67,-1,-1,-1,-1
438,31,469,133,41,67,-1,-1,-1,-1
439,31,469,131,42,70,-1,-1,-1,-1
440,31,475,133,38,66,-1,-1,-1,-1
441,31,478,135,37,62,-1,-1,-1,-1
442,31,479,134,37,64,-1,-1,-1,-1
443,31,481,134,36,64,-1,-1,-1,-1
444,31,482,135,36,63,-1,-1,-1,-1
445,31,485,130,39,69,-1,-1,-1,-1
446,31,487,127,39,72,-1,-1,-1,-1
447,31,488,127,37,72,-1,-1,-1,-1
448,31,488,128,41,70,-1,-1,-1,-1
449,31,489,128,40,68,-1,-1,-1,-1
450,31,492,131,37,64,-1,-1,-1,-1
451,31,492,130,38,64,-1,-1,-1,-1
452,31,496,130,35,62,-1,-1,-1,-1
453,31,497,131,35,60,-1,-1,-1,-1
454,31,499,132,36,62,-1,-1,-1,-1
455,31,502,134,36,60,-1,-1,-1,-1
456,31,505,135,35,58,-1,-1,-1,-1
457,31,508,131,38,64,-1,-1,-1,-1
458,31,510,132,37,63,-1,-1,-1,-1
459,31,513,131,37,64,-1,-1,-1,-1
460,31,512,130,37,64,-1,-1,-1,-1
461,31,514,129,35,65,-1,-1,-1,-1
462,31,513,128,37,67,-1,-1,-1,-1
463,31,513,126,39,70,-1,-1,-1,-1
464,31,515,128,37,67,-1,-1,-1,-1
465,31,515,128,38,67,-1,-1,-1,-1
466,31,515,127,38,67,-1,-1,-1,-1
467,31,518,131,35,62,-1,-1,-1,-1
468,31,520,129,35,62,-1,-1,-1,-1
469,31,525,130,34,60,-1,-1,-1,-1
470,31,526,130,35,59,-1,-1,-1,-1
471,31,527,127,40,64,-1,-1,-1,-1
472,31,527,126,41,67,-1,-1,-1,-1
473,31,527,125,42,68,-1,-1,-1,-1
474,31,528,125,40,67,-1,-1,-1,-1
475,31,529,124,41,68,-1,-1,-1,-1
476,31,533,125,37,67,-1,-1,-1,-1
477,31,534,124,38,68,-1,-1,-1,-1
478,31,533,128,39,65,-1,-1,-1,-1
479,31,535,125,39,66,-1,-1,-1,-1
480,31,536,123,38,67,-1,-1,-1,-1
481,31,537,124,39,67,-1,-1,-1,-1
482,31,538,124,39,67,-1,-1,-1,-1
483,31,540,125,38,66,-1,-1,-1,-1
484,31,542,125,37,66,-1,-1,-1,-1
485,31,548,125,35,65,-1,-1,-1,-1
486,31,550,126,35,64,-1,-1,-1,-1
487,31,553,124,37,65,-1,-1,-1,-1
488,31,553,125,36,65,-1,-1,-1,-1
489,31,552,124,38,65,-1,-1,-1,-1
490,31,554,125,38,66,-1,-1,-1,-1
491,31,557,125,38,66,-1,-1,-1,-1
492,31,558,125,38,66,-1,-1,-1,-1
493,31,559,123,38,68,-1,-1,-1,-1
494,31,559,123,39,68,-1,-1,-1,-1
495,31,559,123,40,67,-1,-1,-1,-1
496,31,560,122,41,67,-1,-1,-1,-1
497,31,564,124,37,64,-1,-1,-1,-1
498,31,566,124,38,64,-1,-1,-1,-1
499,31,568,124,38,63,-1,-1,-1,-1
500,31,570,123,38,64,-1,-1,-1,-1
501,31,573,123,35,63,-1,-1,-1,-1
502,31,573,123,36,63,-1,-1,-1,-1
503,31,573,122,39,66,-1,-1,-1,-1
504,31,574,122,39,67,-1,-1,-1,-1
505,31,578,124,36,65,-1,-1,-1,-1
506,31,581,123,36,65,-1,-1,-1,-1
507,31,581,122,37,66,-1,-1,-1,-1
508,31,581,120,38,68,-1,-1,-1,-1
509,31,581,118,41,71,-1,-1,-1,-1
510,31,582,116,41,71,-1,-1,-1,-1
511,31,582,116,44,71,-1,-1,-1,-1
512,31,582,116,46,72,-1,-1,-1,-1
513,31,584,117,47,70,-1,-1,-1,-1
514,31,585,119,46,68,-1,-1,-1,-1
515,31,590,120,43,66,-1,-1,-1,-1
516,31,593,120,39,63,-1,-1,-1,-1
517,31,596,120,36,62,-1,-1,-1,-1
518,31,597,121,35,61,-1,-1,-1,-1
519,31,597,120,37,62,-1,-1,-1,-1
520,31,599,121,38,63,-1,-1,-1,-1
521,31,603,123,35,62,-1,-1,-1,-1
522,31,604,122,37,63,-1,-1,-1,-1
523,31,605,120,37,63,-1,-1,-1,-1
524,31,605,119,39,65,-1,-1,-1,-1
525,31,605,116,42,67,-1,-1,-1,-1
526,31,606,115,42,67,-1,-1,-1,-1
527,31,606,114,43,69,-1,-1,-1,-1
528,31,608,116,42,66,-1,-1,-1,-1
529,31,608,116,43,65,-1,-1,-1,-1
530,31,610,113,44,68,-1,-1,-1,-1
531,31,612,115,42,65,-1,-1,-1,-1
532,31,615,116,40,63,-1,-1,-1,-1
533,31,619,116,36,63,-1,-1,-1,-1
534,31,620,117,36,63,-1,-1,-1,-1
535,31,618,115,39,65,-1,-1,-1,-1
536,31,620,114,37,66,-1,-1,-1,-1
537,31,623,115,37,67,-1,-1,-1,-1
538,31,625,115,36,67,-1,-1,-1,-1
539,31,627,114,36,69,-1,-1,-1,-1
540,31,627,114,39,66,-1,-1,-1,-1
541,31,629,113,40,65,-1,-1,-1,-1
542,31,631,113,39,64,-1,-1,-1,-1
543,31,631,112,39,64,-1,-1,-1,-1
544,31,632,112,40,64,-1,-1,-1,-1
545,31,635,113,39,64,-1,-1,-1,-1
546,31,635,113,39,63,-1,-1,-1,-1
547,31,634,113,41,64,-1,-1,-1,-1
548,31,638,116,37,59,-1,-1,-1,-1
549,31,639,116,36,58,-1,-1,-1,-1
550,31,640,114,37,61,-1,-1,-1,-1
551,31,641,111,38,66,-1,-1,-1,-1
552,31,645,113,35,64,-1,-1,-1,-1
553,31,648,111,34,66,-1,-1,-1,-1
554,31,650,111,34,65,-1,-1,-1,-1
555,31,652,111,34,64,-1,-1,-1,-1
556,31,653,111,37,63,-1,-1,-1,-1
557,31,655,112,33,58,-1,-1,-1,-1
558,31,657,112,31,56,-1,-1,-1,-1
559,31,657,112,34,60,-1,-1,-1,-1
560,31,658,113,34,59,-1,-1,-1,-1
561,31,659,113,35,59,-1,-1,-1,-1
562,31,659,112,35,60,-1,-1,-1,-1
563,31,660,112,36,61,-1,-1,-1,-1
564,31,661,115,36,58,-1,-1,-1,-1
565,31,664,115,34,57,-1,-1,-1,-1
566,31,666,115,32,57,-1,-1,-1,-1
567,31,667,114,32,58,-1,-1,-1,-1
568,31,668,113,33,59,-1,-1,-1,-1
569,31,670,111,35,60,-1,-1,-1,-1
570,31,671,109,36,62,-1,-1,-1,-1
571,31,672,107,36,63,-1,-1,-1,-1
572,31,674,107,36,62,-1,-1,-1,-1
573,31,675,107,37,64,-1,-1,-1,-1
574,31,677,107,34,62,-1,-1,-1,-1
575,31,677,106,35,63,-1,-1,-1,-1
576,31,678,107,36,60,-1,-1,-1,-1
577,31,679,108,37,60,-1,-1,-1,-1
578,31,680,108,37,59,-1,-1,-1,-1
579,31,681,108,38,59,-1,-1,-1,-1
580,31,684,111,35,58,-1,-1,-1,-1
581,31,686,111,34,58,-1,-1,-1,-1
582,31,688,109,34,61,-1,-1,-1,-1
583,31,691,108,33,61,-1,-1,-1,-1
584,31,693,107,33,62,-1,-1,-1,-1
585,31,690,104,36,66,-1,-1,-1,-1
586,31,691,101,38,68,-1,-1,-1,-1
587,31,693,101,37,67,-1,-1,-1,-1
588,31,696,101,36,65,-1,-1,-1,-1
589,31,699,108,35,58,-1,-1,-1,-1
590,31,700,108,35,57,-1,-1,-1,-1
591,31,699,108,37,58,-1,-1,-1,-1
592,31,701,109,38,57,-1,-1,-1,-1
593,31,703,111,37,55,-1,-1,-1,-1
594,31,706,109,36,56,-1,-1,-1,-1
595,31,708,109,35,56,-1,-1,-1,-1
596,31,711,108,34,57,-1,-1,-1,-1
597,31,711,107,36,59,-1,-1,-1,-1
598,31,712,106,35,60,-1,-1,-1,-1
599,31,711,105,36,60,-1,-1,-1,-1
600,31,713,105,36,61,-1,-1,-1,-1
601,31,716,106,35,60,-1,-1,-1,-1
602,31,719,106,33,59,-1,-1,-1,-1
603,31,720,105,36,60,-1,-1,-1,-1
604,31,720,103,35,63,-1,-1,-1,-1
605,31,720,103,36,63,-1,-1,-1,-1
606,31,721,103,36,63,-1,-1,-1,-1
607,31,722,103,37,62,-1,-1,-1,-1
608,31,722,102,38,63,-1,-1,-1,-1
609,31,726,101,40,64,-1,-1,-1,-1
610,31,732,99,35,65,-1,-1,-1,-1
611,31,733,99,36,65,-1,-1,-1,-1
612,31,730,97,40,69,-1,-1,-1,-1
613,31,732,99,40,66,-1,-1,-1,-1
614,31,736,99,36,66,-1,-1,-1,-1
615,31,737,98,34,66,-1,-1,-1,-1
616,31,738,95,35,69,-1,-1,-1,-1
617,31,738,91,37,75,-1,-1,-1,-1
618,31,739,92,36,74,-1,-1,-1,-1
619,31,738,72,41,94,-1,-1,-1,-1
620,31,739,62,43,102,-1,-1,-1,-1
621,31,741,85,39,80,-1,-1,-1,-1
622,31,743,94,37,72,-1,-1,-1,-1
623,31,743,92,39,71,-1,-1,-1,-1
624,31,743,92,41,70,-1,-1,-1,-1
625,31,745,82,40,80,-1,-1,-1,-1
626,31,747,72,40,86,-1,-1,-1,-1
627,31,747,73,41,85,-1,-1,-1,-1
628,31,746,72,44,89,-1,-1,-1,-1
629,31,748,75,44,85,-1,-1,-1,-1
630,31,746,73,42,89,-1,-1,-1,-1
631,31,753,84,39,77,-1,-1,-1,-1
632,31,756,91,39,72,-1,-1,-1,-1
633,31,758,90,38,73,-1,-1,-1,-1
634,31,761,96,35,67,-1,-1,-1,-1
635,31,764,99,33,62,-1,-1,-1,-1
636,31,765,98,34,63,-1,-1,-1,-1
637,31,766,96,34,63,-1,-1,-1,-1
638,31,766,96,34,63,-1,-1,-1,-1
639,31,768,98,35,61,-1,-1,-1,-1
640,31,773,101,31,58,-1,-1,-1,-1
641,31,773,102,31,56,-1,-1,-1,-1
642,31,777,103,30,55,-1,-1,-1,-1
643,31,779,103,28,53,-1,-1,-1,-1
644,31,779,102,28,56,-1,-1,-1,-1
645,31,780,101,29,55,-1,-1,-1,-1
646,31,781,99,30,58,-1,-1,-1,-1
647,31,781,100,31,58,-1,-1,-1,-1
648,31,782,102,31,58,-1,-1,-1,-1
649,31,783,100,31,59,-1,-1,-1,-1
650,31,783,100,33,60,-1,-1,-1,-1
651,31,785,99,32,61,-1,-1,-1,-1
652,31,785,99,34,60,-1,-1,-1,-1
653,31,786,99,34,60,-1,-1,-1,-1
654,31,787,98,36,61,-1,-1,-1,-1
655,31,788,97,37,62,-1,-1,-1,-1
656,31,789,96,35,62,-1,-1,-1,-1
657,31,789,96,34,61,-1,-1,-1,-1
658,31,791,96,36,58,-1,-1,-1,-1
659,31,793,95,36,58,-1,-1,-1,-1
660,31,796,95,35,59,-1,-1,-1,-1
661,31,797,94,34,61,-1,-1,-1,-1
662,31,798,94,35,61,-1,-1,-1,-1
663,31,799,95,35,61,-1,-1,-1,-1
664,31,800,95,35,60,-1,-1,-1,-1
665,31,800,95,36,59,-1,-1,-1,-1
666,31,800,95,36,59,-1,-1,-1,-1
667,31,801,95,34,58,-1,-1,-1,-1
668,31,801,95,34,59,-1,-1,-1,-1
669,31,802,95,34,59,-1,-1,-1,-1
670,31,805,95,33,60,-1,-1,-1,-1
671,31,805,93,35,62,-1,-1,-1,-1
672,31,806,93,36,63,-1,-1,-1,-1
673,31,810,92,34,64,-1,-1,-1,-1
674,31,813,91,33,63,-1,-1,-1,-1
675,31,813,89,34,64,-1,-1,-1,-1
676,31,814,89,35,61,-1,-1,-1,-1
677,31,815,89,37,64,-1,-1,-1,-1
678,31,818,89,36,63,-1,-1,-1,-1
679,31,819,89,35,63,-1,-1,-1,-1
680,31,820,90,34,61,-1,-1,-1,-1
681,31,821,90,35,62,-1,-1,-1,-1
682,31,822,90,37,63,-1,-1,-1,-1
683,31,823,91,36,61,-1,-1,-1,-1
684,31,824,91,36,62,-1,-1,-1,-1
685,31,825,91,36,62,-1,-1,-1,-1
686,31,826,91,35,61,-1,-1,-1,-1
687,31,825,90,36,62,-1,-1,-1,-1
688,31,826,87,36,65,-1,-1,-1,-1
689,31,829,85,36,67,-1,-1,-1,-1
690,31,831,83,35,66,-1,-1,-1,-1
691,31,835,87,32,56,-1,-1,-1,-1
692,31,836,90,32,60,-1,-1,-1,-1
693,31,838,91,32,61,-1,-1,-1,-1
694,31,839,92,33,61,-1,-1,-1,-1
695,31,838,91,35,64,-1,-1,-1,-1
696,31,839,91,36,63,-1,-1,-1,-1
697,31,839,91,35,63,-1,-1,-1,-1
698,31,840,91,35,62,-1,-1,-1,-1
699,31,841,91,35,61,-1,-1,-1,-1
700,31,843,91,33,60,-1,-1,-1,-1
701,31,845,92,33,57,-1,-1,-1,-1
702,31,847,92,32,58,-1,-1,-1,-1
703,31,849,93,31,56,-1,-1,-1,-1
704,31,850,93,30,55,-1,-1,-1,-1
705,31,850,93,31,56,-1,-1,-1,-1
706,31,852,92,29,54,-1,-1,-1,-1
707,31,852,91,31,59,-1,-1,-1,-1
708,31,853,90,32,58,-1,-1,-1,-1
709,31,856,89,31,59,-1,-1,-1,-1
710,31,859,88,30,58,-1,-1,-1,-1
711,31,859,87,33,61,-1,-1,-1,-1
712,31,860,88,33,58,-1,-1,-1,-1
713,31,862,89,32,57,-1,-1,-1,-1
714,31,863,89,32,57,-1,-1,-1,-1
715,31,863,89,33,56,-1,-1,-1,-1
716,31,864,87,32,56,-1,-1,-1,-1
717,31,865,88,31,53,-1,-1,-1,-1
718,31,868,90,28,49,-1,-1,-1,-1
719,31,866,89,31,54,-1,-1,-1,-1
720,31,867,89,33,56,-1,-1,-1,-1
721,31,870,88,33,53,-1,-1,-1,-1
722,31,872,88,32,55,-1,-1,-1,-1
723,31,874,89,31,54,-1,-1,-1,-1
724,31,875,87,32,55,-1,-1,-1,-1
725,31,876,87,32,56,-1,-1,-1,-1
726,31,875,87,33,57,-1,-1,-1,-1
727,31,875,86,35,58,-1,-1,-1,-1
728,31,877,85,34,59,-1,-1,-1,-1
729,31,880,84,34,60,-1,-1,-1,-1
730,31,880,84,36,59,-1,-1,-1,-1
731,31,880,84,37,60,-1,-1,-1,-1
732,31,881,84,37,58,-1,-1,-1,-1
733,31,881,83,37,59,-1,-1,-1,-1
734,31,883,84,35,57,-1,-1,-1,-1
735,31,884,83,35,58,-1,-1,-1,-1
736,31,885,81,35,58,-1,-1,-1,-1
737,31,885,81,36,60,-1,-1,-1,-1
738,31,887,80,37,62,-1,-1,-1,-1
739,31,889,82,35,60,-1,-1,-1,-1
740,31,891,82,34,58,-1,-1,-1,-1
741,31,893,83,34,57,-1,-1,-1,-1
742,31,890,84,36,58,-1,-1,-1,-1
743,31,890,84,35,59,-1,-1,-1,-1
744,31,894,82,35,57,-1,-1,-1,-1
745,31,898,85,32,56,-1,-1,-1,-1
746,31,896,84,34,57,-1,-1,-1,-1
747,31,899,81,32,59,-1,-1,-1,-1
748,31,900,78,34,62,-1,-1,-1,-1
749,31,901,79,34,60,-1,-1,-1,-1
750,31,900,79,35,63,-1,-1,-1,-1
751,31,901,80,35,61,-1,-1,-1,-1
752,31,903,82,34,61,-1,-1,-1,-1
753,31,904,81,34,62,-1,-1,-1,-1
754,31,905,82,33,60,-1,-1,-1,-1
755,31,905,80,34,64,-1,-1,-1,-1
756,31,906,81,34,62,-1,-1,-1,-1
757,31,907,82,33,60,-1,-1,-1,-1
758,31,909,81,33,60,-1,-1,-1,-1
759,31,910,81,34,59,-1,-1,-1,-1
760,31,911,81,34,58,-1,-1,-1,-1
761,31,911,81,34,58,-1,-1,-1,-1
762,31,910,80,37,59,-1,-1,-1,-1
763,31,913,82,35,56,-1,-1,-1,-1
764,31,914,83,32,56,-1,-1,-1,-1
765,31,916,83,32,55,-1,-1,-1,-1
766,31,917,82,32,56,-1,-1,-1,-1
767,31,918,81,32,56,-1,-1,-1,-1
768,31,919,81,34,56,-1,-1,-1,-1
769,31,921,82,33,56,-1,-1,-1,-1
770,31,922,82,32,57,-1,-1,-1,-1
771,31,923,82,33,57,-1,-1,-1,-1
772,31,924,82,33,57,-1,-1,-1,-1
773,31,925,80,34,59,-1,-1,-1,-1
774,31,927,82,32,58,-1,-1,-1,-1
775,31,927,82,33,58,-1,-1,-1,-1
776,31,927,81,34,60,-1,-1,-1,-1
777,31,927,78,34,60,-1,-1,-1,-1
778,31,929,80,32,56,-1,-1,-1,-1
779,31,931,81,29,53,-1,-1,-1,-1
780,31,930,81,31,52,-1,-1,-1,-1
781,31,931,78,32,54,-1,-1,-1,-1
782,31,933,79,32,56,-1,-1,-1,-1
783,31,935,79,32,55,-1,-1,-1,-1
784,31,936,79,32,57,-1,-1,-1,-1
785,31,937,79,31,56,-1,-1,-1,-1
786,31,938,79,33,57,-1,-1,-1,-1
787,31,939,79,35,58,-1,-1,-1,-1
788,31,939,78,35,60,-1,-1,-1,-1
789,31,940,78,35,61,-1,-1,-1,-1
790,31,941,80,34,58,-1,-1,-1,-1
791,31,943,79,34,59,-1,-1,-1,-1
792,31,944,79,34,60,-1,-1,-1,-1
793,31,943,77,36,61,-1,-1,-1,-1
794,31,946,75,34,61,-1,-1,-1,-1
795,31,946,75,35,62,-1,-1,-1,-1
796,31,948,74,35,60,-1,-1,-1,-1
797,31,949,74,35,63,-1,-1,-1,-1
798,31,948,74,35,62,-1,-1,-1,-1
799,31,952,76,33,61,-1,-1,-1,-1
800,31,951,78,34,58,-1,-1,-1,-1
801,31,951,78,34,60,-1,-1,-1,-1
802,31,952,77,35,61,-1,-1,-1,-1
803,31,954,77,33,60,-1,-1,-1,-1
804,31,954,78,34,59,-1,-1,-1,-1
805,31,955,79,33,58,-1,-1,-1,-1
806,31,956,80,33,56,-1,-1,-1,-1
807,31,958,80,33,56,-1,-1,-1,-1
808,31,959,80,33,56,-1,-1,-1,-1
809,31,961,79,32,55,-1,-1,-1,-1
810,31,961,78,33,56,-1,-1,-1,-1
811,31,962,79,32,56,-1,-1,-1,-1
812,31,962,78,33,56,-1,-1,-1,-1
813,31,962,78,34,58,-1,-1,-1,-1
814,31,964,78,33,58,-1,-1,-1,-1
815,31,967,79,31,57,-1,-1,-1,-1
816,31,967,77,32,57,-1,-1,-1,-1
817,31,967,76,32,57,-1,-1,-1,-1
818,31,967,75,33,59,-1,-1,-1,-1
819,31,969,74,34,61,-1,-1,-1,-1
820,31,972,74,34,61,-1,-1,-1,-1
821,31,974,75,33,61,-1,-1,-1,-1
822,31,974,75,34,62,-1,-1,-1,-1
823,31,973,76,35,61,-1,-1,-1,-1
824,31,974,77,34,60,-1,-1,-1,-1
825,31,975,76,34,59,-1,-1,-1,-1
826,31,976,74,34,58,-1,-1,-1,-1
827,31,978,75,32,55,-1,-1,-1,-1
828,31,979,75,32,54,-1,-1,-1,-1
829,31,981,74,32,56,-1,-1,-1,-1
830,31,982,75,32,56,-1,-1,-1,-1
831,31,985,76,28,55,-1,-1,-1,-1
832,31,986,78,28,53,-1,-1,-1,-1
833,31,986,77,29,55,-1,-1,-1,-1
834,31,986,77,30,55,-1,-1,-1,-1
835,31,986,77,31,56,-1,-1,-1,-1
836,31,987,78,30,54,-1,-1,-1,-1
837,31,986,75,32,57,-1,-1,-1,-1
838,31,986,76,32,56,-1,-1,-1,-1
839,31,987,76,31,56,-1,-1,-1,-1
840,31,987,75,31,57,-1,-1,-1,-1
841,31,987,73,32,59,-1,-1,-1,-1
842,31,989,75,32,59,-1,-1,-1,-1
843,31,989,74,32,59,-1,-1,-1,-1
844,31,990,74,32,59,-1,-1,-1,-1
845,31,991,74,32,59,-1,-1,-1,-1
846,31,993,74,33,59,-1,-1,-1,-1
847,31,997,73,32,60,-1,-1,-1,-1
848,31,996,73,33,60,-1,-1,-1,-1
849,31,997,73,33,60,-1,-1,-1,-1
850,31,998,74,34,60,-1,-1,-1,-1
851,31,999,74,34,59,-1,-1,-1,-1
852,31,1000,75,33,57,-1,-1,-1,-1
853,31,1002,75,31,56,-1,-1,-1,-1
854,31,1003,73,32,57,-1,-1,-1,-1
855,31,1005,73,31,57,-1,-1,-1,-1
856,31,1007,73,31,58,-1,-1,-1,-1
857,31,1007,72,32,57,-1,-1,-1,-1
858,31,1008,73,32,57,-1,-1,-1,-1
859,31,1009,73,31,56,-1,-1,-1,-1
860,31,1008,72,33,58,-1,-1,-1,-1
861,31,1009,73,32,58,-1,-1,-1,-1
862,31,1010,73,32,58,-1,-1,-1,-1
863,31,1010,74,32,57,-1,-1,-1,-1
864,31,1010,73,32,58,-1,-1,-1,-1
865,31,1011,74,32,57,-1,-1,-1,-1
866,31,1011,74,32,57,-1,-1,-1,-1
867,31,1012,74,32,55,-1,-1,-1,-1
868,31,1012,74,33,56,-1,-1,-1,-1
869,31,1014,72,33,57,-1,-1,-1,-1
870,31,1016,72,32,55,-1,-1,-1,-1
871,31,1017,72,32,54,-1,-1,-1,-1
872,31,1018,72,31,54,-1,-1,-1,-1
873,31,1020,73,31,54,-1,-1,-1,-1
874,31,1022,74,31,55,-1,-1,-1,-1
875,31,1022,76,32,55,-1,-1,-1,-1
876,31,1023,76,33,55,-1,-1,-1,-1
877,31,1023,76,33,55,-1,-1,-1,-1
878,31,1025,76,32,54,-1,-1,-1,-1
879,31,1025,75,32,56,-1,-1,-1,-1
880,31,1027,74,32,57,-1,-1,-1,-1
881,31,1029,74,32,58,-1,-1,-1,-1
882,31,1030,73,32,60,-1,-1,-1,-1
883,31,1030,73,32,59,-1,-1,-1,-1
884,31,1030,72,32,59,-1,-1,-1,-1
885,31,1031,72,32,59,-1,-1,-1,-1
886,31,1031,72,32,59,-1,-1,-1,-1
887,31,1033,71,30,59,-1,-1,-1,-1
888,31,1034,70,30,58,-1,-1,-1,-1
889,31,1036,70,30,58,-1,-1,-1,-1
890,31,1037,70,30,57,-1,-1,-1,-1
891,31,1037,71,30,57,-1,-1,-1,-1
892,31,1038,71,31,57,-1,-1,-1,-1
893,31,1040,71,30,58,-1,-1,-1,-1
894,31,1040,71,32,58,-1,-1,-1,-1
895,31,1040,69,33,60,-1,-1,-1,-1
896,31,1041,68,33,60,-1,-1,-1,-1
897,31,1042,69,33,58,-1,-1,-1,-1
898,31,1045,69,32,58,-1,-1,-1,-1
899,31,1045,67,34,59,-1,-1,-1,-1
900,31,1046,67,34,58,-1,-1,-1,-1
901,31,1047,67,33,56,-1,-1,-1,-1
902,31,1047,66,33,61,-1,-1,-1,-1
903,31,1047,66,33,62,-1,-1,-1,-1
904,31,1048,67,32,61,-1,-1,-1,-1
905,31,1048,67,32,61,-1,-1,-1,-1
906,31,1049,68,32,60,-1,-1,-1,-1
907,31,1050,68,33,60,-1,-1,-1,-1
908,31,1051,70,33,58,-1,-1,-1,-1
909,31,1053,71,33,57,-1,-1,-1,-1
910,31,1054,71,32,56,-1,-1,-1,-1
911,31,1055,72,32,55,-1,-1,-1,-1
912,31,1056,72,31,54,-1,-1,-1,-1
913,31,1056,71,31,54,-1,-1,-1,-1
914,31,1057,71,30,54,-1,-1,-1,-1
915,31,1058,71,30,54,-1,-1,-1,-1
916,31,1059,72,29,53,-1,-1,-1,-1
917,31,1059,72,30,53,-1,-1,-1,-1
918,31,1060,72,30,52,-1,-1,-1,-1
919,31,1061,71,29,53,-1,-1,-1,-1
920,31,1064,72,29,54,-1,-1,-1,-1
921,31,1065,73,30,53,-1,-1,-1,-1
922,31,1064,71,32,55,-1,-1,-1,-1
923,31,1065,71,32,54,-1,-1,-1,-1
924,31,1067,70,33,55,-1,-1,-1,-1
925,31,1066,70,33,56,-1,-1,-1,-1
926,31,1067,67,35,61,-1,-1,-1,-1
927,31,1073,69,35,56,-1,-1,-1,-1
928,31,1070,71,37,55,-1,-1,-1,-1
929,31,1069,72,37,54,-1,-1,-1,-1
930,31,1071,71,35,52,-1,-1,-1,-1
931,31,1072,70,35,54,-1,-1,-1,-1
932,31,1076,69,31,51,-1,-1,-1,-1
933,31,1075,69,32,52,-1,-1,-1,-1
934,31,1076,70,33,53,-1,-1,-1,-1
935,31,1076,69,32,55,-1,-1,-1,-1
936,31,1079,70,32,53,-1,-1,-1,-1
937,31,1081,71,29,50,-1,-1,-1,-1
938,31,1080,70,31,51,-1,-1,-1,-1
939,31,1077,66,33,59,-1,-1,-1,-1
940,31,1069,74,31,53,-1,-1,-1,-1
941,31,1071,65,38,58,-1,-1,-1,-1
942,31,1078,67,34,56,-1,-1,-1,-1
943,31,1084,69,27,50,-1,-1,-1,-1
944,31,1082,69,31,55,-1,-1,-1,-1
945,31,1084,67,30,55,-1,-1,-1,-1
946,31,1084,70,31,56,-1,-1,-1,-1
947,31,1086,72,29,54,-1,-1,-1,-1
948,31,1084,67,37,59,-1,-1,-1,-1
949,31,1085,66,37,59,-1,-1,-1,-1
950,31,1086,68,38,59,-1,-1,-1,-1
951,31,1088,73,32,55,-1,-1,-1,-1
952,31,1090,71,34,56,-1,-1,-1,-1
953,31,1093,71,33,55,-1,-1,-1,-1
954,31,1097,71,31,53,-1,-1,-1,-1
955,31,1093,65,37,62,-1,-1,-1,-1
956,31,1099,71,31,53,-1,-1,-1,-1
957,31,1102,69,31,54,-1,-1,-1,-1
958,31,1102,68,30,56,-1,-1,-1,-1
959,31,1092,62,38,61,-1,-1,-1,-1
960,31,1105,70,28,51,-1,-1,-1,-1
961,31,1108,72,28,49,-1,-1,-1,-1
962,31,1110,72,26,50,-1,-1,-1,-1
963,31,1107,71,29,53,-1,-1,-1,-1
964,31,1108,71,30,53,-1,-1,-1,-1
965,31,1109,70,30,53,-1,-1,-1,-1
966,31,1109,68,31,56,-1,-1,-1,-1
967,31,1109,65,31,58,-1,-1,-1,-1
968,31,1110,65,32,58,-1,-1,-1,-1
969,31,1112,65,31,57,-1,-1,-1,-1
970,31,1112,67,36,55,-1,-1,-1,-1
971,31,1112,69,36,54,-1,-1,-1,-1
972,31,1111,69,36,55,-1,-1,-1,-1
973,31,1113,69,35,54,-1,-1,-1,-1
974,31,1114,68,35,55,-1,-1,-1,-1
975,31,1114,70,35,52,-1,-1,-1,-1
976,31,1116,70,34,52,-1,-1,-1,-1
977,31,1117,70,34,52,-1,-1,-1,-1
978,31,1118,71,33,51,-1,-1,-1,-1
979,31,1119,71,32,51,-1,-1,-1,-1
980,31,1119,70,31,53,-1,-1,-1,-1
981,31,1122,70,31,52,-1,-1,-1,-1
982,31,1125,71,29,49,-1,-1,-1,-1
983,31,1126,71,29,49,-1,-1,-1,-1
984,31,1128,71,26,48,-1,-1,-1,-1
985,31,1128,70,27,49,-1,-1,-1,-1
986,31,1127,70,29,48,-1,-1,-1,-1
987,31,1128,70,28,49,-1,-1,-1,-1
988,31,1130,70,26,48,-1,-1,-1,-1
989,31,1129,69,27,49,-1,-1,-1,-1
990,31,1131,68,26,49,-1,-1,-1,-1
991,31,1131,68,27,49,-1,-1,-1,-1
992,31,1133,66,27,51,-1,-1,-1,-1
993,31,1134,66,26,51,-1,-1,-1,-1
994,31,1135,65,27,53,-1,-1,-1,-1
995,31,1136,67,30,48,-1,-1,-1,-1
996,31,1136,67,28,51,-1,-1,-1,-1
997,31,1137,66,28,52,-1,-1,-1,-1
998,31,1138,68,30,49,-1,-1,-1,-1
999,31,1139,68,30,50,-1,-1,-1,-1
1000,31,1138,66,30,53,-1,-1,-1,-1
1001,31,1140,68,29,50,-1,-1,-1,-1
1002,31,1141,68,28,50,-1,-1,-1,-1
1003,31,1143,68,27,49,-1,-1,-1,-1
1004,31,1141,66,29,52,-1,-1,-1,-1
1005,31,1142,67,30,52,-1,-1,-1,-1
1006,31,1145,71,28,47,-1,-1,-1,-1
1007,31,1146,71,27,47,-1,-1,-1,-1
1008,31,1149,71,28,47,-1,-1,-1,-1
1009,31,1150,70,28,49,-1,-1,-1,-1
1010,31,1150,70,29,49,-1,-1,-1,-1
1011,31,1151,70,28,49,-1,-1,-1,-1
1012,31,1152,70,28,50,-1,-1,-1,-1
1013,31,1153,70,27,49,-1,-1,-1,-1
1014,31,1154,69,27,51,-1,-1,-1,-1
1015,31,1155,68,27,51,-1,-1,-1,-1
1016,31,1155,68,26,50,-1,-1,-1,-1
1017,31,1156,68,25,50,-1,-1,-1,-1
1018,31,1157,67,26,51,-1,-1,-1,-1
1019,31,1157,68,28,50,-1,-1,-1,-1
1020,31,1158,67,29,51,-1,-1,-1,-1
1021,31,1160,66,29,52,-1,-1,-1,-1
1022,31,1163,66,30,49,-1,-1,-1,-1
1023,31,1163,67,30,49,-1,-1,-1,-1
1024,31,1161,65,33,52,-1,-1,-1,-1
1025,31,1163,66,31,50,-1,-1,-1,-1
1026,31,1164,65,32,52,-1,-1,-1,-1
1027,31,1167,65,31,52,-1,-1,-1,-1
1028,31,1166,66,32,50,-1,-1,-1,-1
1029,31,1167,64,31,51,-1,-1,-1,-1
1030,31,1172,65,29,47,-1,-1,-1,-1
1031,31,1174,63,28,50,-1,-1,-1,-1
1032,31,1174,61,28,51,-1,-1,-1,-1
1033,31,1175,64,28,49,-1,-1,-1,-1
1034,31,1176,63,27,49,-1,-1,-1,-1
1035,31,1176,63,26,49,-1,-1,-1,-1
1036,31,1176,66,27,47,-1,-1,-1,-1
1037,31,1178,63,26,47,-1,-1,-1,-1
1038,31,1177,60,28,51,-1,-1,-1,-1
1039,31,1179,58,29,51,-1,-1,-1,-1
1040,31,1182,60,28,47,-1,-1,-1,-1
1041,31,1184,62,28,47,-1,-1,-1,-1
1042,31,1185,63,27,45,-1,-1,-1,-1
1043,31,1186,63,26,43,-1,-1,-1,-1
1044,31,1187,66,26,40,-1,-1,-1,-1
1045,31,1189,67,26,43,-1,-1,-1,-1
1046,31,1188,67,27,44,-1,-1,-1,-1
1047,31,1188,68,27,44,-1,-1,-1,-1
1048,31,1189,67,26,45,-1,-1,-1,-1
1049,31,1190,68,26,43,-1,-1,-1,-1
1050,31,1188,66,28,45,-1,-1,-1,-1
1051,31,1191,65,26,43,-1,-1,-1,-1
1052,31,1190,63,27,47,-1,-1,-1,-1
1053,31,1190,64,27,47,-1,-1,-1,-1
1054,31,1195,67,25,42,-1,-1,-1,-1
1055,31,1197,68,23,42,-1,-1,-1,-1
1056,31,1198,63,24,46,-1,-1,-1,-1
1057,31,1201,64,23,45,-1,-1,-1,-1
1058,31,1201,64,23,44,-1,-1,-1,-1
1059,31,1202,65,23,43,-1,-1,-1,-1
1060,31,1203,65,22,44,-1,-1,-1,-1
1061,31,1203,66,22,43,-1,-1,-1,-1
1062,31,1203,67,23,44,-1,-1,-1,-1
1063,31,1204,65,23,46,-1,-1,-1,-1
1064,31,1205,64,25,47,-1,-1,-1,-1
1065,31,1206,62,27,49,-1,-1,-1,-1
1066,31,1206,61,28,50,-1,-1,-1,-1
1067,31,1207,60,27,50,-1,-1,-1,-1
1068,31,1207,61,27,49,-1,-1,-1,-1
1069,31,1207,61,27,49,-1,-1,-1,-1
1070,31,1209,62,26,47,-1,-1,-1,-1
1071,31,1210,62,26,46,-1,-1,-1,-1
1072,31,1210,61,28,48,-1,-1,-1,-1
1073,31,1212,63,26,46,-1,-1,-1,-1
1074,31,1213,64,26,46,-1,-1,-1,-1
1075,31,1216,64,24,45,-1,-1,-1,-1
1076,31,1215,64,25,45,-1,-1,-1,-1
1077,31,1216,64,25,45,-1,-1,-1,-1
1078,31,1217,65,24,43,-1,-1,-1,-1
1079,31,1218,62,25,47,-1,-1,-1,-1
1080,31,1219,63,24,46,-1,-1,-1,-1
1081,31,1219,61,24,48,-1,-1,-1,-1
1082,31,1220,60,24,48,-1,-1,-1,-1
1083,31,1220,60,25,49,-1,-1,-1,-1
1084,31,1220,60,25,50,-1,-1,-1,-1
1085,31,1221,61,24,49,-1,-1,-1,-1
1086,31,1222,61,24,48,-1,-1,-1,-1
1087,31,1223,61,24,48,-1,-1,-1,-1
1088,31,1224,59,26,48,-1,-1,-1,-1
1089,31,1223,60,24,47,-1,-1,-1,-1
1090,31,1223,59,25,48,-1,-1,-1,-1
1091,31,1224,59,24,48,-1,-1,-1,-1
1092,31,1226,58,25,49,-1,-1,-1,-1
1093,31,1231,57,25,51,-1,-1,-1,-1
1094,31,1229,57,33,52,-1,-1,-1,-1
1095,31,1233,55,28,55,-1,-1,-1,-1
1096,31,1232,54,31,54,-1,-1,-1,-1
1097,31,1233,55,28,53,-1,-1,-1,-1
1098,31,1232,56,29,53,-1,-1,-1,-1
1099,31,1233,55,29,53,-1,-1,-1,-1
1100,31,1234,56,32,52,-1,-1,-1,-1
1101,31,1236,58,30,48,-1,-1,-1,-1
1102,31,1236,57,30,49,-1,-1,-1,-1
1103,31,1237,56,29,50,-1,-1,-1,-1
1104,31,1237,57,29,49,-1,-1,-1,-1
1105,31,1239,58,28,47,-1,-1,-1,-1
1106,31,1239,59,28,47,-1,-1,-1,-1
1107,31,1240,59,27,47,-1,-1,-1,-1
1108,31,1241,61,26,44,-1,-1,-1,-1
1109,31,1243,60,25,45,-1,-1,-1,-1
1110,31,1243,58,25,49,-1,-1,-1,-1
1111,31,1244,56,25,49,-1,-1,-1,-1
1112,31,1244,56,25,50,-1,-1,-1,-1
1113,31,1244,55,27,51,-1,-1,-1,-1
1114,31,1245,54,26,51,-1,-1,-1,-1
1115,31,1249,58,21,47,-1,-1,-1,-1
1116,31,1250,58,21,48,-1,-1,-1,-1
1117,31,1250,56,24,48,-1,-1,-1,-1
1118,31,1251,56,25,49,-1,-1,-1,-1
1119,31,1245,51,31,56,-1,-1,-1,-1
1120,31,1249,52,29,54,-1,-1,-1,-1
1121,31,1245,53,32,50,-1,-1,-1,-1
1122,31,1248,49,30,57,-1,-1,-1,-1
1123,31,1247,47,31,60,-1,-1,-1,-1
1124,31,1248,50,30,57,-1,-1,-1,-1
1125,31,1250,50,31,56,-1,-1,-1,-1
1126,31,1251,49,36,58,-1,-1,-1,-1
1127,31,1252,49,35,57,-1,-1,-1,-1
1128,31,1258,51,26,52,-1,-1,-1,-1
1129,31,1258,51,30,53,-1,-1,-1,-1
1130,31,1260,52,26,51,-1,-1,-1,-1
1131,31,1262,52,26,51,-1,-1,-1,-1
1132,31,1260,51,28,52,-1,-1,-1,-1
1133,31,1262,51,27,51,-1,-1,-1,-1
1134,31,1263,51,27,50,-1,-1,-1,-1
1135,31,1264,52,26,49,-1,-1,-1,-1
1136,31,1265,53,25,49,-1,-1,-1,-1
1137,31,1265,52,28,51,-1,-1,-1,-1
1138,31,1265,52,29,51,-1,-1,-1,-1
1139,31,1262,50,35,53,-1,-1,-1,-1
1140,31,1262,50,35,54,-1,-1,-1,-1
1141,31,1264,51,29,54,-1,-1,-1,-1
1142,31,1265,52,29,53,-1,-1,-1,-1
1143,31,1264,51,34,53,-1,-1,-1,-1
1144,31,1264,49,34,52,-1,-1,-1,-1
1146,31,1266,51,34,51,-1,-1,-1,-1
1147,31,1265,51,35,52,-1,-1,-1,-1
1148,31,1266,51,33,51,-1,-1,-1,-1
1149,31,1271,52,27,50,-1,-1,-1,-1
1150,31,1273,50,28,52,-1,-1,-1,-1
1151,31,1275,48,29,53,-1,-1,-1,-1
1152,31,1276,49,29,52,-1,-1,-1,-1
1153,31,1276,49,32,53,-1,-1,-1,-1
1154,31,1278,50,29,51,-1,-1,-1,-1
1155,31,1277,49,32,54,-1,-1,-1,-1
1156,31,1276,49,32,54,-1,-1,-1,-1
1157,31,1279,51,29,51,-1,-1,-1,-1
1158,31,1279,51,30,50,-1,-1,-1,-1
1159,31,1280,50,29,50,-1,-1,-1,-1
1160,31,1278,49,33,52,-1,-1,-1,-1
1161,31,1279,50,30,51,-1,-1,-1,-1
1162,31,1280,51,28,49,-1,-1,-1,-1
1163,31,1280,50,28,50,-1,-1,-1,-1
1164,31,1280,50,29,49,-1,-1,-1,-1
1165,31,1278,50,35,50,-1,-1,-1,-1
1166,31,1281,50,34,49,-1,-1,-1,-1
1167,31,1282,50,29,50,-1,-1,-1,-1
1168,31,1282,52,34,48,-1,-1,-1,-1
1169,31,1283,52,34,48,-1,-1,-1,-1
1170,31,1282,53,30,46,-1,-1,-1,-1
1171,31,1290,52,34,46,-1,-1,-1,-1
1172,31,1292,52,32,46,-1,-1,-1,-1
1173,31,1292,52,32,47,-1,-1,-1,-1
1174,31,1289,51,34,50,-1,-1,-1,-1
1175,31,1290,51,35,49,-1,-1,-1,-1
1176,31,1295,53,24,44,-1,-1,-1,-1
1177,31,1297,49,35,49,-1,-1,-1,-1
1178,31,1295,52,28,48,-1,-1,-1,-1
1179,31,1295,52,28,49,-1,-1,-1,-1
1180,31,1297,53,27,45,-1,-1,-1,-1
1181,31,1296,53,27,46,-1,-1,-1,-1
1182,31,1298,52,27,46,-1,-1,-1,-1
1183,31,1297,50,28,48,-1,-1,-1,-1
1184,31,1299,48,30,49,-1,-1,-1,-1
1185,31,1298,48,27,50,-1,-1,-1,-1
1186,31,1301,49,27,47,-1,-1,-1,-1
1187,31,1302,50,26,46,-1,-1,-1,-1
1188,31,1303,51,25,44,-1,-1,-1,-1
1189,31,1304,49,27,46,-1,-1,-1,-1
1190,31,1304,47,29,47,-1,-1,-1,-1
1191,31,1305,49,28,45,-1,-1,-1,-1
1192,31,1305,49,31,46,-1,-1,-1,-1
1193,31,1304,50,34,45,-1,-1,-1,-1
1194,31,1308,51,29,45,-1,-1,-1,-1
1195,31,1311,52,28,44,-1,-1,-1,-1
1196,31,1310,53,26,43,-1,-1,-1,-1
1197,31,1308,51,36,44,-1,-1,-1,-1
1198,31,1313,52,28,42,-1,-1,-1,-1
1199,31,1314,51,28,44,-1,-1,-1,-1
1200,31,1315,52,28,43,-1,-1,-1,-1
1201,31,1316,48,24,44,-1,-1,-1,-1
1202,31,1315,50,26,43,-1,-1,-1,-1
1203,31,1316,49,24,45,-1,-1,-1,-1
1204,31,1316,50,25,45,-1,-1,-1,-1
1205,31,1317,51,27,46,-1,-1,-1,-1
1206,31,1318,49,26,48,-1,-1,-1,-1
1207,31,1319,47,29,49,-1,-1,-1,-1
1208,31,1319,48,28,49,-1,-1,-1,-1
1209,31,1320,49,28,48,-1,-1,-1,-1
1210,31,1318,48,28,49,-1,-1,-1,-1
1211,31,1319,47,29,48,-1,-1,-1,-1
1212,31,1322,48,31,46,-1,-1,-1,-1
1213,31,1323,47,33,47,-1,-1,-1,-1
1214,31,1324,47,32,47,-1,-1,-1,-1
1215,31,1324,47,32,46,-1,-1,-1,-1
1216,31,1328,46,28,47,-1,-1,-1,-1
1217,31,1331,47,27,46,-1,-1,-1,-1
1218,31,1328,47,29,46,-1,-1,-1,-1
1219,31,1327,46,32,48,-1,-1,-1,-1
1220,31,1330,46,30,47,-1,-1,-1,-1
1221,31,1330,48,29,45,-1,-1,-1,-1
1222,31,1333,46,27,46,-1,-1,-1,-1
1223,31,1331,46,29,46,-1,-1,-1,-1
1224,31,1333,47,27,44,-1,-1,-1,-1
1156,33,887,1041,48,36,-1,-1,-1,-1
1157,33,888,1034,54,44,-1,-1,-1,-1
1158,33,891,1027,48,48,-1,-1,-1,-1
1159,33,890,1021,51,54,-1,-1,-1,-1
1160,33,884,1018,53,58,-1,-1,-1,-1
1161,33,885,1007,53,70,-1,-1,-1,-1
1162,33,878,1009,69,66,-1,-1,-1,-1
1163,33,878,1009,73,70,-1,-1,-1,-1
1164,33,872,1007,75,72,-1,-1,-1,-1
1165,33,876,999,71,81,-1,-1,-1,-1
1166,33,872,1003,78,75,-1,-1,-1,-1
1167,33,870,995,71,77,-1,-1,-1,-1
1168,33,870,995,73,85,-1,-1,-1,-1
1169,33,870,982,73,94,-1,-1,-1,-1
1170,33,869,970,79,109,-1,-1,-1,-1
1171,33,869,969,75,110,-1,-1,-1,-1
1172,33,865,969,88,111,-1,-1,-1,-1
1173,33,849,960,107,120,-1,-1,-1,-1
1174,33,856,958,101,122,-1,-1,-1,-1
1175,33,852,957,107,123,-1,-1,-1,-1
1176,33,864,949,95,131,-1,-1,-1,-1
1177,33,867,946,94,134,-1,-1,-1,-1
1178,33,866,941,98,139,-1,-1,-1,-1
1179,33,862,939,100,141,-1,-1,-1,-1
1180,33,870,934,97,145,-1,-1,-1,-1
1181,33,872,929,99,147,-1,-1,-1,-1
1182,33,873,930,96,150,-1,-1,-1,-1
1183,33,874,921,97,159,-1,-1,-1,-1
1184,33,875,922,95,158,-1,-1,-1,-1
1185,33,880,919,92,159,-1,-1,-1,-1
1186,33,871,916,100,162,-1,-1,-1,-1
1187,33,874,903,97,175,-1,-1,-1,-1
1188,33,868,904,101,176,-1,-1,-1,-1
1189,33,875,900,101,176,-1,-1,-1,-1
1190,33,875,900,98,172,-1,-1,-1,-1
1191,33,880,891,96,177,-1,-1,-1,-1
1192,33,881,886,100,185,-1,-1,-1,-1
1193,33,890,880,96,193,-1,-1,-1,-1
1194,33,893,881,95,189,-1,-1,-1,-1
1195,33,893,881,97,187,-1,-1,-1,-1
1196,33,893,878,101,188,-1,-1,-1,-1
1197,33,894,874,101,196,-1,-1,-1,-1
1198,33,889,874,108,192,-1,-1,-1,-1
1199,33,902,863,103,177,-1,-1,-1,-1
1200,33,906,859,101,194,-1,-1,-1,-1
1201,33,915,854,95,189,-1,-1,-1,-1
1202,33,906,851,103,198,-1,-1,-1,-1
1203,33,916,847,95,195,-1,-1,-1,-1
1204,33,921,848,101,183,-1,-1,-1,-1
1205,33,934,829,93,195,-1,-1,-1,-1
1206,33,937,833,93,179,-1,-1,-1,-1
1207,33,939,831,90,181,-1,-1,-1,-1
1208,33,941,826,97,185,-1,-1,-1,-1
1209,33,947,823,98,186,-1,-1,-1,-1
1210,33,949,823,94,175,-1,-1,-1,-1
1211,33,938,820,105,182,-1,-1,-1,-1
1212,33,951,826,112,159,-1,-1,-1,-1
1213,33,959,821,102,163,-1,-1,-1,-1
1214,33,961,814,102,174,-1,-1,-1,-1
1215,33,969,814,97,168,-1,-1,-1,-1
1216,33,968,813,100,174,-1,-1,-1,-1
1217,33,964,814,104,176,-1,-1,-1,-1
1218,33,985,815,88,161,-1,-1,-1,-1
1219,33,983,811,95,170,-1,-1,-1,-1
1220,33,989,805,95,177,-1,-1,-1,-1
1221,33,995,794,93,188,-1,-1,-1,-1
1222,33,1000,772,94,210,-1,-1,-1,-1
1223,33,1004,775,95,208,-1,-1,-1,-1
1224,33,1012,783,88,195,-1,-1,-1,-1
1225,33,1017,784,86,191,-1,-1,-1,-1
1226,33,1017,786,88,188,-1,-1,-1,-1
1227,33,1020,787,93,187,-1,-1,-1,-1
1228,33,1020,772,99,205,-1,-1,-1,-1
1229,33,1019,786,103,183,-1,-1,-1,-1
1230,33,1024,779,102,191,-1,-1,-1,-1
1231,33,1036,779,96,185,-1,-1,-1,-1
1232,33,1030,765,102,198,-1,-1,-1,-1
1233,33,1040,769,95,190,-1,-1,-1,-1
1234,33,1051,769,91,188,-1,-1,-1,-1
1235,33,1048,766,98,189,-1,-1,-1,-1
1236,33,1058,769,92,185,-1,-1,-1,-1
1237,33,1061,769,91,182,-1,-1,-1,-1
1238,33,1071,769,86,174,-1,-1,-1,-1
1239,33,1068,767,94,174,-1,-1,-1,-1
1240,33,1075,765,87,171,-1,-1,-1,-1
1241,33,1074,761,92,175,-1,-1,-1,-1
1242,33,1081,758,90,176,-1,-1,-1,-1
1243,33,1086,761,95,171,-1,-1,-1,-1
1244,33,1087,751,97,180,-1,-1,-1,-1
1245,33,1086,753,100,178,-1,-1,-1,-1
1246,33,1098,749,93,177,-1,-1,-1,-1
1247,33,1093,752,102,172,-1,-1,-1,-1
1248,33,1102,747,94,175,-1,-1,-1,-1
1249,33,1110,742,93,178,-1,-1,-1,-1
1250,33,1114,743,93,174,-1,-1,-1,-1
1251,33,1124,743,88,171,-1,-1,-1,-1
1252,33,1130,741,85,171,-1,-1,-1,-1
1253,33,1131,733,92,183,-1,-1,-1,-1
1254,33,1134,729,89,188,-1,-1,-1,-1
1255,33,1138,730,88,184,-1,-1,-1,-1
1256,33,1132,732,100,183,-1,-1,-1,-1
1257,33,1133,729,99,184,-1,-1,-1,-1
1258,33,1140,729,102,181,-1,-1,-1,-1
1259,33,1143,722,100,188,-1,-1,-1,-1
1260,33,1148,719,95,193,-1,-1,-1,-1
1261,33,1150,719,95,190,-1,-1,-1,-1
1262,33,1149,716,99,193,-1,-1,-1,-1
1263,33,1157,716,95,187,-1,-1,-1,-1
1264,33,1159,714,95,188,-1,-1,-1,-1
1265,33,1165,715,91,184,-1,-1,-1,-1
1266,33,1171,714,93,180,-1,-1,-1,-1
1267,33,1170,713,97,174,-1,-1,-1,-1
1268,33,1174,712,98,175,-1,-1,-1,-1
1269,33,1178,712,91,175,-1,-1,-1,-1
1270,33,1182,710,90,173,-1,-1,-1,-1
1271,33,1183,707,95,171,-1,-1,-1,-1
1272,33,1188,703,96,173,-1,-1,-1,-1
1273,33,1192,702,91,172,-1,-1,-1,-1
1274,33,1192,700,92,171,-1,-1,-1,-1
1275,33,1194,702,95,166,-1,-1,-1,-1
1276,33,1200,698,93,168,-1,-1,-1,-1
1277,33,1196,695,97,174,-1,-1,-1,-1
1278,33,1200,691,96,178,-1,-1,-1,-1
1279,33,1205,694,98,168,-1,-1,-1,-1
1280,33,1210,691,94,174,-1,-1,-1,-1
1281,33,1220,694,88,169,-1,-1,-1,-1
1282,33,1216,693,94,170,-1,-1,-1,-1
1283,33,1225,688,86,171,-1,-1,-1,-1
1284,33,1229,687,85,170,-1,-1,-1,-1
1285,33,1228,678,94,183,-1,-1,-1,-1
1286,33,1231,677,91,177,-1,-1,-1,-1
1287,33,1235,683,88,169,-1,-1,-1,-1
1288,33,1238,676,95,180,-1,-1,-1,-1
1289,33,1221,684,113,174,-1,-1,-1,-1
1290,33,1239,673,102,185,-1,-1,-1,-1
1291,33,1245,671,94,180,-1,-1,-1,-1
1292,33,1248,669,88,182,-1,-1,-1,-1
1293,33,1249,670,95,180,-1,-1,-1,-1
1294,33,1252,668,92,176,-1,-1,-1,-1
1295,33,1252,671,92,170,-1,-1,-1,-1
1296,33,1255,657,92,187,-1,-1,-1,-1
1297,33,1262,652,90,186,-1,-1,-1,-1
1298,33,1265,651,85,177,-1,-1,-1,-1
1299,33,1262,653,87,177,-1,-1,-1,-1
1300,33,1268,650,85,172,-1,-1,-1,-1
1301,33,1267,655,89,164,-1,-1,-1,-1
1302,33,1276,653,80,161,-1,-1,-1,-1
1303,33,1272,652,86,163,-1,-1,-1,-1
1304,33,1272,652,90,163,-1,-1,-1,-1
1305,33,1271,652,94,165,-1,-1,-1,-1
1306,33,1270,652,97,161,-1,-1,-1,-1
1307,33,1275,645,94,172,-1,-1,-1,-1
1308,33,1279,645,89,167,-1,-1,-1,-1
1309,33,1284,642,88,164,-1,-1,-1,-1
1310,33,1286,635,94,170,-1,-1,-1,-1
1311,33,1291,636,86,171,-1,-1,-1,-1
1312,33,1296,628,87,172,-1,-1,-1,-1
1313,33,1298,627,84,177,-1,-1,-1,-1
1314,33,1299,628,85,178,-1,-1,-1,-1
1315,33,1303,624,84,180,-1,-1,-1,-1
1316,33,1300,628,87,174,-1,-1,-1,-1
1317,33,1306,626,81,176,-1,-1,-1,-1
1318,33,1304,617,86,181,-1,-1,-1,-1
1319,33,1306,625,83,173,-1,-1,-1,-1
1320,33,1308,622,86,173,-1,-1,-1,-1
1321,33,1309,616,87,177,-1,-1,-1,-1
1322,33,1311,613,87,179,-1,-1,-1,-1
1323,33,1312,616,83,174,-1,-1,-1,-1
1324,33,1311,613,85,173,-1,-1,-1,-1
1325,33,1315,609,83,168,-1,-1,-1,-1
1326,33,1316,609,80,162,-1,-1,-1,-1
1327,33,1319,607,81,160,-1,-1,-1,-1
1328,33,1317,605,83,160,-1,-1,-1,-1
1329,33,1319,604,85,160,-1,-1,-1,-1
1330,33,1320,605,83,160,-1,-1,-1,-1
1331,33,1321,602,84,162,-1,-1,-1,-1
1332,33,1323,604,79,157,-1,-1,-1,-1
1333,33,1327,606,75,149,-1,-1,-1,-1
1334,33,1325,603,77,152,-1,-1,-1,-1
1335,33,1326,602,76,152,-1,-1,-1,-1
1336,33,1326,601,77,154,-1,-1,-1,-1
1337,33,1325,596,81,165,-1,-1,-1,-1
1338,33,1324,600,82,156,-1,-1,-1,-1
1339,33,1320,600,83,153,-1,-1,-1,-1
1340,33,1319,595,82,158,-1,-1,-1,-1
1341,33,1321,588,82,162,-1,-1,-1,-1
1342,33,1321,585,83,162,-1,-1,-1,-1
1343,33,1317,588,86,156,-1,-1,-1,-1
1344,33,1315,587,87,158,-1,-1,-1,-1
1345,33,1320,587,84,153,-1,-1,-1,-1
1346,33,1323,586,83,157,-1,-1,-1,-1
1347,33,1328,586,78,159,-1,-1,-1,-1
1348,33,1331,589,74,157,-1,-1,-1,-1
1349,33,1332,583,69,164,-1,-1,-1,-1
1350,33,1325,586,77,159,-1,-1,-1,-1
1351,33,1322,584,77,160,-1,-1,-1,-1
1352,33,1316,582,82,163,-1,-1,-1,-1
1353,33,1321,586,76,158,-1,-1,-1,-1
1354,33,1319,585,77,156,-1,-1,-1,-1
1355,33,1315,586,74,147,-1,-1,-1,-1
1356,33,1314,586,71,143,-1,-1,-1,-1
1357,33,1307,584,75,149,-1,-1,-1,-1
1358,33,1311,581,71,143,-1,-1,-1,-1
1359,33,1307,580,71,145,-1,-1,-1,-1
1360,33,1309,575,69,135,-1,-1,-1,-1
1361,33,1304,573,68,138,-1,-1,-1,-1
1362,33,1305,570,63,131,-1,-1,-1,-1
1363,33,1303,568,66,137,-1,-1,-1,-1
1364,33,1303,572,56,112,-1,-1,-1,-1
1365,33,1299,564,65,142,-1,-1,-1,-1
1366,33,1302,574,54,90,-1,-1,-1,-1
1367,33,1299,573,54,96,-1,-1,-1,-1
1368,33,1297,568,53,105,-1,-1,-1,-1
1369,33,1291,565,59,113,-1,-1,-1,-1
1370,33,1291,564,58,111,-1,-1,-1,-1
1371,33,1289,564,55,109,-1,-1,-1,-1
1372,33,1292,567,46,99,-1,-1,-1,-1
1373,33,1285,566,53,98,-1,-1,-1,-1
1374,33,1283,559,53,101,-1,-1,-1,-1
1375,33,1281,559,50,93,-1,-1,-1,-1
1376,33,1280,558,50,93,-1,-1,-1,-1
1377,33,1278,556,51,101,-1,-1,-1,-1
1378,33,1274,553,53,104,-1,-1,-1,-1
1379,33,1271,549,53,84,-1,-1,-1,-1
1380,33,1272,549,50,80,-1,-1,-1,-1
1381,33,1270,556,54,93,-1,-1,-1,-1
1382,33,1271,558,53,87,-1,-1,-1,-1
1383,33,1268,554,53,88,-1,-1,-1,-1
1384,33,1255,550,57,79,-1,-1,-1,-1
1385,33,1246,541,65,88,-1,-1,-1,-1
1386,33,1245,540,64,90,-1,-1,-1,-1
1387,33,1246,540,63,92,-1,-1,-1,-1
1388,33,1248,546,56,82,-1,-1,-1,-1
1389,33,1241,540,60,93,-1,-1,-1,-1
1390,33,1239,539,63,92,-1,-1,-1,-1
1391,33,1233,535,64,92,-1,-1,-1,-1
1392,33,1226,536,70,93,-1,-1,-1,-1
1393,33,1231,539,60,89,-1,-1,-1,-1
1394,33,1227,534,64,95,-1,-1,-1,-1
1395,33,1225,533,67,93,-1,-1,-1,-1
1396,33,1225,536,65,81,-1,-1,-1,-1
1397,33,1225,533,62,92,-1,-1,-1,-1
1398,33,1225,534,60,92,-1,-1,-1,-1
1399,33,1226,535,59,91,-1,-1,-1,-1
1400,33,1227,535,58,91,-1,-1,-1,-1
1401,33,1225,536,61,91,-1,-1,-1,-1
1402,33,1222,537,61,83,-1,-1,-1,-1
1403,33,1217,537,65,81,-1,-1,-1,-1
1404,33,1214,532,67,97,-1,-1,-1,-1
1405,33,1213,534,64,85,-1,-1,-1,-1
1406,33,1213,534,63,87,-1,-1,-1,-1
1407,33,1212,536,65,87,-1,-1,-1,-1
1408,33,1211,534,65,91,-1,-1,-1,-1
1409,33,1210,535,67,85,-1,-1,-1,-1
1410,33,1209,533,65,94,-1,-1,-1,-1
1411,33,1208,533,65,90,-1,-1,-1,-1
1412,33,1210,529,63,96,-1,-1,-1,-1
1413,33,1205,527,68,100,-1,-1,-1,-1
1414,33,1205,528,68,99,-1,-1,-1,-1
1415,33,1205,527,69,100,-1,-1,-1,-1
1416,33,1205,527,69,101,-1,-1,-1,-1
1417,33,1207,531,67,94,-1,-1,-1,-1
1418,33,1206,529,70,100,-1,-1,-1,-1
1419,33,1208,529,67,100,-1,-1,-1,-1
1420,33,1208,529,66,99,-1,-1,-1,-1
1421,33,1208,528,66,100,-1,-1,-1,-1
1422,33,1209,532,65,93,-1,-1,-1,-1
1423,33,1209,530,65,95,-1,-1,-1,-1
1424,33,1209,529,66,96,-1,-1,-1,-1
1425,33,1211,528,66,100,-1,-1,-1,-1
1426,33,1208,533,68,89,-1,-1,-1,-1
1427,33,1207,529,73,102,-1,-1,-1,-1
1428,33,1207,531,73,96,-1,-1,-1,-1
1429,33,1211,532,69,96,-1,-1,-1,-1
1430,33,1213,528,65,100,-1,-1,-1,-1
1431,33,1213,529,65,99,-1,-1,-1,-1
1432,33,1213,530,63,99,-1,-1,-1,-1
1433,33,1211,529,65,99,-1,-1,-1,-1
1434,33,1212,532,65,89,-1,-1,-1,-1
1435,33,1213,532,63,89,-1,-1,-1,-1
1436,33,1213,532,64,89,-1,-1,-1,-1
1437,33,1213,533,66,90,-1,-1,-1,-1
1438,33,1212,533,70,93,-1,-1,-1,-1
1439,33,1213,530,67,101,-1,-1,-1,-1
1440,33,1214,528,65,100,-1,-1,-1,-1
1441,33,1213,531,66,92,-1,-1,-1,-1
1442,33,1217,535,65,83,-1,-1,-1,-1
1443,33,1216,530,64,97,-1,-1,-1,-1
1444,33,1217,534,63,83,-1,-1,-1,-1
1445,33,1217,535,64,83,-1,-1,-1,-1
1446,33,1217,535,65,84,-1,-1,-1,-1
1447,33,1217,537,63,78,-1,-1,-1,-1
1448,33,1217,534,64,87,-1,-1,-1,-1
1449,33,1217,535,64,87,-1,-1,-1,-1
1450,33,1220,532,64,93,-1,-1,-1,-1
1451,33,1220,532,63,91,-1,-1,-1,-1
1452,33,1221,532,62,91,-1,-1,-1,-1
1453,33,1221,536,62,87,-1,-1,-1,-1
1454,33,1222,531,59,99,-1,-1,-1,-1
1455,33,1222,532,59,97,-1,-1,-1,-1
1456,33,1221,536,61,85,-1,-1,-1,-1
1457,33,1223,535,60,88,-1,-1,-1,-1
1458,33,1218,536,65,85,-1,-1,-1,-1
1459,33,1218,536,65,85,-1,-1,-1,-1
1460,33,1214,533,70,95,-1,-1,-1,-1
1461,33,1215,534,68,93,-1,-1,-1,-1
1462,33,1216,535,69,92,-1,-1,-1,-1
1463,33,1217,534,66,92,-1,-1,-1,-1
1464,33,1217,534,68,94,-1,-1,-1,-1
1465,33,1215,533,70,96,-1,-1,-1,-1
1466,33,1215,532,71,97,-1,-1,-1,-1
1467,33,1200,531,87,95,-1,-1,-1,-1
1677,34,262,38,27,49,-1,-1,-1,-1
1678,34,265,39,23,47,-1,-1,-1,-1
1679,34,265,38,24,48,-1,-1,-1,-1
1680,34,266,39,23,47,-1,-1,-1,-1
1681,34,262,37,26,47,-1,-1,-1,-1
1682,34,262,38,27,48,-1,-1,-1,-1
1683,34,262,37,27,48,-1,-1,-1,-1
1684,34,262,37,27,48,-1,-1,-1,-1
1685,34,261,36,28,49,-1,-1,-1,-1
1697,34,262,38,27,47,-1,-1,-1,-1
1698,34,262,39,27,47,-1,-1,-1,-1
1699,34,262,38,28,47,-1,-1,-1,-1
1733,36,726,24,33,51,-1,-1,-1,-1
1734,36,726,23,33,52,-1,-1,-1,-1
1735,36,725,26,29,51,-1,-1,-1,-1
1736,36,725,24,29,52,-1,-1,-1,-1
1737,36,724,23,33,53,-1,-1,-1,-1
1747,36,723,23,33,52,-1,-1,-1,-1
1748,36,724,23,32,52,-1,-1,-1,-1
1749,36,724,23,30,53,-1,-1,-1,-1
1750,36,724,24,30,52,-1,-1,-1,-1
1751,36,725,25,30,51,-1,-1,-1,-1
1752,36,723,24,30,53,-1,-1,-1,-1
1753,36,722,25,31,52,-1,-1,-1,-1
1754,36,722,25,31,53,-1,-1,-1,-1
1755,36,722,26,31,51,-1,-1,-1,-1
1756,36,722,24,31,53,-1,-1,-1,-1
1757,36,726,25,30,51,-1,-1,-1,-1
2077,38,726,22,29,55,-1,-1,-1,-1
2078,38,725,21,30,57,-1,-1,-1,-1
2079,38,726,21,29,56,-1,-1,-1,-1
2080,38,725,22,30,56,-1,-1,-1,-1
2091,39,1628,68,35,75,-1,-1,-1,-1
2092,39,1625,67,39,82,-1,-1,-1,-1
2093,39,1624,65,41,83,-1,-1,-1,-1
2095,39,1623,61,41,86,-1,-1,-1,-1
2096,39,1625,66,38,82,-1,-1,-1,-1
2097,39,1623,66,40,83,-1,-1,-1,-1
2153,38,726,21,29,52,-1,-1,-1,-1
2154,38,726,22,30,52,-1,-1,-1,-1
2155,38,727,22,29,52,-1,-1,-1,-1
2156,38,726,21,31,53,-1,-1,-1,-1
2157,38,726,19,29,55,-1,-1,-1,-1
2158,38,728,21,30,52,-1,-1,-1,-1
2159,38,729,22,30,52,-1,-1,-1,-1
2160,38,727,20,30,55,-1,-1,-1,-1
2161,38,728,21,29,51,-1,-1,-1,-1
2162,38,728,23,28,53,-1,-1,-1,-1
2163,38,726,21,31,53,-1,-1,-1,-1
2300,38,726,22,31,52,-1,-1,-1,-1
2301,38,729,23,28,51,-1,-1,-1,-1
2302,38,730,24,28,50,-1,-1,-1,-1
2311,43,727,21,29,56,-1,-1,-1,-1
2312,43,726,22,34,53,-1,-1,-1,-1
2313,43,726,23,34,52,-1,-1,-1,-1
2314,43,728,22,29,56,-1,-1,-1,-1
2315,43,728,22,29,56,-1,-1,-1,-1
2316,43,727,23,34,53,-1,-1,-1,-1
2322,43,726,22,30,52,-1,-1,-1,-1
2323,43,730,23,28,50,-1,-1,-1,-1
2324,43,730,24,28,49,-1,-1,-1,-1
2325,43,726,22,30,52,-1,-1,-1,-1
2326,43,727,22,28,55,-1,-1,-1,-1
2327,43,727,22,29,55,-1,-1,-1,-1
2328,43,729,23,28,51,-1,-1,-1,-1
2342,38,729,23,28,50,-1,-1,-1,-1
2343,38,728,23,29,50,-1,-1,-1,-1
2344,38,727,21,28,55,-1,-1,-1,-1
2345,38,726,21,29,55,-1,-1,-1,-1
2346,38,728,23,29,50,-1,-1,-1,-1
