1,0,1042,365,20,20,-1,-1,-1,-1
2,0,1040,366,22,18,-1,-1,-1,-1
3,0,1043,365,19,20,-1,-1,-1,-1
4,0,1043,365,19,20,-1,-1,-1,-1
5,0,1043,365,18,21,-1,-1,-1,-1
6,0,1043,364,19,21,-1,-1,-1,-1
7,0,1040,367,22,18,-1,-1,-1,-1
8,0,1042,364,20,21,-1,-1,-1,-1
9,0,1043,365,19,20,-1,-1,-1,-1
10,0,1043,364,19,21,-1,-1,-1,-1
11,0,1043,365,19,21,-1,-1,-1,-1
12,0,1042,364,19,22,-1,-1,-1,-1
13,0,1042,365,20,21,-1,-1,-1,-1
14,0,1042,365,20,21,-1,-1,-1,-1
15,0,1042,365,20,21,-1,-1,-1,-1
16,0,1043,364,18,21,-1,-1,-1,-1
17,0,1042,365,19,20,-1,-1,-1,-1
18,0,1042,364,19,21,-1,-1,-1,-1
19,0,1042,364,19,21,-1,-1,-1,-1
20,0,1042,365,19,20,-1,-1,-1,-1
21,0,1042,364,19,21,-1,-1,-1,-1
22,0,1043,365,18,20,-1,-1,-1,-1
23,0,1043,364,18,22,-1,-1,-1,-1
24,0,1043,365,19,21,-1,-1,-1,-1
25,0,1042,364,19,21,-1,-1,-1,-1
26,0,1043,365,19,21,-1,-1,-1,-1
27,0,1042,365,19,21,-1,-1,-1,-1
28,0,1042,365,19,21,-1,-1,-1,-1
29,0,1042,364,19,22,-1,-1,-1,-1
30,0,1042,364,19,22,-1,-1,-1,-1
31,0,1042,365,19,20,-1,-1,-1,-1
32,0,1043,365,18,20,-1,-1,-1,-1
33,0,1040,366,21,18,-1,-1,-1,-1
34,0,1043,364,18,21,-1,-1,-1,-1
35,0,1043,365,18,20,-1,-1,-1,-1
36,0,1039,365,22,18,-1,-1,-1,-1
37,0,1039,366,22,17,-1,-1,-1,-1
38,0,1043,364,19,20,-1,-1,-1,-1
39,0,1039,365,22,18,-1,-1,-1,-1
40,0,1040,366,21,17,-1,-1,-1,-1
41,0,1042,364,19,20,-1,-1,-1,-1
42,0,1043,364,18,20,-1,-1,-1,-1
43,0,1042,364,20,21,-1,-1,-1,-1
44,0,1042,364,20,20,-1,-1,-1,-1
45,0,1042,364,19,21,-1,-1,-1,-1
46,0,1040,365,21,18,-1,-1,-1,-1
47,0,1042,365,19,20,-1,-1,-1,-1
48,0,1040,367,20,21,-1,-1,-1,-1
49,0,1039,366,21,17,-1,-1,-1,-1
50,0,1041,365,19,22,-1,-1,-1,-1
51,0,1040,365,20,19,-1,-1,-1,-1
52,0,1039,365,21,18,-1,-1,-1,-1
53,0,1039,365,20,20,-1,-1,-1,-1
54,0,1039,366,19,21,-1,-1,-1,-1
55,0,1039,367,19,20,-1,-1,-1,-1
56,0,1040,365,19,21,-1,-1,-1,-1
57,0,1040,365,18,21,-1,-1,-1,-1
58,0,1040,365,19,22,-1,-1,-1,-1
59,0,1040,365,18,22,-1,-1,-1,-1
60,0,1040,364,18,23,-1,-1,-1,-1
61,0,1040,364,18,24,-1,-1,-1,-1
62,0,1040,364,17,24,-1,-1,-1,-1
63,0,1040,364,18,24,-1,-1,-1,-1
64,0,1040,364,18,24,-1,-1,-1,-1
65,0,1036,365,24,22,-1,-1,-1,-1
66,0,1040,364,18,23,-1,-1,-1,-1
67,0,1039,364,18,24,-1,-1,-1,-1
68,0,1040,364,18,24,-1,-1,-1,-1
69,0,1040,364,18,23,-1,-1,-1,-1
70,0,1040,364,18,23,-1,-1,-1,-1
71,0,1040,364,18,23,-1,-1,-1,-1
72,0,1040,364,18,23,-1,-1,-1,-1
73,0,1040,364,18,23,-1,-1,-1,-1
74,0,1040,365,18,22,-1,-1,-1,-1
75,0,1041,365,17,22,-1,-1,-1,-1
76,0,1041,364,17,23,-1,-1,-1,-1
77,0,1041,364,18,23,-1,-1,-1,-1
78,0,1041,367,19,21,-1,-1,-1,-1
79,0,1041,367,20,20,-1,-1,-1,-1
80,0,1040,367,20,22,-1,-1,-1,-1
162,1,1038,365,15,25,-1,-1,-1,-1
163,1,1038,366,21,21,-1,-1,-1,-1
164,1,1037,365,15,25,-1,-1,-1,-1
165,1,1034,364,16,24,-1,-1,-1,-1
166,1,1034,364,16,24,-1,-1,-1,-1
167,1,1033,364,16,24,-1,-1,-1,-1
168,1,1033,363,13,27,-1,-1,-1,-1
169,1,1033,365,15,23,-1,-1,-1,-1
170,1,1033,364,14,27,-1,-1,-1,-1
171,1,1032,364,14,26,-1,-1,-1,-1
173,1,1031,364,15,25,-1,-1,-1,-1
174,1,1031,364,15,25,-1,-1,-1,-1
175,1,1031,363,15,27,-1,-1,-1,-1
176,1,1031,364,15,26,-1,-1,-1,-1
177,1,1031,363,14,26,-1,-1,-1,-1
178,1,1031,363,15,27,-1,-1,-1,-1
179,1,1031,363,15,27,-1,-1,-1,-1
180,1,1031,363,15,27,-1,-1,-1,-1
181,1,1031,363,15,26,-1,-1,-1,-1
182,1,1031,363,13,26,-1,-1,-1,-1
183,1,1031,363,14,27,-1,-1,-1,-1
184,1,1031,363,14,27,-1,-1,-1,-1
185,1,1031,363,14,27,-1,-1,-1,-1
186,1,1031,362,14,27,-1,-1,-1,-1
187,1,1031,363,14,27,-1,-1,-1,-1
188,1,1030,362,15,27,-1,-1,-1,-1
189,1,1031,362,15,27,-1,-1,-1,-1
190,1,1031,362,15,28,-1,-1,-1,-1
191,1,1030,363,15,27,-1,-1,-1,-1
192,1,1030,363,16,26,-1,-1,-1,-1
193,1,1031,363,15,27,-1,-1,-1,-1
194,1,1031,363,15,26,-1,-1,-1,-1
195,1,1031,363,15,27,-1,-1,-1,-1
196,1,1031,363,15,27,-1,-1,-1,-1
197,1,1031,363,15,27,-1,-1,-1,-1
198,1,1031,363,15,27,-1,-1,-1,-1
199,1,1031,364,15,26,-1,-1,-1,-1
200,1,1031,363,15,27,-1,-1,-1,-1
201,1,1032,364,14,26,-1,-1,-1,-1
202,1,1031,363,14,27,-1,-1,-1,-1
203,1,1031,363,15,27,-1,-1,-1,-1
204,1,1031,363,15,27,-1,-1,-1,-1
205,1,1031,365,17,24,-1,-1,-1,-1
206,1,1032,366,16,22,-1,-1,-1,-1
288,3,1030,364,15,25,-1,-1,-1,-1
289,3,1030,366,17,22,-1,-1,-1,-1
290,3,1030,363,14,27,-1,-1,-1,-1
291,3,1030,364,15,26,-1,-1,-1,-1
292,3,1030,363,15,27,-1,-1,-1,-1
293,3,1030,363,15,27,-1,-1,-1,-1
294,3,1030,363,15,27,-1,-1,-1,-1
295,3,1030,364,15,25,-1,-1,-1,-1
296,3,1030,364,15,25,-1,-1,-1,-1
346,4,1040,368,20,20,-1,-1,-1,-1
347,4,1040,368,20,20,-1,-1,-1,-1
348,4,1040,367,20,21,-1,-1,-1,-1
349,4,1041,367,19,21,-1,-1,-1,-1
410,4,1040,366,21,19,-1,-1,-1,-1
411,4,1040,366,21,19,-1,-1,-1,-1
412,4,1040,365,22,19,-1,-1,-1,-1
413,4,1040,365,21,19,-1,-1,-1,-1
735,6,894,264,20,24,-1,-1,-1,-1
736,6,894,263,20,25,-1,-1,-1,-1
737,6,891,262,19,25,-1,-1,-1,-1
513,7,1090,375,20,32,-1,-1,-1,-1
514,7,1090,375,21,31,-1,-1,-1,-1
515,7,1090,374,21,33,-1,-1,-1,-1
516,7,1090,374,21,33,-1,-1,-1,-1
517,7,1090,373,21,35,-1,-1,-1,-1
518,7,1090,373,21,35,-1,-1,-1,-1
519,7,1090,374,21,34,-1,-1,-1,-1
520,7,1090,373,22,35,-1,-1,-1,-1
521,7,1090,374,21,33,-1,-1,-1,-1
522,7,1091,374,21,34,-1,-1,-1,-1
523,7,1092,374,20,35,-1,-1,-1,-1
524,7,1093,375,20,35,-1,-1,-1,-1
525,7,1093,375,21,36,-1,-1,-1,-1
526,7,1095,375,21,37,-1,-1,-1,-1
527,7,1095,377,20,35,-1,-1,-1,-1
528,7,1095,375,21,37,-1,-1,-1,-1
529,7,1095,375,22,38,-1,-1,-1,-1
530,7,1096,375,22,38,-1,-1,-1,-1
531,7,1096,377,21,36,-1,-1,-1,-1
532,7,1099,378,19,36,-1,-1,-1,-1
533,7,1096,376,21,37,-1,-1,-1,-1
534,7,1096,374,21,38,-1,-1,-1,-1
535,7,1098,374,19,39,-1,-1,-1,-1
536,7,1098,372,19,40,-1,-1,-1,-1
537,7,1098,371,19,41,-1,-1,-1,-1
538,7,1098,372,20,39,-1,-1,-1,-1
539,7,1097,373,21,39,-1,-1,-1,-1
540,7,1097,372,21,40,-1,-1,-1,-1
541,7,1098,372,20,40,-1,-1,-1,-1
542,7,1098,372,20,39,-1,-1,-1,-1
543,7,1099,373,19,39,-1,-1,-1,-1
544,7,1097,375,20,37,-1,-1,-1,-1
545,7,1097,375,21,37,-1,-1,-1,-1
546,7,1098,372,20,39,-1,-1,-1,-1
547,7,1098,373,19,39,-1,-1,-1,-1
548,7,1099,375,18,37,-1,-1,-1,-1
549,7,1100,376,17,37,-1,-1,-1,-1
550,7,1100,374,18,38,-1,-1,-1,-1
551,7,1101,374,17,38,-1,-1,-1,-1
552,7,1101,373,18,39,-1,-1,-1,-1
553,7,1102,374,17,38,-1,-1,-1,-1
554,7,1102,375,17,37,-1,-1,-1,-1
555,7,1101,376,18,37,-1,-1,-1,-1
556,7,1101,377,18,37,-1,-1,-1,-1
557,7,1102,374,17,38,-1,-1,-1,-1
558,7,1102,375,17,38,-1,-1,-1,-1
559,7,1102,374,18,38,-1,-1,-1,-1
560,7,1102,375,18,38,-1,-1,-1,-1
561,7,1103,375,17,38,-1,-1,-1,-1
562,7,1103,375,17,38,-1,-1,-1,-1
563,7,1102,381,17,33,-1,-1,-1,-1
564,7,1102,381,17,33,-1,-1,-1,-1
565,7,1102,376,18,37,-1,-1,-1,-1
566,7,1102,377,18,37,-1,-1,-1,-1
567,7,1103,381,15,32,-1,-1,-1,-1
568,7,1103,380,15,32,-1,-1,-1,-1
569,7,1103,381,15,32,-1,-1,-1,-1
570,7,1103,381,16,31,-1,-1,-1,-1
571,7,1103,381,15,32,-1,-1,-1,-1
572,7,1103,374,17,39,-1,-1,-1,-1
573,7,1102,377,18,38,-1,-1,-1,-1
574,7,1102,376,18,38,-1,-1,-1,-1
575,7,1102,376,18,39,-1,-1,-1,-1
576,7,1102,379,17,37,-1,-1,-1,-1
577,7,1102,380,17,36,-1,-1,-1,-1
578,7,1101,380,18,36,-1,-1,-1,-1
579,7,1102,379,17,37,-1,-1,-1,-1
580,7,1102,380,17,36,-1,-1,-1,-1
581,7,1102,380,17,37,-1,-1,-1,-1
582,7,1102,379,18,38,-1,-1,-1,-1
583,7,1102,379,18,37,-1,-1,-1,-1
584,7,1102,379,18,37,-1,-1,-1,-1
585,7,1103,379,18,37,-1,-1,-1,-1
586,7,1103,376,19,38,-1,-1,-1,-1
587,7,1103,379,19,37,-1,-1,-1,-1
588,7,1101,379,20,37,-1,-1,-1,-1
589,7,1103,378,19,37,-1,-1,-1,-1
590,7,1104,378,18,38,-1,-1,-1,-1
591,7,1104,377,18,38,-1,-1,-1,-1
592,7,1105,377,18,39,-1,-1,-1,-1
593,7,1106,380,18,37,-1,-1,-1,-1
594,7,1106,380,18,37,-1,-1,-1,-1
595,7,1106,380,18,37,-1,-1,-1,-1
596,7,1104,378,20,38,-1,-1,-1,-1
597,7,1106,379,18,39,-1,-1,-1,-1
598,7,1106,381,17,37,-1,-1,-1,-1
599,7,1106,383,17,36,-1,-1,-1,-1
600,7,1106,382,17,37,-1,-1,-1,-1
601,7,1106,382,17,36,-1,-1,-1,-1
602,7,1106,381,18,37,-1,-1,-1,-1
603,7,1107,382,18,37,-1,-1,-1,-1
604,7,1107,382,18,37,-1,-1,-1,-1
605,7,1108,382,17,37,-1,-1,-1,-1
606,7,1109,382,16,36,-1,-1,-1,-1
607,7,1107,380,19,39,-1,-1,-1,-1
608,7,1108,380,19,38,-1,-1,-1,-1
609,7,1109,379,18,39,-1,-1,-1,-1
610,7,1108,379,19,41,-1,-1,-1,-1
611,7,1110,379,18,40,-1,-1,-1,-1
612,7,1109,380,19,40,-1,-1,-1,-1
613,7,1109,382,19,39,-1,-1,-1,-1
614,7,1110,382,20,41,-1,-1,-1,-1
615,7,1110,382,20,39,-1,-1,-1,-1
616,7,1110,385,20,37,-1,-1,-1,-1
617,7,1111,385,19,37,-1,-1,-1,-1
618,7,1111,384,20,37,-1,-1,-1,-1
619,7,1112,385,19,39,-1,-1,-1,-1
620,7,1113,382,19,40,-1,-1,-1,-1
621,7,1113,384,19,39,-1,-1,-1,-1
622,7,1114,385,18,39,-1,-1,-1,-1
623,7,1115,385,17,39,-1,-1,-1,-1
624,7,1116,387,17,38,-1,-1,-1,-1
625,7,1116,385,17,40,-1,-1,-1,-1
626,7,1116,388,18,39,-1,-1,-1,-1
627,7,1116,387,18,40,-1,-1,-1,-1
628,7,1118,388,17,37,-1,-1,-1,-1
629,7,1119,387,17,38,-1,-1,-1,-1
630,7,1120,387,17,38,-1,-1,-1,-1
631,7,1120,386,18,38,-1,-1,-1,-1
632,7,1120,386,19,39,-1,-1,-1,-1
633,7,1120,385,20,39,-1,-1,-1,-1
634,7,1121,385,19,39,-1,-1,-1,-1
635,7,1121,385,20,39,-1,-1,-1,-1
636,7,1121,384,20,39,-1,-1,-1,-1
637,7,1121,385,20,39,-1,-1,-1,-1
638,7,1121,386,20,37,-1,-1,-1,-1
639,7,1122,385,19,39,-1,-1,-1,-1
640,7,1121,383,21,39,-1,-1,-1,-1
641,7,1122,384,20,38,-1,-1,-1,-1
642,7,1123,385,19,36,-1,-1,-1,-1
643,7,1124,385,19,37,-1,-1,-1,-1
644,7,1126,385,18,36,-1,-1,-1,-1
645,7,1126,386,18,35,-1,-1,-1,-1
646,7,1127,386,17,35,-1,-1,-1,-1
647,7,1127,384,18,36,-1,-1,-1,-1
648,7,1128,383,18,37,-1,-1,-1,-1
649,7,1127,382,19,36,-1,-1,-1,-1
650,7,1127,384,18,37,-1,-1,-1,-1
651,7,1129,384,17,36,-1,-1,-1,-1
652,7,1129,384,18,37,-1,-1,-1,-1
653,7,1129,385,18,37,-1,-1,-1,-1
654,7,1130,385,19,39,-1,-1,-1,-1
655,7,1131,385,18,37,-1,-1,-1,-1
656,7,1132,385,18,35,-1,-1,-1,-1
657,7,1133,386,18,33,-1,-1,-1,-1
658,7,1134,387,19,33,-1,-1,-1,-1
659,7,1134,387,19,34,-1,-1,-1,-1
660,7,1135,386,18,34,-1,-1,-1,-1
661,7,1137,387,18,32,-1,-1,-1,-1
662,7,1138,386,17,33,-1,-1,-1,-1
663,7,1138,386,17,32,-1,-1,-1,-1
664,7,1139,386,17,32,-1,-1,-1,-1
665,7,1139,385,17,34,-1,-1,-1,-1
666,7,1139,384,18,35,-1,-1,-1,-1
667,7,1139,382,19,37,-1,-1,-1,-1
668,7,1142,380,17,37,-1,-1,-1,-1
669,7,1142,379,17,37,-1,-1,-1,-1
670,7,1142,379,17,37,-1,-1,-1,-1
671,7,1142,381,18,37,-1,-1,-1,-1
672,7,1141,381,20,39,-1,-1,-1,-1
673,7,1142,382,19,39,-1,-1,-1,-1
674,7,1143,383,19,39,-1,-1,-1,-1
675,7,1143,385,19,37,-1,-1,-1,-1
676,7,1145,385,18,37,-1,-1,-1,-1
677,7,1145,385,18,36,-1,-1,-1,-1
678,7,1146,385,18,36,-1,-1,-1,-1
679,7,1146,385,18,36,-1,-1,-1,-1
680,7,1146,384,18,37,-1,-1,-1,-1
681,7,1147,384,17,36,-1,-1,-1,-1
682,7,1148,384,17,38,-1,-1,-1,-1
683,7,1148,385,17,38,-1,-1,-1,-1
684,7,1150,384,16,37,-1,-1,-1,-1
685,7,1152,384,15,36,-1,-1,-1,-1
686,7,1151,384,17,37,-1,-1,-1,-1
687,7,1153,383,16,36,-1,-1,-1,-1
688,7,1152,383,19,38,-1,-1,-1,-1
689,7,1150,384,21,38,-1,-1,-1,-1
690,7,1151,384,21,40,-1,-1,-1,-1
691,7,1152,385,20,39,-1,-1,-1,-1
692,7,1153,385,19,39,-1,-1,-1,-1
693,7,1154,385,19,37,-1,-1,-1,-1
694,7,1157,383,18,39,-1,-1,-1,-1
695,7,1158,384,18,37,-1,-1,-1,-1
696,7,1159,384,17,36,-1,-1,-1,-1
697,7,1158,383,19,37,-1,-1,-1,-1
698,7,1158,384,19,36,-1,-1,-1,-1
699,7,1159,383,18,37,-1,-1,-1,-1
700,7,1159,384,18,36,-1,-1,-1,-1
701,7,1160,384,17,35,-1,-1,-1,-1
702,7,1161,385,17,34,-1,-1,-1,-1
703,7,1160,385,18,34,-1,-1,-1,-1
704,7,1160,385,18,36,-1,-1,-1,-1
705,7,1161,385,18,35,-1,-1,-1,-1
706,7,1161,385,18,34,-1,-1,-1,-1
707,7,1161,385,18,36,-1,-1,-1,-1
708,7,1161,385,19,36,-1,-1,-1,-1
709,7,1163,385,16,35,-1,-1,-1,-1
710,7,1163,385,16,33,-1,-1,-1,-1
711,7,1163,385,18,34,-1,-1,-1,-1
712,7,1163,385,19,36,-1,-1,-1,-1
713,7,1163,384,20,37,-1,-1,-1,-1
714,7,1164,384,19,39,-1,-1,-1,-1
715,7,1165,384,19,39,-1,-1,-1,-1
716,7,1166,384,19,38,-1,-1,-1,-1
717,7,1167,384,18,36,-1,-1,-1,-1
718,7,1168,384,18,39,-1,-1,-1,-1
719,7,1169,383,17,38,-1,-1,-1,-1
720,7,1169,383,17,38,-1,-1,-1,-1
721,7,1169,383,18,38,-1,-1,-1,-1
722,7,1169,383,18,37,-1,-1,-1,-1
723,7,1169,383,19,37,-1,-1,-1,-1
724,7,1171,383,18,35,-1,-1,-1,-1
725,7,1173,382,17,35,-1,-1,-1,-1
726,7,1173,382,18,38,-1,-1,-1,-1
727,7,1173,383,18,37,-1,-1,-1,-1
728,7,1174,383,17,35,-1,-1,-1,-1
729,7,1175,384,17,35,-1,-1,-1,-1
730,7,1176,383,17,37,-1,-1,-1,-1
731,7,1176,382,18,37,-1,-1,-1,-1
732,7,1174,381,23,50,-1,-1,-1,-1
733,7,1175,381,23,49,-1,-1,-1,-1
734,7,1177,382,20,42,-1,-1,-1,-1
735,7,1177,382,22,44,-1,-1,-1,-1
736,7,1178,382,20,37,-1,-1,-1,-1
737,7,1178,382,19,35,-1,-1,-1,-1
738,7,1177,382,23,47,-1,-1,-1,-1
739,7,1177,382,20,41,-1,-1,-1,-1
740,7,1179,382,19,36,-1,-1,-1,-1
741,7,1180,382,22,41,-1,-1,-1,-1
743,7,1179,382,26,49,-1,-1,-1,-1
744,7,1181,382,19,34,-1,-1,-1,-1
745,7,1181,381,23,43,-1,-1,-1,-1
746,7,1179,381,28,53,-1,-1,-1,-1
747,7,1178,382,28,53,-1,-1,-1,-1
882,9,337,530,16,28,-1,-1,-1,-1
883,9,340,528,16,32,-1,-1,-1,-1
884,9,340,530,15,30,-1,-1,-1,-1
885,9,339,530,16,30,-1,-1,-1,-1
968,10,916,586,35,48,-1,-1,-1,-1
969,10,914,588,35,47,-1,-1,-1,-1
970,10,913,587,36,51,-1,-1,-1,-1
971,10,912,587,32,49,-1,-1,-1,-1
976,10,907,594,35,48,-1,-1,-1,-1
977,10,907,596,33,49,-1,-1,-1,-1
978,10,903,596,35,48,-1,-1,-1,-1
494,12,370,694,33,24,-1,-1,-1,-1
495,12,370,694,33,24,-1,-1,-1,-1
496,12,369,695,34,22,-1,-1,-1,-1
497,12,370,695,31,23,-1,-1,-1,-1
498,12,370,695,30,22,-1,-1,-1,-1
499,12,371,694,28,23,-1,-1,-1,-1
500,12,370,694,29,23,-1,-1,-1,-1
501,12,366,696,31,21,-1,-1,-1,-1
502,12,366,694,31,23,-1,-1,-1,-1
503,12,367,693,30,24,-1,-1,-1,-1
504,12,367,693,30,23,-1,-1,-1,-1
505,12,367,693,30,23,-1,-1,-1,-1
506,12,366,693,30,24,-1,-1,-1,-1
507,12,366,693,31,24,-1,-1,-1,-1
508,12,362,692,31,25,-1,-1,-1,-1
509,12,361,692,30,25,-1,-1,-1,-1
510,12,362,691,30,26,-1,-1,-1,-1
511,12,362,690,30,27,-1,-1,-1,-1
512,12,362,689,29,28,-1,-1,-1,-1
513,12,361,689,30,28,-1,-1,-1,-1
514,12,360,689,31,28,-1,-1,-1,-1
515,12,359,688,32,28,-1,-1,-1,-1
516,12,359,687,32,29,-1,-1,-1,-1
517,12,358,687,33,30,-1,-1,-1,-1
518,12,358,686,33,31,-1,-1,-1,-1
519,12,357,686,33,31,-1,-1,-1,-1
520,12,356,686,33,31,-1,-1,-1,-1
521,12,353,684,37,33,-1,-1,-1,-1
522,12,353,687,37,30,-1,-1,-1,-1
523,12,352,682,36,35,-1,-1,-1,-1
524,12,352,682,36,35,-1,-1,-1,-1
525,12,351,682,36,35,-1,-1,-1,-1
526,12,350,680,37,37,-1,-1,-1,-1
527,12,350,678,37,39,-1,-1,-1,-1
528,12,348,677,38,41,-1,-1,-1,-1
529,12,348,677,37,41,-1,-1,-1,-1
530,12,348,676,37,42,-1,-1,-1,-1
531,12,348,676,37,42,-1,-1,-1,-1
532,12,348,676,37,42,-1,-1,-1,-1
533,12,350,676,35,42,-1,-1,-1,-1
534,12,348,676,37,42,-1,-1,-1,-1
535,12,349,675,37,43,-1,-1,-1,-1
536,12,348,676,38,42,-1,-1,-1,-1
537,12,349,675,37,43,-1,-1,-1,-1
538,12,350,671,37,48,-1,-1,-1,-1
539,12,350,670,36,49,-1,-1,-1,-1
540,12,349,670,37,49,-1,-1,-1,-1
541,12,348,669,38,51,-1,-1,-1,-1
542,12,348,668,37,50,-1,-1,-1,-1
543,12,348,667,37,52,-1,-1,-1,-1
544,12,347,667,38,52,-1,-1,-1,-1
545,12,346,666,38,52,-1,-1,-1,-1
546,12,346,665,38,53,-1,-1,-1,-1
547,12,346,666,38,52,-1,-1,-1,-1
548,12,346,665,38,53,-1,-1,-1,-1
549,12,344,665,40,52,-1,-1,-1,-1
550,12,344,665,39,53,-1,-1,-1,-1
551,12,344,664,38,53,-1,-1,-1,-1
552,12,342,663,40,53,-1,-1,-1,-1
553,12,342,660,40,57,-1,-1,-1,-1
554,12,343,660,38,57,-1,-1,-1,-1
555,12,343,659,37,57,-1,-1,-1,-1
556,12,343,658,37,59,-1,-1,-1,-1
557,12,342,657,38,59,-1,-1,-1,-1
558,12,343,656,37,60,-1,-1,-1,-1
559,12,344,656,35,61,-1,-1,-1,-1
560,12,343,656,37,61,-1,-1,-1,-1
561,12,343,656,37,61,-1,-1,-1,-1
562,12,343,657,37,60,-1,-1,-1,-1
563,12,343,657,37,60,-1,-1,-1,-1
564,12,343,657,39,60,-1,-1,-1,-1
565,12,344,656,39,61,-1,-1,-1,-1
566,12,344,655,38,62,-1,-1,-1,-1
567,12,344,653,38,64,-1,-1,-1,-1
568,12,344,652,40,65,-1,-1,-1,-1
569,12,345,652,42,65,-1,-1,-1,-1
570,12,344,651,43,64,-1,-1,-1,-1
571,12,344,649,44,67,-1,-1,-1,-1
572,12,344,648,44,68,-1,-1,-1,-1
573,12,344,647,43,70,-1,-1,-1,-1
574,12,343,646,44,71,-1,-1,-1,-1
575,12,343,645,43,72,-1,-1,-1,-1
576,12,343,645,43,72,-1,-1,-1,-1
577,12,343,646,42,71,-1,-1,-1,-1
578,12,342,645,43,73,-1,-1,-1,-1
579,12,342,645,43,72,-1,-1,-1,-1
580,12,342,645,42,73,-1,-1,-1,-1
581,12,343,645,41,73,-1,-1,-1,-1
582,12,342,645,42,72,-1,-1,-1,-1
583,12,342,645,41,72,-1,-1,-1,-1
584,12,343,643,38,74,-1,-1,-1,-1
585,12,343,643,37,76,-1,-1,-1,-1
586,12,342,643,38,77,-1,-1,-1,-1
587,12,343,641,37,77,-1,-1,-1,-1
588,12,343,639,38,78,-1,-1,-1,-1
589,12,344,640,36,77,-1,-1,-1,-1
590,12,343,639,38,77,-1,-1,-1,-1
591,12,342,639,39,77,-1,-1,-1,-1
592,12,343,639,37,76,-1,-1,-1,-1
593,12,343,639,38,77,-1,-1,-1,-1
594,12,344,638,37,76,-1,-1,-1,-1
595,12,345,635,36,78,-1,-1,-1,-1
596,12,344,634,38,78,-1,-1,-1,-1
597,12,343,634,40,78,-1,-1,-1,-1
598,12,342,633,42,78,-1,-1,-1,-1
599,12,341,632,44,78,-1,-1,-1,-1
600,12,341,631,44,79,-1,-1,-1,-1
601,12,341,629,43,82,-1,-1,-1,-1
602,12,341,629,43,80,-1,-1,-1,-1
603,12,341,628,43,81,-1,-1,-1,-1
604,12,342,628,42,81,-1,-1,-1,-1
605,12,342,628,42,81,-1,-1,-1,-1
606,12,342,629,42,79,-1,-1,-1,-1
607,12,342,629,41,79,-1,-1,-1,-1
608,12,342,629,41,80,-1,-1,-1,-1
609,12,342,629,40,78,-1,-1,-1,-1
610,12,342,629,40,79,-1,-1,-1,-1
611,12,342,628,39,79,-1,-1,-1,-1
612,12,343,628,38,77,-1,-1,-1,-1
613,12,342,628,39,77,-1,-1,-1,-1
614,12,342,626,37,79,-1,-1,-1,-1
615,12,342,625,37,80,-1,-1,-1,-1
616,12,341,623,39,80,-1,-1,-1,-1
617,12,342,623,38,80,-1,-1,-1,-1
618,12,342,623,38,79,-1,-1,-1,-1
619,12,341,622,39,78,-1,-1,-1,-1
620,12,341,621,39,79,-1,-1,-1,-1
621,12,340,619,40,81,-1,-1,-1,-1
622,12,340,619,39,80,-1,-1,-1,-1
623,12,340,619,39,80,-1,-1,-1,-1
624,12,340,620,39,80,-1,-1,-1,-1
625,12,340,621,39,77,-1,-1,-1,-1
626,12,340,619,40,79,-1,-1,-1,-1
627,12,340,619,40,78,-1,-1,-1,-1
628,12,342,619,38,76,-1,-1,-1,-1
629,12,342,618,39,77,-1,-1,-1,-1
630,12,343,616,38,78,-1,-1,-1,-1
631,12,342,617,37,75,-1,-1,-1,-1
632,12,343,616,36,74,-1,-1,-1,-1
633,12,343,615,36,75,-1,-1,-1,-1
634,12,343,615,36,75,-1,-1,-1,-1
635,12,343,615,36,75,-1,-1,-1,-1
636,12,343,614,36,76,-1,-1,-1,-1
637,12,343,614,36,76,-1,-1,-1,-1
638,12,343,613,36,77,-1,-1,-1,-1
639,12,343,613,35,77,-1,-1,-1,-1
640,12,343,613,35,77,-1,-1,-1,-1
641,12,343,613,35,77,-1,-1,-1,-1
642,12,343,613,35,76,-1,-1,-1,-1
643,12,344,612,33,76,-1,-1,-1,-1
644,12,343,611,34,77,-1,-1,-1,-1
645,12,342,609,35,78,-1,-1,-1,-1
646,12,342,607,35,78,-1,-1,-1,-1
647,12,343,604,35,81,-1,-1,-1,-1
648,12,343,602,35,82,-1,-1,-1,-1
649,12,343,600,36,83,-1,-1,-1,-1
650,12,342,600,37,83,-1,-1,-1,-1
651,12,341,599,38,84,-1,-1,-1,-1
652,12,341,600,39,82,-1,-1,-1,-1
653,12,340,600,38,82,-1,-1,-1,-1
654,12,341,599,37,83,-1,-1,-1,-1
655,12,341,599,37,83,-1,-1,-1,-1
656,12,341,600,37,82,-1,-1,-1,-1
657,12,342,600,37,80,-1,-1,-1,-1
658,12,343,600,36,79,-1,-1,-1,-1
659,12,343,596,36,82,-1,-1,-1,-1
660,12,343,597,36,80,-1,-1,-1,-1
661,12,344,598,36,76,-1,-1,-1,-1
662,12,343,597,37,75,-1,-1,-1,-1
663,12,343,597,37,75,-1,-1,-1,-1
664,12,343,597,37,76,-1,-1,-1,-1
665,12,343,596,36,77,-1,-1,-1,-1
666,12,343,594,36,80,-1,-1,-1,-1
667,12,342,595,36,78,-1,-1,-1,-1
668,12,342,595,35,77,-1,-1,-1,-1
669,12,342,596,35,76,-1,-1,-1,-1
670,12,341,595,36,77,-1,-1,-1,-1
671,12,341,594,36,77,-1,-1,-1,-1
672,12,341,594,35,76,-1,-1,-1,-1
673,12,340,593,35,77,-1,-1,-1,-1
674,12,339,592,36,76,-1,-1,-1,-1
675,12,337,589,38,80,-1,-1,-1,-1
676,12,338,590,38,76,-1,-1,-1,-1
677,12,336,589,40,78,-1,-1,-1,-1
678,12,337,590,39,75,-1,-1,-1,-1
679,12,337,588,39,79,-1,-1,-1,-1
680,12,339,588,38,78,-1,-1,-1,-1
681,12,337,587,39,79,-1,-1,-1,-1
682,12,337,587,39,79,-1,-1,-1,-1
683,12,336,587,39,79,-1,-1,-1,-1
684,12,336,587,39,79,-1,-1,-1,-1
685,12,337,587,38,78,-1,-1,-1,-1
686,12,336,587,38,76,-1,-1,-1,-1
687,12,337,586,38,77,-1,-1,-1,-1
688,12,337,585,39,77,-1,-1,-1,-1
689,12,338,584,38,75,-1,-1,-1,-1
690,12,337,583,37,75,-1,-1,-1,-1
691,12,337,582,37,74,-1,-1,-1,-1
692,12,337,582,37,74,-1,-1,-1,-1
693,12,336,580,36,75,-1,-1,-1,-1
694,12,336,580,37,75,-1,-1,-1,-1
695,12,336,580,37,74,-1,-1,-1,-1
696,12,336,580,37,75,-1,-1,-1,-1
697,12,337,579,36,76,-1,-1,-1,-1
698,12,336,579,37,74,-1,-1,-1,-1
699,12,336,579,37,75,-1,-1,-1,-1
700,12,336,579,37,74,-1,-1,-1,-1
701,12,336,579,37,74,-1,-1,-1,-1
702,12,336,578,37,76,-1,-1,-1,-1
703,12,336,577,36,76,-1,-1,-1,-1
704,12,336,578,36,74,-1,-1,-1,-1
705,12,335,577,37,75,-1,-1,-1,-1
706,12,336,578,35,72,-1,-1,-1,-1
707,12,335,576,36,74,-1,-1,-1,-1
708,12,334,575,38,74,-1,-1,-1,-1
709,12,333,574,39,74,-1,-1,-1,-1
710,12,333,574,38,73,-1,-1,-1,-1
711,12,333,574,38,72,-1,-1,-1,-1
712,12,333,574,38,73,-1,-1,-1,-1
713,12,333,574,38,74,-1,-1,-1,-1
714,12,333,575,38,72,-1,-1,-1,-1
715,12,333,574,38,73,-1,-1,-1,-1
716,12,334,575,37,72,-1,-1,-1,-1
717,12,334,574,37,71,-1,-1,-1,-1
718,12,334,573,38,72,-1,-1,-1,-1
719,12,334,572,37,73,-1,-1,-1,-1
720,12,335,571,38,74,-1,-1,-1,-1
721,12,333,570,39,71,-1,-1,-1,-1
722,12,333,569,39,72,-1,-1,-1,-1
723,12,334,569,36,71,-1,-1,-1,-1
724,12,334,568,37,72,-1,-1,-1,-1
725,12,335,567,35,72,-1,-1,-1,-1
726,12,334,567,37,72,-1,-1,-1,-1
727,12,334,567,36,73,-1,-1,-1,-1
728,12,334,567,37,73,-1,-1,-1,-1
729,12,334,567,37,73,-1,-1,-1,-1
730,12,334,567,36,73,-1,-1,-1,-1
731,12,335,566,35,74,-1,-1,-1,-1
732,12,335,566,36,73,-1,-1,-1,-1
733,12,335,567,37,73,-1,-1,-1,-1
734,12,335,564,37,74,-1,-1,-1,-1
735,12,335,563,35,73,-1,-1,-1,-1
736,12,335,563,35,73,-1,-1,-1,-1
737,12,334,562,36,73,-1,-1,-1,-1
738,12,333,562,37,73,-1,-1,-1,-1
739,12,333,561,37,73,-1,-1,-1,-1
740,12,333,560,37,73,-1,-1,-1,-1
741,12,332,560,38,73,-1,-1,-1,-1
742,12,332,560,38,73,-1,-1,-1,-1
743,12,332,560,37,74,-1,-1,-1,-1
744,12,332,559,37,73,-1,-1,-1,-1
745,12,332,560,37,72,-1,-1,-1,-1
746,12,332,559,36,73,-1,-1,-1,-1
747,12,332,559,37,72,-1,-1,-1,-1
748,12,332,558,37,73,-1,-1,-1,-1
749,12,333,557,36,73,-1,-1,-1,-1
750,12,333,557,37,73,-1,-1,-1,-1
751,12,333,555,39,73,-1,-1,-1,-1
752,12,333,555,38,71,-1,-1,-1,-1
753,12,333,555,37,71,-1,-1,-1,-1
754,12,331,554,40,70,-1,-1,-1,-1
755,12,332,554,39,69,-1,-1,-1,-1
756,12,333,554,37,70,-1,-1,-1,-1
757,12,332,554,38,70,-1,-1,-1,-1
758,12,333,553,36,70,-1,-1,-1,-1
759,12,333,553,36,69,-1,-1,-1,-1
760,12,333,553,35,68,-1,-1,-1,-1
761,12,333,553,35,69,-1,-1,-1,-1
762,12,333,552,36,70,-1,-1,-1,-1
763,12,333,552,36,70,-1,-1,-1,-1
764,12,333,551,35,71,-1,-1,-1,-1
765,12,334,551,34,70,-1,-1,-1,-1
766,12,335,550,32,71,-1,-1,-1,-1
767,12,334,549,33,72,-1,-1,-1,-1
768,12,334,549,34,71,-1,-1,-1,-1
769,12,335,548,34,70,-1,-1,-1,-1
770,12,334,548,35,69,-1,-1,-1,-1
771,12,333,546,36,72,-1,-1,-1,-1
772,12,332,546,37,73,-1,-1,-1,-1
773,12,334,546,35,72,-1,-1,-1,-1
774,12,335,545,35,71,-1,-1,-1,-1
775,12,335,546,35,71,-1,-1,-1,-1
776,12,334,546,35,72,-1,-1,-1,-1
777,12,334,546,36,70,-1,-1,-1,-1
778,12,334,545,36,70,-1,-1,-1,-1
779,12,334,545,36,69,-1,-1,-1,-1
780,12,334,544,36,69,-1,-1,-1,-1
781,12,335,542,35,70,-1,-1,-1,-1
782,12,335,541,36,70,-1,-1,-1,-1
783,12,335,541,36,69,-1,-1,-1,-1
784,12,334,540,37,70,-1,-1,-1,-1
785,12,333,540,38,70,-1,-1,-1,-1
786,12,333,540,39,71,-1,-1,-1,-1
787,12,334,539,38,72,-1,-1,-1,-1
788,12,334,539,38,72,-1,-1,-1,-1
789,12,333,539,38,73,-1,-1,-1,-1
790,12,334,539,37,73,-1,-1,-1,-1
791,12,335,540,36,72,-1,-1,-1,-1
792,12,334,539,38,73,-1,-1,-1,-1
793,12,334,538,38,73,-1,-1,-1,-1
794,12,334,538,38,73,-1,-1,-1,-1
795,12,335,538,37,72,-1,-1,-1,-1
796,12,337,538,35,72,-1,-1,-1,-1
797,12,336,536,35,71,-1,-1,-1,-1
798,12,337,537,33,68,-1,-1,-1,-1
799,12,338,537,33,67,-1,-1,-1,-1
800,12,339,536,33,69,-1,-1,-1,-1
801,12,340,535,32,67,-1,-1,-1,-1
802,12,339,535,32,67,-1,-1,-1,-1
803,12,341,535,30,67,-1,-1,-1,-1
804,12,344,537,29,61,-1,-1,-1,-1
805,12,345,537,30,62,-1,-1,-1,-1
806,12,344,536,32,62,-1,-1,-1,-1
807,12,344,536,33,62,-1,-1,-1,-1
808,12,344,536,33,62,-1,-1,-1,-1
809,12,346,536,32,61,-1,-1,-1,-1
810,12,345,535,34,63,-1,-1,-1,-1
811,12,345,533,34,66,-1,-1,-1,-1
812,12,346,533,33,65,-1,-1,-1,-1
813,12,346,532,33,65,-1,-1,-1,-1
814,12,346,531,35,66,-1,-1,-1,-1
815,12,346,531,37,65,-1,-1,-1,-1
816,12,347,531,35,65,-1,-1,-1,-1
817,12,348,532,34,63,-1,-1,-1,-1
818,12,348,532,34,63,-1,-1,-1,-1
819,12,349,531,34,65,-1,-1,-1,-1
820,12,349,531,34,66,-1,-1,-1,-1
821,12,349,532,34,65,-1,-1,-1,-1
822,12,348,530,36,67,-1,-1,-1,-1
823,12,348,528,37,70,-1,-1,-1,-1
824,12,347,528,39,70,-1,-1,-1,-1
825,12,347,526,39,72,-1,-1,-1,-1
826,12,347,525,39,72,-1,-1,-1,-1
827,12,348,524,38,72,-1,-1,-1,-1
828,12,349,523,37,72,-1,-1,-1,-1
829,12,350,522,36,72,-1,-1,-1,-1
830,12,351,521,35,71,-1,-1,-1,-1
831,12,353,521,34,69,-1,-1,-1,-1
832,12,354,522,34,68,-1,-1,-1,-1
833,12,356,523,31,64,-1,-1,-1,-1
834,12,356,523,32,64,-1,-1,-1,-1
835,12,357,524,32,62,-1,-1,-1,-1
836,12,359,524,31,62,-1,-1,-1,-1
837,12,361,524,30,63,-1,-1,-1,-1
838,12,359,524,32,63,-1,-1,-1,-1
839,12,364,523,28,65,-1,-1,-1,-1
840,12,364,523,29,65,-1,-1,-1,-1
841,12,364,522,30,66,-1,-1,-1,-1
842,12,363,521,32,67,-1,-1,-1,-1
843,12,364,524,30,61,-1,-1,-1,-1
844,12,365,522,30,63,-1,-1,-1,-1
845,12,364,518,33,69,-1,-1,-1,-1
846,12,363,517,34,69,-1,-1,-1,-1
847,12,364,516,34,71,-1,-1,-1,-1
848,12,365,517,34,70,-1,-1,-1,-1
849,12,365,517,34,71,-1,-1,-1,-1
850,12,365,518,34,70,-1,-1,-1,-1
851,12,366,517,34,71,-1,-1,-1,-1
852,12,366,517,34,70,-1,-1,-1,-1
853,12,365,517,36,70,-1,-1,-1,-1
854,12,365,517,36,70,-1,-1,-1,-1
855,12,365,518,36,69,-1,-1,-1,-1
856,12,365,517,36,68,-1,-1,-1,-1
857,12,364,517,37,68,-1,-1,-1,-1
858,12,364,516,37,67,-1,-1,-1,-1
859,12,368,516,35,66,-1,-1,-1,-1
860,12,373,518,30,62,-1,-1,-1,-1
861,12,373,517,31,63,-1,-1,-1,-1
862,12,372,515,33,63,-1,-1,-1,-1
863,12,374,516,31,59,-1,-1,-1,-1
864,12,374,516,31,59,-1,-1,-1,-1
865,12,376,515,30,61,-1,-1,-1,-1
866,12,375,515,32,62,-1,-1,-1,-1
867,12,375,515,32,61,-1,-1,-1,-1
868,12,378,517,30,60,-1,-1,-1,-1
869,12,379,514,30,62,-1,-1,-1,-1
870,12,378,513,33,64,-1,-1,-1,-1
871,12,376,512,37,66,-1,-1,-1,-1
872,12,378,513,35,64,-1,-1,-1,-1
873,12,379,514,34,63,-1,-1,-1,-1
874,12,379,512,36,63,-1,-1,-1,-1
875,12,380,509,35,64,-1,-1,-1,-1
876,12,380,509,37,65,-1,-1,-1,-1
877,12,382,509,34,64,-1,-1,-1,-1
878,12,383,509,34,64,-1,-1,-1,-1
879,12,384,510,34,63,-1,-1,-1,-1
880,12,385,510,32,62,-1,-1,-1,-1
881,12,384,509,34,63,-1,-1,-1,-1
882,12,386,510,32,61,-1,-1,-1,-1
883,12,389,511,30,60,-1,-1,-1,-1
884,12,389,511,31,61,-1,-1,-1,-1
885,12,390,512,29,59,-1,-1,-1,-1
886,12,392,511,28,59,-1,-1,-1,-1
887,12,392,511,28,58,-1,-1,-1,-1
888,12,392,510,30,61,-1,-1,-1,-1
889,12,392,510,30,61,-1,-1,-1,-1
890,12,392,507,31,63,-1,-1,-1,-1
891,12,393,507,32,62,-1,-1,-1,-1
892,12,392,506,33,63,-1,-1,-1,-1
893,12,394,505,32,64,-1,-1,-1,-1
894,12,394,504,34,66,-1,-1,-1,-1
895,12,394,502,37,69,-1,-1,-1,-1
896,12,394,503,37,68,-1,-1,-1,-1
897,12,397,505,36,64,-1,-1,-1,-1
898,12,398,505,34,64,-1,-1,-1,-1
899,12,400,506,34,63,-1,-1,-1,-1
900,12,402,506,32,63,-1,-1,-1,-1
901,12,402,506,32,63,-1,-1,-1,-1
902,12,402,505,33,64,-1,-1,-1,-1
903,12,403,505,33,63,-1,-1,-1,-1
904,12,404,505,32,63,-1,-1,-1,-1
905,12,405,505,32,63,-1,-1,-1,-1
906,12,405,504,32,64,-1,-1,-1,-1
907,12,407,504,31,64,-1,-1,-1,-1
908,12,408,503,30,63,-1,-1,-1,-1
909,12,406,503,33,62,-1,-1,-1,-1
910,12,406,502,33,63,-1,-1,-1,-1
911,12,406,501,34,63,-1,-1,-1,-1
912,12,406,501,35,63,-1,-1,-1,-1
913,12,407,501,35,64,-1,-1,-1,-1
914,12,407,501,35,65,-1,-1,-1,-1
915,12,408,502,35,65,-1,-1,-1,-1
916,12,409,502,34,65,-1,-1,-1,-1
917,12,410,503,33,64,-1,-1,-1,-1
918,12,410,501,35,66,-1,-1,-1,-1
919,12,410,500,36,66,-1,-1,-1,-1
920,12,410,500,36,67,-1,-1,-1,-1
921,12,413,501,33,65,-1,-1,-1,-1
922,12,411,498,37,65,-1,-1,-1,-1
923,12,411,499,39,62,-1,-1,-1,-1
924,12,414,499,36,61,-1,-1,-1,-1
925,12,414,498,36,62,-1,-1,-1,-1
926,12,414,498,37,60,-1,-1,-1,-1
927,12,416,497,35,62,-1,-1,-1,-1
928,12,416,497,36,61,-1,-1,-1,-1
929,12,417,497,35,61,-1,-1,-1,-1
930,12,419,496,33,62,-1,-1,-1,-1
931,12,419,497,32,61,-1,-1,-1,-1
932,12,419,497,33,62,-1,-1,-1,-1
933,12,420,497,33,61,-1,-1,-1,-1
934,12,421,496,33,62,-1,-1,-1,-1
935,12,422,496,33,60,-1,-1,-1,-1
936,12,423,496,33,58,-1,-1,-1,-1
937,12,423,495,33,59,-1,-1,-1,-1
938,12,422,496,38,59,-1,-1,-1,-1
939,12,422,495,37,60,-1,-1,-1,-1
940,12,426,496,33,59,-1,-1,-1,-1
941,12,425,495,33,59,-1,-1,-1,-1
942,12,427,495,31,60,-1,-1,-1,-1
943,12,428,495,30,59,-1,-1,-1,-1
944,12,427,495,33,61,-1,-1,-1,-1
945,12,432,495,28,60,-1,-1,-1,-1
946,12,431,496,30,59,-1,-1,-1,-1
947,12,431,495,30,61,-1,-1,-1,-1
948,12,431,494,31,61,-1,-1,-1,-1
949,12,431,493,31,61,-1,-1,-1,-1
950,12,431,493,32,62,-1,-1,-1,-1
951,12,431,493,32,61,-1,-1,-1,-1
952,12,433,491,31,62,-1,-1,-1,-1
953,12,433,491,33,60,-1,-1,-1,-1
954,12,434,491,32,60,-1,-1,-1,-1
955,12,434,490,33,58,-1,-1,-1,-1
956,12,435,491,32,56,-1,-1,-1,-1
957,12,435,490,33,57,-1,-1,-1,-1
958,12,436,491,32,56,-1,-1,-1,-1
959,12,438,491,32,58,-1,-1,-1,-1
960,12,440,491,30,58,-1,-1,-1,-1
961,12,439,490,31,60,-1,-1,-1,-1
962,12,440,489,32,62,-1,-1,-1,-1
963,12,441,489,33,62,-1,-1,-1,-1
964,12,442,489,33,64,-1,-1,-1,-1
965,12,442,488,33,64,-1,-1,-1,-1
966,12,444,489,34,62,-1,-1,-1,-1
967,12,445,488,34,61,-1,-1,-1,-1
968,12,446,488,33,59,-1,-1,-1,-1
969,12,447,487,32,59,-1,-1,-1,-1
970,12,449,488,31,56,-1,-1,-1,-1
971,12,450,488,31,57,-1,-1,-1,-1
972,12,449,488,32,57,-1,-1,-1,-1
973,12,449,488,33,56,-1,-1,-1,-1
974,12,450,488,32,56,-1,-1,-1,-1
975,12,450,488,32,56,-1,-1,-1,-1
976,12,450,488,32,56,-1,-1,-1,-1
977,12,451,488,31,57,-1,-1,-1,-1
978,12,452,489,31,56,-1,-1,-1,-1
979,12,453,488,31,57,-1,-1,-1,-1
980,12,454,487,31,58,-1,-1,-1,-1
981,12,454,486,31,58,-1,-1,-1,-1
982,12,455,484,30,58,-1,-1,-1,-1
983,12,456,483,30,59,-1,-1,-1,-1
984,12,455,483,32,59,-1,-1,-1,-1
985,12,458,483,31,61,-1,-1,-1,-1
986,12,459,484,31,59,-1,-1,-1,-1
987,12,460,485,31,58,-1,-1,-1,-1
988,12,460,485,32,57,-1,-1,-1,-1
989,12,463,486,31,55,-1,-1,-1,-1
990,12,463,486,31,56,-1,-1,-1,-1
991,12,464,486,31,56,-1,-1,-1,-1
992,12,466,486,30,56,-1,-1,-1,-1
503,13,305,696,35,23,-1,-1,-1,-1
504,13,304,696,36,22,-1,-1,-1,-1
505,13,304,696,36,22,-1,-1,-1,-1
506,13,306,695,34,22,-1,-1,-1,-1
507,13,307,694,33,23,-1,-1,-1,-1
508,13,309,693,31,24,-1,-1,-1,-1
509,13,308,693,32,24,-1,-1,-1,-1
510,13,307,695,33,22,-1,-1,-1,-1
511,13,306,693,32,24,-1,-1,-1,-1
512,13,304,692,33,25,-1,-1,-1,-1
513,13,303,692,33,25,-1,-1,-1,-1
514,13,303,692,32,24,-1,-1,-1,-1
515,13,302,691,31,26,-1,-1,-1,-1
516,13,302,691,30,26,-1,-1,-1,-1
517,13,302,691,30,26,-1,-1,-1,-1
518,13,300,691,31,27,-1,-1,-1,-1
519,13,301,690,31,27,-1,-1,-1,-1
520,13,301,688,30,29,-1,-1,-1,-1
521,13,302,687,30,30,-1,-1,-1,-1
522,13,301,686,32,30,-1,-1,-1,-1
523,13,300,685,32,32,-1,-1,-1,-1
524,13,300,684,31,32,-1,-1,-1,-1
525,13,299,682,32,35,-1,-1,-1,-1
526,13,298,681,33,36,-1,-1,-1,-1
527,13,297,680,34,37,-1,-1,-1,-1
528,13,296,680,35,36,-1,-1,-1,-1
529,13,294,680,36,36,-1,-1,-1,-1
530,13,293,680,37,37,-1,-1,-1,-1
531,13,292,680,37,36,-1,-1,-1,-1
532,13,292,680,37,37,-1,-1,-1,-1
533,13,294,680,35,36,-1,-1,-1,-1
534,13,295,679,35,37,-1,-1,-1,-1
535,13,294,678,36,39,-1,-1,-1,-1
536,13,292,675,37,41,-1,-1,-1,-1
537,13,293,672,36,46,-1,-1,-1,-1
538,13,292,670,36,48,-1,-1,-1,-1
539,13,293,670,35,47,-1,-1,-1,-1
540,13,292,670,36,48,-1,-1,-1,-1
541,13,291,669,36,49,-1,-1,-1,-1
542,13,290,667,36,52,-1,-1,-1,-1
543,13,290,667,35,52,-1,-1,-1,-1
544,13,289,668,36,52,-1,-1,-1,-1
545,13,288,668,36,52,-1,-1,-1,-1
546,13,286,667,37,53,-1,-1,-1,-1
547,13,287,667,37,52,-1,-1,-1,-1
548,13,286,666,40,53,-1,-1,-1,-1
549,13,286,664,36,55,-1,-1,-1,-1
550,13,285,664,36,55,-1,-1,-1,-1
551,13,284,664,37,55,-1,-1,-1,-1
552,13,280,663,44,56,-1,-1,-1,-1
553,13,283,664,37,55,-1,-1,-1,-1
554,13,283,662,39,57,-1,-1,-1,-1
555,13,281,661,39,58,-1,-1,-1,-1
556,13,281,661,38,58,-1,-1,-1,-1
557,13,281,661,37,58,-1,-1,-1,-1
558,13,281,661,37,58,-1,-1,-1,-1
559,13,281,660,37,58,-1,-1,-1,-1
560,13,281,660,37,58,-1,-1,-1,-1
561,13,281,659,38,59,-1,-1,-1,-1
562,13,281,659,38,59,-1,-1,-1,-1
563,13,280,658,39,59,-1,-1,-1,-1
564,13,280,656,39,62,-1,-1,-1,-1
565,13,280,656,39,62,-1,-1,-1,-1
566,13,280,656,39,62,-1,-1,-1,-1
567,13,280,655,39,62,-1,-1,-1,-1
568,13,280,651,38,65,-1,-1,-1,-1
569,13,281,649,37,70,-1,-1,-1,-1
570,13,280,649,37,70,-1,-1,-1,-1
571,13,281,650,36,67,-1,-1,-1,-1
572,13,280,650,37,66,-1,-1,-1,-1
573,13,280,649,37,68,-1,-1,-1,-1
574,13,279,647,37,72,-1,-1,-1,-1
575,13,279,648,38,71,-1,-1,-1,-1
576,13,279,648,37,69,-1,-1,-1,-1
577,13,278,648,38,69,-1,-1,-1,-1
578,13,278,647,39,70,-1,-1,-1,-1
579,13,278,644,37,73,-1,-1,-1,-1
580,13,277,644,40,75,-1,-1,-1,-1
581,13,278,644,39,74,-1,-1,-1,-1
582,13,277,642,39,75,-1,-1,-1,-1
583,13,278,642,37,78,-1,-1,-1,-1
584,13,276,641,38,78,-1,-1,-1,-1
585,13,276,641,38,78,-1,-1,-1,-1
586,13,276,639,39,78,-1,-1,-1,-1
587,13,275,639,41,80,-1,-1,-1,-1
588,13,275,638,39,80,-1,-1,-1,-1
589,13,276,637,38,81,-1,-1,-1,-1
590,13,275,636,39,84,-1,-1,-1,-1
591,13,274,637,40,82,-1,-1,-1,-1
592,13,274,636,39,80,-1,-1,-1,-1
593,13,275,637,39,80,-1,-1,-1,-1
594,13,277,635,38,78,-1,-1,-1,-1
595,13,277,636,38,77,-1,-1,-1,-1
596,13,278,633,37,80,-1,-1,-1,-1
597,13,278,632,37,79,-1,-1,-1,-1
598,13,277,631,40,78,-1,-1,-1,-1
599,13,278,630,40,79,-1,-1,-1,-1
600,13,279,631,40,78,-1,-1,-1,-1
601,13,280,631,39,78,-1,-1,-1,-1
602,13,281,631,37,77,-1,-1,-1,-1
603,13,280,631,38,78,-1,-1,-1,-1
604,13,280,631,39,78,-1,-1,-1,-1
605,13,281,630,38,78,-1,-1,-1,-1
606,13,281,631,40,76,-1,-1,-1,-1
607,13,282,631,40,75,-1,-1,-1,-1
608,13,281,629,41,76,-1,-1,-1,-1
609,13,281,627,41,79,-1,-1,-1,-1
610,13,281,627,41,79,-1,-1,-1,-1
611,13,280,626,41,77,-1,-1,-1,-1
612,13,281,627,40,75,-1,-1,-1,-1
613,13,283,626,39,76,-1,-1,-1,-1
614,13,282,625,41,76,-1,-1,-1,-1
615,13,283,623,41,79,-1,-1,-1,-1
616,13,283,623,41,78,-1,-1,-1,-1
617,13,283,621,41,80,-1,-1,-1,-1
618,13,283,620,40,80,-1,-1,-1,-1
619,13,285,619,39,81,-1,-1,-1,-1
620,13,284,620,39,79,-1,-1,-1,-1
621,13,285,619,39,80,-1,-1,-1,-1
622,13,286,618,38,79,-1,-1,-1,-1
623,13,285,618,40,79,-1,-1,-1,-1
624,13,285,618,39,78,-1,-1,-1,-1
625,13,285,618,39,77,-1,-1,-1,-1
626,13,285,617,39,77,-1,-1,-1,-1
627,13,285,616,40,78,-1,-1,-1,-1
628,13,286,614,39,79,-1,-1,-1,-1
629,13,288,613,37,79,-1,-1,-1,-1
630,13,288,612,38,79,-1,-1,-1,-1
631,13,289,613,37,79,-1,-1,-1,-1
632,13,289,613,37,79,-1,-1,-1,-1
633,13,290,612,38,81,-1,-1,-1,-1
634,13,290,613,37,79,-1,-1,-1,-1
635,13,290,613,37,79,-1,-1,-1,-1
636,13,290,613,38,79,-1,-1,-1,-1
637,13,291,613,38,79,-1,-1,-1,-1
638,13,293,613,37,77,-1,-1,-1,-1
639,13,294,613,38,77,-1,-1,-1,-1
640,13,294,611,37,78,-1,-1,-1,-1
641,13,295,611,35,77,-1,-1,-1,-1
642,13,296,609,36,78,-1,-1,-1,-1
643,13,297,609,34,75,-1,-1,-1,-1
644,13,297,608,33,74,-1,-1,-1,-1
645,13,296,607,36,75,-1,-1,-1,-1
646,13,296,606,36,76,-1,-1,-1,-1
647,13,296,606,39,76,-1,-1,-1,-1
648,13,297,607,35,75,-1,-1,-1,-1
649,13,297,606,35,76,-1,-1,-1,-1
650,13,298,606,35,76,-1,-1,-1,-1
651,13,296,604,37,78,-1,-1,-1,-1
652,13,296,603,37,78,-1,-1,-1,-1
653,13,296,604,38,77,-1,-1,-1,-1
654,13,296,604,38,77,-1,-1,-1,-1
655,13,297,603,39,76,-1,-1,-1,-1
656,13,297,602,38,76,-1,-1,-1,-1
657,13,298,602,37,75,-1,-1,-1,-1
658,13,298,600,37,75,-1,-1,-1,-1
659,13,298,600,37,76,-1,-1,-1,-1
660,13,298,600,38,76,-1,-1,-1,-1
661,13,298,599,39,76,-1,-1,-1,-1
662,13,298,598,38,77,-1,-1,-1,-1
663,13,298,599,38,76,-1,-1,-1,-1
664,13,298,597,38,78,-1,-1,-1,-1
665,13,298,595,38,80,-1,-1,-1,-1
666,13,297,595,37,80,-1,-1,-1,-1
667,13,297,595,37,80,-1,-1,-1,-1
668,13,297,595,37,77,-1,-1,-1,-1
669,13,296,594,38,76,-1,-1,-1,-1
670,13,297,594,35,74,-1,-1,-1,-1
671,13,298,592,36,74,-1,-1,-1,-1
672,13,298,591,38,74,-1,-1,-1,-1
673,13,297,591,39,75,-1,-1,-1,-1
674,13,298,590,38,75,-1,-1,-1,-1
675,13,298,590,38,76,-1,-1,-1,-1
676,13,297,590,38,75,-1,-1,-1,-1
677,13,297,590,38,76,-1,-1,-1,-1
678,13,298,590,38,76,-1,-1,-1,-1
679,13,297,590,39,76,-1,-1,-1,-1
680,13,299,590,38,76,-1,-1,-1,-1
681,13,299,589,37,76,-1,-1,-1,-1
682,13,298,588,38,75,-1,-1,-1,-1
683,13,298,587,38,76,-1,-1,-1,-1
684,13,299,586,37,76,-1,-1,-1,-1
685,13,299,587,36,74,-1,-1,-1,-1
686,13,300,586,36,75,-1,-1,-1,-1
687,13,300,585,37,75,-1,-1,-1,-1
688,13,300,585,37,74,-1,-1,-1,-1
689,13,300,584,36,75,-1,-1,-1,-1
690,13,299,584,36,75,-1,-1,-1,-1
691,13,299,583,36,76,-1,-1,-1,-1
692,13,300,582,37,78,-1,-1,-1,-1
693,13,299,583,36,76,-1,-1,-1,-1
694,13,299,582,36,76,-1,-1,-1,-1
695,13,299,581,36,78,-1,-1,-1,-1
696,13,300,580,34,78,-1,-1,-1,-1
697,13,300,580,33,76,-1,-1,-1,-1
698,13,299,580,34,75,-1,-1,-1,-1
699,13,299,579,35,74,-1,-1,-1,-1
700,13,299,578,35,74,-1,-1,-1,-1
701,13,300,578,34,73,-1,-1,-1,-1
702,13,299,578,35,73,-1,-1,-1,-1
703,13,299,576,35,75,-1,-1,-1,-1
704,13,299,577,36,74,-1,-1,-1,-1
705,13,299,577,36,74,-1,-1,-1,-1
706,13,299,576,35,74,-1,-1,-1,-1
707,13,299,577,35,73,-1,-1,-1,-1
708,13,298,576,34,74,-1,-1,-1,-1
709,13,300,577,35,72,-1,-1,-1,-1
710,13,299,575,37,74,-1,-1,-1,-1
711,13,300,575,36,73,-1,-1,-1,-1
712,13,301,575,35,73,-1,-1,-1,-1
713,13,300,574,36,74,-1,-1,-1,-1
714,13,299,572,37,74,-1,-1,-1,-1
715,13,299,572,37,72,-1,-1,-1,-1
716,13,299,572,36,72,-1,-1,-1,-1
717,13,299,571,37,73,-1,-1,-1,-1
718,13,300,570,37,73,-1,-1,-1,-1
719,13,300,570,35,73,-1,-1,-1,-1
720,13,299,570,35,72,-1,-1,-1,-1
721,13,299,570,34,72,-1,-1,-1,-1
722,13,299,570,35,72,-1,-1,-1,-1
723,13,299,569,34,73,-1,-1,-1,-1
724,13,299,568,35,74,-1,-1,-1,-1
725,13,299,568,35,74,-1,-1,-1,-1
726,13,299,568,34,73,-1,-1,-1,-1
727,13,300,567,34,72,-1,-1,-1,-1
728,13,300,566,33,71,-1,-1,-1,-1
729,13,300,566,33,71,-1,-1,-1,-1
730,13,300,565,33,71,-1,-1,-1,-1
731,13,301,564,33,71,-1,-1,-1,-1
732,13,301,563,33,71,-1,-1,-1,-1
733,13,300,563,34,72,-1,-1,-1,-1
734,13,300,562,32,72,-1,-1,-1,-1
735,13,299,561,34,73,-1,-1,-1,-1
736,13,299,561,33,72,-1,-1,-1,-1
737,13,299,561,33,72,-1,-1,-1,-1
738,13,299,560,34,74,-1,-1,-1,-1
739,13,300,561,33,73,-1,-1,-1,-1
740,13,301,562,35,71,-1,-1,-1,-1
741,13,301,561,35,71,-1,-1,-1,-1
742,13,300,560,35,72,-1,-1,-1,-1
743,13,300,560,35,71,-1,-1,-1,-1
744,13,300,559,35,71,-1,-1,-1,-1
745,13,299,558,33,70,-1,-1,-1,-1
746,13,299,558,36,70,-1,-1,-1,-1
747,13,299,557,36,71,-1,-1,-1,-1
748,13,300,558,35,69,-1,-1,-1,-1
749,13,300,558,34,69,-1,-1,-1,-1
750,13,300,557,35,70,-1,-1,-1,-1
751,13,300,557,34,70,-1,-1,-1,-1
752,13,301,557,33,69,-1,-1,-1,-1
753,13,301,556,33,69,-1,-1,-1,-1
754,13,301,555,33,70,-1,-1,-1,-1
755,13,301,555,33,70,-1,-1,-1,-1
756,13,302,555,30,66,-1,-1,-1,-1
757,13,302,554,30,67,-1,-1,-1,-1
758,13,302,554,31,66,-1,-1,-1,-1
759,13,301,552,30,69,-1,-1,-1,-1
760,13,301,551,31,68,-1,-1,-1,-1
761,13,301,551,31,68,-1,-1,-1,-1
762,13,300,550,32,70,-1,-1,-1,-1
763,13,300,550,33,69,-1,-1,-1,-1
764,13,300,550,32,68,-1,-1,-1,-1
765,13,300,549,32,70,-1,-1,-1,-1
766,13,301,548,32,70,-1,-1,-1,-1
767,13,300,548,33,72,-1,-1,-1,-1
768,13,302,549,32,71,-1,-1,-1,-1
769,13,302,549,32,70,-1,-1,-1,-1
770,13,300,546,34,72,-1,-1,-1,-1
771,13,301,547,34,70,-1,-1,-1,-1
772,13,300,545,35,72,-1,-1,-1,-1
773,13,300,545,35,70,-1,-1,-1,-1
774,13,300,544,34,67,-1,-1,-1,-1
775,13,301,544,33,68,-1,-1,-1,-1
776,13,299,543,34,69,-1,-1,-1,-1
777,13,301,544,32,67,-1,-1,-1,-1
778,13,300,542,35,71,-1,-1,-1,-1
779,13,299,542,36,71,-1,-1,-1,-1
780,13,299,543,36,70,-1,-1,-1,-1
781,13,300,542,35,70,-1,-1,-1,-1
782,13,300,543,36,68,-1,-1,-1,-1
783,13,301,541,34,69,-1,-1,-1,-1
784,13,300,540,35,70,-1,-1,-1,-1
785,13,301,540,34,69,-1,-1,-1,-1
786,13,303,539,32,67,-1,-1,-1,-1
787,13,302,538,34,69,-1,-1,-1,-1
788,13,303,537,34,69,-1,-1,-1,-1
789,13,303,537,34,69,-1,-1,-1,-1
790,13,304,537,33,67,-1,-1,-1,-1
791,13,305,539,29,62,-1,-1,-1,-1
792,13,305,539,29,62,-1,-1,-1,-1
793,13,305,540,29,61,-1,-1,-1,-1
794,13,305,541,29,61,-1,-1,-1,-1
795,13,305,540,29,62,-1,-1,-1,-1
796,13,303,538,33,65,-1,-1,-1,-1
797,13,304,538,32,66,-1,-1,-1,-1
798,13,306,537,31,66,-1,-1,-1,-1
799,13,306,536,32,68,-1,-1,-1,-1
800,13,305,538,33,66,-1,-1,-1,-1
801,13,309,536,30,66,-1,-1,-1,-1
802,13,308,535,32,67,-1,-1,-1,-1
803,13,309,534,31,66,-1,-1,-1,-1
804,13,311,533,30,64,-1,-1,-1,-1
805,13,311,533,32,64,-1,-1,-1,-1
806,13,312,532,32,66,-1,-1,-1,-1
807,13,313,532,32,66,-1,-1,-1,-1
808,13,315,531,30,67,-1,-1,-1,-1
809,13,315,532,30,64,-1,-1,-1,-1
810,13,314,532,31,65,-1,-1,-1,-1
811,13,315,530,30,65,-1,-1,-1,-1
812,13,315,530,30,64,-1,-1,-1,-1
813,13,315,529,30,66,-1,-1,-1,-1
814,13,315,529,31,67,-1,-1,-1,-1
815,13,314,527,33,67,-1,-1,-1,-1
816,13,315,526,32,68,-1,-1,-1,-1
817,13,316,525,30,67,-1,-1,-1,-1
818,13,318,525,29,66,-1,-1,-1,-1
819,13,318,526,30,65,-1,-1,-1,-1
820,13,318,526,29,65,-1,-1,-1,-1
821,13,319,526,30,65,-1,-1,-1,-1
822,13,319,526,30,64,-1,-1,-1,-1
823,13,319,527,30,64,-1,-1,-1,-1
824,13,319,529,30,61,-1,-1,-1,-1
825,13,319,527,30,63,-1,-1,-1,-1
826,13,320,528,28,62,-1,-1,-1,-1
827,13,320,526,29,62,-1,-1,-1,-1
828,13,320,527,30,62,-1,-1,-1,-1
829,13,321,527,30,63,-1,-1,-1,-1
830,13,323,529,27,59,-1,-1,-1,-1
831,13,324,527,28,60,-1,-1,-1,-1
832,13,324,524,29,63,-1,-1,-1,-1
833,13,324,522,30,64,-1,-1,-1,-1
834,13,324,521,33,67,-1,-1,-1,-1
835,13,326,521,32,66,-1,-1,-1,-1
836,13,327,522,31,64,-1,-1,-1,-1
837,13,329,524,28,60,-1,-1,-1,-1
838,13,329,523,28,61,-1,-1,-1,-1
839,13,329,521,29,63,-1,-1,-1,-1
840,13,330,523,29,60,-1,-1,-1,-1
841,13,331,522,29,60,-1,-1,-1,-1
842,13,331,521,29,61,-1,-1,-1,-1
843,13,330,518,31,65,-1,-1,-1,-1
844,13,332,520,29,61,-1,-1,-1,-1
845,13,333,519,30,62,-1,-1,-1,-1
846,13,333,516,30,63,-1,-1,-1,-1
847,13,332,514,32,66,-1,-1,-1,-1
848,13,332,513,32,67,-1,-1,-1,-1
849,13,332,512,34,70,-1,-1,-1,-1
850,13,335,515,31,63,-1,-1,-1,-1
851,13,335,516,31,61,-1,-1,-1,-1
852,13,335,516,31,61,-1,-1,-1,-1
853,13,336,516,30,60,-1,-1,-1,-1
854,13,336,516,31,61,-1,-1,-1,-1
855,13,337,515,30,62,-1,-1,-1,-1
856,13,338,516,29,62,-1,-1,-1,-1
857,13,339,515,29,62,-1,-1,-1,-1
858,13,338,514,31,64,-1,-1,-1,-1
859,13,339,512,32,66,-1,-1,-1,-1
860,13,341,510,34,67,-1,-1,-1,-1
861,13,344,511,32,64,-1,-1,-1,-1
862,13,345,510,31,65,-1,-1,-1,-1
863,13,345,511,30,64,-1,-1,-1,-1
864,13,347,513,29,62,-1,-1,-1,-1
865,13,349,514,28,61,-1,-1,-1,-1
866,13,348,511,31,65,-1,-1,-1,-1
867,13,349,510,32,66,-1,-1,-1,-1
868,13,349,512,31,65,-1,-1,-1,-1
869,13,347,510,33,67,-1,-1,-1,-1
870,13,348,511,33,65,-1,-1,-1,-1
871,13,350,514,31,60,-1,-1,-1,-1
872,13,350,511,32,64,-1,-1,-1,-1
873,13,351,511,31,64,-1,-1,-1,-1
874,13,352,511,30,62,-1,-1,-1,-1
875,13,353,508,32,64,-1,-1,-1,-1
876,13,352,507,33,66,-1,-1,-1,-1
877,13,354,507,32,65,-1,-1,-1,-1
878,13,354,506,32,64,-1,-1,-1,-1
879,13,354,507,32,63,-1,-1,-1,-1
880,13,355,505,32,63,-1,-1,-1,-1
881,13,360,507,29,60,-1,-1,-1,-1
882,13,360,506,31,64,-1,-1,-1,-1
883,13,359,506,31,63,-1,-1,-1,-1
884,13,361,503,30,65,-1,-1,-1,-1
885,13,362,503,29,64,-1,-1,-1,-1
886,13,363,504,28,62,-1,-1,-1,-1
887,13,362,503,30,63,-1,-1,-1,-1
888,13,362,502,31,66,-1,-1,-1,-1
889,13,363,502,29,65,-1,-1,-1,-1
890,13,363,501,30,65,-1,-1,-1,-1
891,13,364,501,30,65,-1,-1,-1,-1
892,13,365,500,29,65,-1,-1,-1,-1
893,13,366,501,30,64,-1,-1,-1,-1
894,13,368,501,30,64,-1,-1,-1,-1
895,13,369,501,30,63,-1,-1,-1,-1
896,13,370,499,31,67,-1,-1,-1,-1
897,13,370,501,30,63,-1,-1,-1,-1
898,13,371,502,29,61,-1,-1,-1,-1
899,13,370,500,32,66,-1,-1,-1,-1
900,13,371,501,32,65,-1,-1,-1,-1
901,13,372,501,32,65,-1,-1,-1,-1
902,13,375,502,30,63,-1,-1,-1,-1
903,13,375,504,30,59,-1,-1,-1,-1
904,13,376,505,30,58,-1,-1,-1,-1
905,13,378,507,29,56,-1,-1,-1,-1
906,13,379,510,27,53,-1,-1,-1,-1
907,13,379,510,28,52,-1,-1,-1,-1
908,13,380,501,28,60,-1,-1,-1,-1
909,13,379,498,30,64,-1,-1,-1,-1
910,13,379,497,32,64,-1,-1,-1,-1
911,13,380,498,31,62,-1,-1,-1,-1
912,13,380,496,33,64,-1,-1,-1,-1
913,13,380,496,33,63,-1,-1,-1,-1
914,13,380,496,33,65,-1,-1,-1,-1
915,13,381,496,31,64,-1,-1,-1,-1
916,13,382,496,31,64,-1,-1,-1,-1
917,13,385,496,29,63,-1,-1,-1,-1
918,13,385,495,30,64,-1,-1,-1,-1
919,13,385,496,29,63,-1,-1,-1,-1
920,13,385,495,31,63,-1,-1,-1,-1
921,13,387,494,32,65,-1,-1,-1,-1
922,13,389,495,32,64,-1,-1,-1,-1
923,13,390,496,32,62,-1,-1,-1,-1
924,13,391,496,32,63,-1,-1,-1,-1
925,13,393,496,31,63,-1,-1,-1,-1
926,13,394,495,30,64,-1,-1,-1,-1
927,13,394,494,31,65,-1,-1,-1,-1
928,13,395,494,30,64,-1,-1,-1,-1
929,13,396,496,29,62,-1,-1,-1,-1
930,13,398,495,27,62,-1,-1,-1,-1
931,13,397,495,28,62,-1,-1,-1,-1
932,13,398,496,29,61,-1,-1,-1,-1
933,13,399,494,31,62,-1,-1,-1,-1
934,13,400,494,29,62,-1,-1,-1,-1
935,13,401,494,28,62,-1,-1,-1,-1
936,13,402,493,29,61,-1,-1,-1,-1
937,13,402,493,29,61,-1,-1,-1,-1
938,13,401,494,30,60,-1,-1,-1,-1
939,13,400,491,32,64,-1,-1,-1,-1
940,13,401,491,33,61,-1,-1,-1,-1
941,13,402,491,32,60,-1,-1,-1,-1
942,13,402,490,31,63,-1,-1,-1,-1
943,13,403,491,31,60,-1,-1,-1,-1
944,13,405,491,31,61,-1,-1,-1,-1
945,13,405,491,31,61,-1,-1,-1,-1
946,13,405,491,31,61,-1,-1,-1,-1
947,13,405,491,32,60,-1,-1,-1,-1
948,13,406,491,31,61,-1,-1,-1,-1
949,13,406,491,31,61,-1,-1,-1,-1
950,13,407,490,30,62,-1,-1,-1,-1
951,13,407,490,32,61,-1,-1,-1,-1
952,13,408,489,31,61,-1,-1,-1,-1
953,13,410,488,30,61,-1,-1,-1,-1
954,13,410,488,31,63,-1,-1,-1,-1
955,13,411,488,32,63,-1,-1,-1,-1
956,13,412,489,31,60,-1,-1,-1,-1
957,13,413,490,30,58,-1,-1,-1,-1
958,13,413,489,30,59,-1,-1,-1,-1
959,13,413,488,29,61,-1,-1,-1,-1
960,13,414,488,30,59,-1,-1,-1,-1
961,13,416,488,30,60,-1,-1,-1,-1
962,13,416,487,30,61,-1,-1,-1,-1
963,13,416,487,31,62,-1,-1,-1,-1
964,13,416,486,33,64,-1,-1,-1,-1
965,13,415,486,34,64,-1,-1,-1,-1
966,13,416,486,34,64,-1,-1,-1,-1
967,13,418,486,33,63,-1,-1,-1,-1
968,13,419,485,31,63,-1,-1,-1,-1
969,13,420,484,31,63,-1,-1,-1,-1
970,13,421,484,29,62,-1,-1,-1,-1
971,13,422,485,30,60,-1,-1,-1,-1
972,13,421,484,33,62,-1,-1,-1,-1
973,13,421,485,33,61,-1,-1,-1,-1
974,13,421,484,33,62,-1,-1,-1,-1
975,13,422,485,31,61,-1,-1,-1,-1
976,13,423,485,32,61,-1,-1,-1,-1
977,13,423,484,32,62,-1,-1,-1,-1
978,13,424,484,31,62,-1,-1,-1,-1
979,13,424,484,30,61,-1,-1,-1,-1
980,13,425,483,29,60,-1,-1,-1,-1
981,13,427,485,28,59,-1,-1,-1,-1
982,13,429,484,29,58,-1,-1,-1,-1
983,13,429,484,30,59,-1,-1,-1,-1
984,13,430,482,29,59,-1,-1,-1,-1
985,13,430,479,30,61,-1,-1,-1,-1
986,13,432,480,29,60,-1,-1,-1,-1
987,13,434,480,28,62,-1,-1,-1,-1
988,13,434,481,29,59,-1,-1,-1,-1
989,13,434,481,29,59,-1,-1,-1,-1
990,13,435,481,30,59,-1,-1,-1,-1
991,13,436,481,30,58,-1,-1,-1,-1
992,13,437,481,30,58,-1,-1,-1,-1
789,14,1193,696,33,22,-1,-1,-1,-1
790,14,1193,696,33,22,-1,-1,-1,-1
791,14,1192,696,32,22,-1,-1,-1,-1
792,14,1191,693,30,25,-1,-1,-1,-1
793,14,1190,692,30,26,-1,-1,-1,-1
794,14,1190,692,30,25,-1,-1,-1,-1
795,14,1189,692,31,26,-1,-1,-1,-1
796,14,1188,692,32,26,-1,-1,-1,-1
797,14,1187,693,32,24,-1,-1,-1,-1
798,14,1187,692,32,26,-1,-1,-1,-1
799,14,1187,692,32,26,-1,-1,-1,-1
800,14,1185,692,33,25,-1,-1,-1,-1
801,14,1184,692,34,25,-1,-1,-1,-1
802,14,1181,693,35,24,-1,-1,-1,-1
803,14,1183,692,35,26,-1,-1,-1,-1
804,14,1177,687,35,30,-1,-1,-1,-1
805,14,1174,686,37,30,-1,-1,-1,-1
806,14,1170,681,42,38,-1,-1,-1,-1
807,14,1170,679,43,40,-1,-1,-1,-1
808,14,1169,681,37,36,-1,-1,-1,-1
809,14,1167,680,41,37,-1,-1,-1,-1
810,14,1168,681,35,36,-1,-1,-1,-1
811,14,1166,680,38,38,-1,-1,-1,-1
812,14,1167,680,33,38,-1,-1,-1,-1
813,14,1165,679,34,39,-1,-1,-1,-1
814,14,1163,678,33,39,-1,-1,-1,-1
815,14,1161,678,34,39,-1,-1,-1,-1
816,14,1160,677,34,40,-1,-1,-1,-1
817,14,1159,675,36,43,-1,-1,-1,-1
818,14,1158,674,35,44,-1,-1,-1,-1
819,14,1157,674,36,45,-1,-1,-1,-1
820,14,1156,674,34,44,-1,-1,-1,-1
821,14,1156,674,34,44,-1,-1,-1,-1
822,14,1155,673,34,45,-1,-1,-1,-1
823,14,1155,671,33,47,-1,-1,-1,-1
824,14,1154,669,35,50,-1,-1,-1,-1
825,14,1153,667,34,51,-1,-1,-1,-1
826,14,1152,666,35,52,-1,-1,-1,-1
827,14,1151,664,37,56,-1,-1,-1,-1
828,14,1150,664,37,55,-1,-1,-1,-1
829,14,1149,664,39,56,-1,-1,-1,-1
830,14,1147,663,41,56,-1,-1,-1,-1
831,14,1147,662,40,57,-1,-1,-1,-1
832,14,1147,662,38,57,-1,-1,-1,-1
833,14,1147,663,38,56,-1,-1,-1,-1
834,14,1147,662,37,57,-1,-1,-1,-1
835,14,1146,661,37,57,-1,-1,-1,-1
836,14,1147,661,36,58,-1,-1,-1,-1
837,14,1147,660,35,59,-1,-1,-1,-1
838,14,1146,659,35,59,-1,-1,-1,-1
839,14,1146,657,36,62,-1,-1,-1,-1
840,14,1146,657,35,61,-1,-1,-1,-1
841,14,1146,657,34,61,-1,-1,-1,-1
842,14,1145,656,35,62,-1,-1,-1,-1
843,14,1145,655,34,63,-1,-1,-1,-1
844,14,1145,655,35,62,-1,-1,-1,-1
845,14,1144,653,37,64,-1,-1,-1,-1
846,14,1144,653,36,64,-1,-1,-1,-1
847,14,1144,652,36,65,-1,-1,-1,-1
848,14,1145,652,36,65,-1,-1,-1,-1
849,14,1145,651,36,66,-1,-1,-1,-1
850,14,1144,650,37,67,-1,-1,-1,-1
851,14,1145,649,36,69,-1,-1,-1,-1
852,14,1145,649,36,69,-1,-1,-1,-1
853,14,1145,649,36,68,-1,-1,-1,-1
854,14,1145,648,35,69,-1,-1,-1,-1
855,14,1144,647,36,70,-1,-1,-1,-1
856,14,1145,645,35,72,-1,-1,-1,-1
857,14,1144,645,35,73,-1,-1,-1,-1
858,14,1145,642,35,74,-1,-1,-1,-1
859,14,1145,641,36,74,-1,-1,-1,-1
860,14,1145,640,36,76,-1,-1,-1,-1
861,14,1145,639,36,77,-1,-1,-1,-1
862,14,1145,639,35,76,-1,-1,-1,-1
863,14,1146,639,35,77,-1,-1,-1,-1
864,14,1146,639,36,76,-1,-1,-1,-1
865,14,1146,638,36,76,-1,-1,-1,-1
866,14,1146,638,36,74,-1,-1,-1,-1
867,14,1145,637,38,73,-1,-1,-1,-1
868,14,1146,635,37,76,-1,-1,-1,-1
869,14,1146,633,38,78,-1,-1,-1,-1
870,14,1147,632,37,77,-1,-1,-1,-1
871,14,1146,632,38,74,-1,-1,-1,-1
872,14,1146,631,37,74,-1,-1,-1,-1
873,14,1146,631,39,72,-1,-1,-1,-1
874,14,1148,630,37,74,-1,-1,-1,-1
875,14,1147,630,38,73,-1,-1,-1,-1
876,14,1147,630,38,73,-1,-1,-1,-1
877,14,1147,629,38,74,-1,-1,-1,-1
878,14,1147,630,40,71,-1,-1,-1,-1
879,14,1149,628,38,73,-1,-1,-1,-1
880,14,1150,628,37,72,-1,-1,-1,-1
881,14,1150,626,38,76,-1,-1,-1,-1
882,14,1150,625,38,77,-1,-1,-1,-1
883,14,1151,625,37,76,-1,-1,-1,-1
884,14,1152,625,37,74,-1,-1,-1,-1
885,14,1154,625,34,73,-1,-1,-1,-1
886,14,1154,624,35,72,-1,-1,-1,-1
887,14,1154,623,36,73,-1,-1,-1,-1
888,14,1155,623,35,73,-1,-1,-1,-1
889,14,1154,621,36,74,-1,-1,-1,-1
890,14,1154,621,36,75,-1,-1,-1,-1
891,14,1155,622,35,74,-1,-1,-1,-1
892,14,1155,622,35,74,-1,-1,-1,-1
893,14,1155,622,35,73,-1,-1,-1,-1
894,14,1156,621,34,73,-1,-1,-1,-1
895,14,1156,621,35,74,-1,-1,-1,-1
896,14,1156,619,35,74,-1,-1,-1,-1
897,14,1157,618,35,74,-1,-1,-1,-1
898,14,1158,616,35,74,-1,-1,-1,-1
899,14,1158,615,37,73,-1,-1,-1,-1
900,14,1159,614,36,75,-1,-1,-1,-1
901,14,1159,613,37,75,-1,-1,-1,-1
902,14,1159,613,36,74,-1,-1,-1,-1
903,14,1160,614,35,72,-1,-1,-1,-1
904,14,1160,613,34,74,-1,-1,-1,-1
905,14,1161,614,35,71,-1,-1,-1,-1
906,14,1161,613,34,72,-1,-1,-1,-1
907,14,1162,613,34,72,-1,-1,-1,-1
908,14,1164,614,35,69,-1,-1,-1,-1
909,14,1163,612,36,72,-1,-1,-1,-1
910,14,1162,611,38,72,-1,-1,-1,-1
911,14,1164,611,39,69,-1,-1,-1,-1
912,14,1163,610,41,70,-1,-1,-1,-1
913,14,1165,610,38,70,-1,-1,-1,-1
914,14,1166,609,37,72,-1,-1,-1,-1
915,14,1167,608,37,73,-1,-1,-1,-1
916,14,1167,608,37,72,-1,-1,-1,-1
917,14,1167,609,37,72,-1,-1,-1,-1
918,14,1168,608,36,72,-1,-1,-1,-1
919,14,1169,609,35,72,-1,-1,-1,-1
920,14,1169,608,36,72,-1,-1,-1,-1
921,14,1170,607,35,71,-1,-1,-1,-1
922,14,1171,606,35,72,-1,-1,-1,-1
923,14,1172,605,34,72,-1,-1,-1,-1
924,14,1171,606,36,70,-1,-1,-1,-1
925,14,1172,605,35,70,-1,-1,-1,-1
926,14,1172,603,35,71,-1,-1,-1,-1
927,14,1173,602,35,72,-1,-1,-1,-1
928,14,1174,602,34,71,-1,-1,-1,-1
929,14,1173,602,36,71,-1,-1,-1,-1
930,14,1174,602,35,71,-1,-1,-1,-1
931,14,1174,603,35,69,-1,-1,-1,-1
932,14,1175,602,34,69,-1,-1,-1,-1
933,14,1176,601,33,70,-1,-1,-1,-1
934,14,1177,602,33,68,-1,-1,-1,-1
935,14,1177,601,33,70,-1,-1,-1,-1
936,14,1177,600,34,70,-1,-1,-1,-1
937,14,1177,599,35,71,-1,-1,-1,-1
938,14,1179,599,35,68,-1,-1,-1,-1
939,14,1180,598,36,69,-1,-1,-1,-1
940,14,1180,597,38,71,-1,-1,-1,-1
941,14,1180,596,38,72,-1,-1,-1,-1
942,14,1180,596,38,71,-1,-1,-1,-1
943,14,1181,596,37,72,-1,-1,-1,-1
944,14,1182,596,36,72,-1,-1,-1,-1
945,14,1182,596,36,72,-1,-1,-1,-1
946,14,1183,596,36,71,-1,-1,-1,-1
947,14,1184,596,34,71,-1,-1,-1,-1
948,14,1184,595,35,71,-1,-1,-1,-1
949,14,1185,595,34,70,-1,-1,-1,-1
950,14,1185,594,35,71,-1,-1,-1,-1
951,14,1186,593,36,71,-1,-1,-1,-1
952,14,1186,591,36,71,-1,-1,-1,-1
953,14,1186,590,36,71,-1,-1,-1,-1
954,14,1187,590,35,70,-1,-1,-1,-1
955,14,1187,591,34,68,-1,-1,-1,-1
956,14,1188,591,33,67,-1,-1,-1,-1
957,14,1189,592,33,67,-1,-1,-1,-1
958,14,1191,592,30,67,-1,-1,-1,-1
959,14,1191,592,30,66,-1,-1,-1,-1
960,14,1192,592,31,66,-1,-1,-1,-1
961,14,1191,591,33,67,-1,-1,-1,-1
962,14,1191,590,33,68,-1,-1,-1,-1
963,14,1192,589,33,68,-1,-1,-1,-1
964,14,1192,588,34,68,-1,-1,-1,-1
965,14,1192,588,34,68,-1,-1,-1,-1
966,14,1193,587,34,68,-1,-1,-1,-1
967,14,1192,586,38,69,-1,-1,-1,-1
968,14,1192,586,38,69,-1,-1,-1,-1
969,14,1193,585,37,70,-1,-1,-1,-1
970,14,1193,585,38,69,-1,-1,-1,-1
971,14,1195,585,36,67,-1,-1,-1,-1
972,14,1196,585,34,67,-1,-1,-1,-1
973,14,1197,584,34,68,-1,-1,-1,-1
974,14,1197,583,34,69,-1,-1,-1,-1
975,14,1198,583,34,67,-1,-1,-1,-1
976,14,1198,582,34,67,-1,-1,-1,-1
977,14,1198,581,35,68,-1,-1,-1,-1
978,14,1199,580,34,69,-1,-1,-1,-1
979,14,1199,580,35,69,-1,-1,-1,-1
980,14,1200,579,35,69,-1,-1,-1,-1
981,14,1201,580,34,68,-1,-1,-1,-1
982,14,1203,580,31,65,-1,-1,-1,-1
983,14,1202,579,33,67,-1,-1,-1,-1
984,14,1204,581,29,61,-1,-1,-1,-1
985,14,1205,581,29,62,-1,-1,-1,-1
986,14,1204,580,32,64,-1,-1,-1,-1
987,14,1202,579,35,66,-1,-1,-1,-1
988,14,1203,579,34,65,-1,-1,-1,-1
989,14,1204,577,34,67,-1,-1,-1,-1
990,14,1204,577,35,67,-1,-1,-1,-1
991,14,1204,576,35,67,-1,-1,-1,-1
992,14,1204,575,36,67,-1,-1,-1,-1
