127,0,844,344,17,34,-1,-1,-1,-1
128,0,844,345,17,34,-1,-1,-1,-1
129,0,844,344,18,34,-1,-1,-1,-1
130,0,844,343,18,35,-1,-1,-1,-1
138,0,844,343,16,31,-1,-1,-1,-1
139,0,844,341,17,34,-1,-1,-1,-1
140,0,844,342,16,33,-1,-1,-1,-1
141,0,844,340,17,38,-1,-1,-1,-1
142,0,844,340,17,39,-1,-1,-1,-1
211,2,936,341,24,37,-1,-1,-1,-1
212,2,941,338,22,39,-1,-1,-1,-1
213,2,940,338,23,38,-1,-1,-1,-1
214,2,940,337,22,37,-1,-1,-1,-1
271,3,1029,360,20,36,-1,-1,-1,-1
272,3,1029,361,21,35,-1,-1,-1,-1
273,3,1028,359,21,35,-1,-1,-1,-1
274,3,1029,358,20,36,-1,-1,-1,-1
275,3,1031,357,19,38,-1,-1,-1,-1
276,3,1030,358,19,37,-1,-1,-1,-1
277,3,1030,358,20,38,-1,-1,-1,-1
278,3,1032,359,20,38,-1,-1,-1,-1
279,3,1032,359,20,38,-1,-1,-1,-1
280,3,1032,359,20,37,-1,-1,-1,-1
281,3,1031,359,21,37,-1,-1,-1,-1
282,3,1032,358,20,37,-1,-1,-1,-1
283,3,1031,357,21,39,-1,-1,-1,-1
260,4,1041,361,20,39,-1,-1,-1,-1
261,4,1042,363,19,36,-1,-1,-1,-1
262,4,1042,362,20,37,-1,-1,-1,-1
263,4,1043,362,20,37,-1,-1,-1,-1
264,4,1042,361,20,38,-1,-1,-1,-1
265,4,1042,363,21,37,-1,-1,-1,-1
266,4,1040,363,21,36,-1,-1,-1,-1
267,4,1041,362,20,36,-1,-1,-1,-1
268,4,1041,361,20,37,-1,-1,-1,-1
269,4,1042,361,20,38,-1,-1,-1,-1
270,4,1043,362,19,37,-1,-1,-1,-1
271,4,1035,360,27,37,-1,-1,-1,-1
272,4,1036,361,26,36,-1,-1,-1,-1
273,4,1036,362,26,34,-1,-1,-1,-1
274,4,1034,361,30,35,-1,-1,-1,-1
275,4,1038,361,25,35,-1,-1,-1,-1
276,4,1034,362,30,34,-1,-1,-1,-1
277,4,1036,362,28,34,-1,-1,-1,-1
278,4,1040,361,24,37,-1,-1,-1,-1
279,4,1039,361,25,38,-1,-1,-1,-1
280,4,1039,362,26,37,-1,-1,-1,-1
281,4,1040,361,25,37,-1,-1,-1,-1
282,4,1039,360,27,36,-1,-1,-1,-1
283,4,1037,360,29,36,-1,-1,-1,-1
284,4,1038,361,25,36,-1,-1,-1,-1
285,4,1040,360,24,36,-1,-1,-1,-1
286,4,1040,360,26,37,-1,-1,-1,-1
287,4,1037,360,25,34,-1,-1,-1,-1
288,4,1039,361,24,34,-1,-1,-1,-1
289,4,1034,360,25,37,-1,-1,-1,-1
290,4,1035,357,20,38,-1,-1,-1,-1
291,4,1041,360,25,37,-1,-1,-1,-1
292,4,1039,361,25,36,-1,-1,-1,-1
293,4,1039,360,26,37,-1,-1,-1,-1
294,4,1039,362,25,34,-1,-1,-1,-1
295,4,1039,361,28,35,-1,-1,-1,-1
296,4,1039,361,27,35,-1,-1,-1,-1
297,4,1039,361,25,34,-1,-1,-1,-1
298,4,1039,361,27,34,-1,-1,-1,-1
299,4,1039,360,27,35,-1,-1,-1,-1
355,5,1040,360,25,34,-1,-1,-1,-1
356,5,1041,359,25,34,-1,-1,-1,-1
357,5,1041,359,25,35,-1,-1,-1,-1
366,6,1040,361,25,35,-1,-1,-1,-1
367,6,1040,361,25,34,-1,-1,-1,-1
368,6,1042,359,25,36,-1,-1,-1,-1
369,6,1040,361,25,35,-1,-1,-1,-1
370,6,1041,362,24,34,-1,-1,-1,-1
386,7,1040,362,25,33,-1,-1,-1,-1
387,7,1040,361,24,34,-1,-1,-1,-1
388,7,1041,361,23,34,-1,-1,-1,-1
389,7,1041,360,24,34,-1,-1,-1,-1
399,5,1041,359,25,36,-1,-1,-1,-1
400,5,1041,359,25,36,-1,-1,-1,-1
401,5,1040,359,25,36,-1,-1,-1,-1
402,5,1041,359,24,36,-1,-1,-1,-1
403,5,1041,359,25,36,-1,-1,-1,-1
404,5,1041,361,24,34,-1,-1,-1,-1
405,5,1041,361,24,34,-1,-1,-1,-1
414,9,1040,362,25,33,-1,-1,-1,-1
415,9,1040,361,25,34,-1,-1,-1,-1
416,9,1040,361,25,34,-1,-1,-1,-1
418,3,1041,359,25,36,-1,-1,-1,-1
419,3,1041,359,25,36,-1,-1,-1,-1
420,3,1041,359,25,35,-1,-1,-1,-1
422,6,1041,361,24,34,-1,-1,-1,-1
423,6,1042,359,24,35,-1,-1,-1,-1
424,6,1042,358,25,36,-1,-1,-1,-1
429,7,1041,358,24,37,-1,-1,-1,-1
430,7,1042,360,23,35,-1,-1,-1,-1
431,7,1041,361,24,34,-1,-1,-1,-1
432,7,1042,358,25,36,-1,-1,-1,-1
451,13,1042,360,23,34,-1,-1,-1,-1
452,13,1042,359,24,35,-1,-1,-1,-1
453,13,1041,361,24,33,-1,-1,-1,-1
454,13,1040,361,25,34,-1,-1,-1,-1
491,6,1042,359,25,35,-1,-1,-1,-1
492,6,1041,361,24,34,-1,-1,-1,-1
493,6,1041,361,24,34,-1,-1,-1,-1
499,3,1041,359,25,35,-1,-1,-1,-1
500,3,1041,361,24,34,-1,-1,-1,-1
501,3,1041,359,25,35,-1,-1,-1,-1
525,13,1041,361,24,34,-1,-1,-1,-1
526,13,1041,361,24,34,-1,-1,-1,-1
527,13,1042,359,24,36,-1,-1,-1,-1
528,13,1041,359,24,36,-1,-1,-1,-1
529,13,1042,358,23,36,-1,-1,-1,-1
530,13,1041,359,24,35,-1,-1,-1,-1
531,13,1042,359,23,35,-1,-1,-1,-1
532,13,1040,362,25,33,-1,-1,-1,-1
533,13,1040,362,25,33,-1,-1,-1,-1
534,13,1040,361,25,34,-1,-1,-1,-1
535,13,1041,361,24,34,-1,-1,-1,-1
540,9,1041,360,24,35,-1,-1,-1,-1
541,9,1042,359,24,35,-1,-1,-1,-1
542,9,1040,361,25,34,-1,-1,-1,-1
587,13,1041,361,24,34,-1,-1,-1,-1
588,13,1042,358,24,36,-1,-1,-1,-1
589,13,1041,361,24,33,-1,-1,-1,-1
598,5,1042,359,24,36,-1,-1,-1,-1
599,5,1041,360,24,34,-1,-1,-1,-1
600,5,1041,359,25,36,-1,-1,-1,-1
605,6,1041,360,24,35,-1,-1,-1,-1
606,6,1040,361,25,34,-1,-1,-1,-1
607,6,1040,360,25,35,-1,-1,-1,-1
608,6,1040,361,25,34,-1,-1,-1,-1
629,7,1043,357,24,37,-1,-1,-1,-1
630,7,1040,360,25,35,-1,-1,-1,-1
631,7,1044,357,25,39,-1,-1,-1,-1
632,7,1042,359,25,35,-1,-1,-1,-1
633,7,1042,360,24,34,-1,-1,-1,-1
634,7,1040,360,26,34,-1,-1,-1,-1
635,7,1041,361,25,33,-1,-1,-1,-1
639,3,1042,357,26,37,-1,-1,-1,-1
640,3,1042,357,26,37,-1,-1,-1,-1
641,3,1040,361,25,33,-1,-1,-1,-1
655,9,1040,361,25,34,-1,-1,-1,-1
656,9,1040,361,25,33,-1,-1,-1,-1
657,9,1040,361,26,34,-1,-1,-1,-1
658,9,1041,361,25,33,-1,-1,-1,-1
659,9,1040,361,25,34,-1,-1,-1,-1
660,9,1041,360,25,34,-1,-1,-1,-1
661,9,1040,361,25,34,-1,-1,-1,-1
662,9,1040,360,25,35,-1,-1,-1,-1
663,9,1040,359,26,35,-1,-1,-1,-1
664,9,1040,360,25,34,-1,-1,-1,-1
665,9,1040,360,25,34,-1,-1,-1,-1
666,9,1039,358,25,36,-1,-1,-1,-1
667,9,1039,360,25,35,-1,-1,-1,-1
668,9,1039,360,26,34,-1,-1,-1,-1
669,9,1039,361,25,34,-1,-1,-1,-1
670,9,1039,362,25,34,-1,-1,-1,-1
682,6,1040,360,25,34,-1,-1,-1,-1
683,6,1039,361,26,34,-1,-1,-1,-1
684,6,1039,361,26,34,-1,-1,-1,-1
685,6,1040,360,25,35,-1,-1,-1,-1
686,6,1038,361,27,34,-1,-1,-1,-1
687,6,1039,360,26,34,-1,-1,-1,-1
689,6,1038,360,26,34,-1,-1,-1,-1
690,6,1039,360,26,34,-1,-1,-1,-1
691,6,1040,359,25,35,-1,-1,-1,-1
692,6,1041,359,24,35,-1,-1,-1,-1
693,6,1041,358,24,37,-1,-1,-1,-1
694,6,1040,360,25,34,-1,-1,-1,-1
695,6,1039,360,25,35,-1,-1,-1,-1
696,6,1039,359,26,35,-1,-1,-1,-1
706,6,1038,360,27,34,-1,-1,-1,-1
707,6,1039,359,26,35,-1,-1,-1,-1
708,6,1039,360,26,35,-1,-1,-1,-1
709,6,1039,359,26,35,-1,-1,-1,-1
710,6,1039,360,26,34,-1,-1,-1,-1
719,7,1039,360,26,34,-1,-1,-1,-1
720,7,1038,361,27,33,-1,-1,-1,-1
721,7,1039,360,26,34,-1,-1,-1,-1
751,13,1041,360,24,35,-1,-1,-1,-1
752,13,1041,360,25,34,-1,-1,-1,-1
753,13,1040,360,25,35,-1,-1,-1,-1
781,9,1039,362,25,34,-1,-1,-1,-1
782,9,1039,362,25,34,-1,-1,-1,-1
783,9,1038,362,26,34,-1,-1,-1,-1
792,3,1039,361,25,34,-1,-1,-1,-1
793,3,1038,361,26,34,-1,-1,-1,-1
794,3,1038,361,26,34,-1,-1,-1,-1
795,3,1038,360,26,35,-1,-1,-1,-1
707,31,1015,347,21,35,-1,-1,-1,-1
708,31,1014,347,20,34,-1,-1,-1,-1
709,31,1014,347,20,34,-1,-1,-1,-1
710,31,1013,346,21,36,-1,-1,-1,-1
711,31,1013,346,20,35,-1,-1,-1,-1
712,31,1012,346,22,35,-1,-1,-1,-1
713,31,1012,347,21,34,-1,-1,-1,-1
714,31,1012,346,20,34,-1,-1,-1,-1
715,31,1010,347,21,31,-1,-1,-1,-1
716,31,1010,348,22,36,-1,-1,-1,-1
717,31,1009,351,23,34,-1,-1,-1,-1
718,31,1009,351,22,34,-1,-1,-1,-1
719,31,1009,351,21,33,-1,-1,-1,-1
720,31,1009,350,22,34,-1,-1,-1,-1
721,31,1009,351,21,33,-1,-1,-1,-1
722,31,1008,354,22,32,-1,-1,-1,-1
723,31,1008,354,21,31,-1,-1,-1,-1
724,31,1007,354,22,32,-1,-1,-1,-1
725,31,1006,354,23,33,-1,-1,-1,-1
726,31,1006,355,23,34,-1,-1,-1,-1
727,31,1006,354,22,35,-1,-1,-1,-1
728,31,1005,355,22,34,-1,-1,-1,-1
729,31,1006,355,20,35,-1,-1,-1,-1
730,31,1005,355,21,34,-1,-1,-1,-1
731,31,1005,355,21,34,-1,-1,-1,-1
732,31,1005,355,21,34,-1,-1,-1,-1
733,31,1005,355,22,33,-1,-1,-1,-1
734,31,1005,354,23,34,-1,-1,-1,-1
735,31,1004,355,22,33,-1,-1,-1,-1
736,31,1004,356,20,32,-1,-1,-1,-1
737,31,1005,355,19,33,-1,-1,-1,-1
738,31,1004,356,20,32,-1,-1,-1,-1
739,31,1003,356,20,32,-1,-1,-1,-1
740,31,1004,355,20,34,-1,-1,-1,-1
741,31,1003,355,20,34,-1,-1,-1,-1
742,31,1004,355,20,34,-1,-1,-1,-1
743,31,1003,355,19,34,-1,-1,-1,-1
744,31,1004,354,20,32,-1,-1,-1,-1
745,31,1003,354,20,34,-1,-1,-1,-1
746,31,1003,354,20,35,-1,-1,-1,-1
747,31,1003,354,20,36,-1,-1,-1,-1
748,31,1003,354,20,35,-1,-1,-1,-1
749,31,1003,354,21,35,-1,-1,-1,-1
750,31,1003,354,21,36,-1,-1,-1,-1
751,31,1003,354,20,36,-1,-1,-1,-1
752,31,1004,353,19,35,-1,-1,-1,-1
753,31,1004,354,19,34,-1,-1,-1,-1
754,31,1003,354,20,36,-1,-1,-1,-1
755,31,1003,354,20,36,-1,-1,-1,-1
756,31,1003,354,20,38,-1,-1,-1,-1
757,31,1004,355,20,36,-1,-1,-1,-1
758,31,1003,355,21,36,-1,-1,-1,-1
759,31,1003,355,20,36,-1,-1,-1,-1
760,31,1003,357,20,34,-1,-1,-1,-1
761,31,1003,356,20,35,-1,-1,-1,-1
762,31,1003,357,20,35,-1,-1,-1,-1
763,31,1003,357,20,35,-1,-1,-1,-1
764,31,1003,357,20,35,-1,-1,-1,-1
765,31,1003,357,20,36,-1,-1,-1,-1
766,31,1003,357,20,35,-1,-1,-1,-1
767,31,1003,356,21,36,-1,-1,-1,-1
768,31,1004,356,21,36,-1,-1,-1,-1
769,31,1004,355,22,38,-1,-1,-1,-1
770,31,1004,354,23,39,-1,-1,-1,-1
771,31,1003,354,24,37,-1,-1,-1,-1
772,31,1004,354,23,38,-1,-1,-1,-1
773,31,1004,354,26,38,-1,-1,-1,-1
774,31,1004,355,25,37,-1,-1,-1,-1
775,31,1004,353,25,38,-1,-1,-1,-1
776,31,1004,354,24,38,-1,-1,-1,-1
777,31,1005,354,23,36,-1,-1,-1,-1
778,31,1005,355,25,37,-1,-1,-1,-1
779,31,1005,355,24,37,-1,-1,-1,-1
780,31,1007,355,26,38,-1,-1,-1,-1
781,31,1005,354,26,40,-1,-1,-1,-1
782,31,1005,354,25,42,-1,-1,-1,-1
783,31,1005,354,27,41,-1,-1,-1,-1
784,31,1007,355,25,40,-1,-1,-1,-1
785,31,1007,355,24,41,-1,-1,-1,-1
786,31,1007,355,24,41,-1,-1,-1,-1
787,31,1008,355,24,39,-1,-1,-1,-1
788,31,1009,355,24,39,-1,-1,-1,-1
789,31,1009,355,25,37,-1,-1,-1,-1
790,31,1010,355,25,36,-1,-1,-1,-1
791,31,1010,356,24,36,-1,-1,-1,-1
792,31,1009,358,22,38,-1,-1,-1,-1
793,31,1008,357,26,39,-1,-1,-1,-1
794,31,1009,358,23,38,-1,-1,-1,-1
795,31,1011,358,24,38,-1,-1,-1,-1
796,31,1011,357,24,37,-1,-1,-1,-1
797,31,1012,358,22,34,-1,-1,-1,-1
798,31,1013,357,21,35,-1,-1,-1,-1
799,5,1039,359,26,35,-1,-1,-1,-1
800,5,1037,361,27,34,-1,-1,-1,-1
801,5,1039,360,25,34,-1,-1,-1,-1
802,5,1040,359,25,35,-1,-1,-1,-1
803,5,1038,361,26,34,-1,-1,-1,-1
804,5,1038,360,26,35,-1,-1,-1,-1
805,5,1039,360,26,35,-1,-1,-1,-1
806,5,1039,361,26,33,-1,-1,-1,-1
807,5,1039,360,25,34,-1,-1,-1,-1
808,5,1039,360,26,34,-1,-1,-1,-1
809,5,1039,360,25,34,-1,-1,-1,-1
810,5,1039,360,26,34,-1,-1,-1,-1
811,5,1039,360,26,34,-1,-1,-1,-1
812,5,1037,361,27,34,-1,-1,-1,-1
814,6,1038,361,27,34,-1,-1,-1,-1
815,6,1038,361,26,34,-1,-1,-1,-1
816,6,1039,360,26,35,-1,-1,-1,-1
817,6,1039,360,26,35,-1,-1,-1,-1
818,6,1038,361,26,34,-1,-1,-1,-1
819,6,1037,361,25,36,-1,-1,-1,-1
820,6,1034,362,27,34,-1,-1,-1,-1
821,6,1038,361,27,33,-1,-1,-1,-1
835,9,1035,362,26,36,-1,-1,-1,-1
836,9,1038,362,25,36,-1,-1,-1,-1
837,9,1038,361,25,36,-1,-1,-1,-1
838,9,1039,362,24,36,-1,-1,-1,-1
839,9,1039,362,23,37,-1,-1,-1,-1
840,9,1041,362,23,36,-1,-1,-1,-1
1164,35,1056,695,31,22,-1,-1,-1,-1
1165,35,1057,695,31,24,-1,-1,-1,-1
1166,35,1061,697,33,20,-1,-1,-1,-1
1167,35,1061,697,33,20,-1,-1,-1,-1
1168,35,1061,697,34,20,-1,-1,-1,-1
1169,35,1059,695,33,23,-1,-1,-1,-1
1170,35,1062,698,33,19,-1,-1,-1,-1
1171,35,1064,697,31,20,-1,-1,-1,-1
1171,36,336,348,18,24,-1,-1,-1,-1
1172,36,336,347,18,24,-1,-1,-1,-1
1173,36,337,348,16,23,-1,-1,-1,-1
1174,36,337,347,17,24,-1,-1,-1,-1
1175,36,336,347,17,24,-1,-1,-1,-1
1176,36,336,347,18,25,-1,-1,-1,-1
1177,36,336,347,17,24,-1,-1,-1,-1
1178,36,337,347,17,25,-1,-1,-1,-1
1179,36,336,347,18,25,-1,-1,-1,-1
1180,36,337,348,16,23,-1,-1,-1,-1
1181,36,337,348,17,22,-1,-1,-1,-1
1182,36,337,348,17,22,-1,-1,-1,-1
1183,36,336,348,17,23,-1,-1,-1,-1
1184,36,336,348,17,23,-1,-1,-1,-1
1185,36,336,347,17,24,-1,-1,-1,-1
1186,36,337,348,16,23,-1,-1,-1,-1
1187,36,336,347,17,24,-1,-1,-1,-1
1190,36,336,347,17,23,-1,-1,-1,-1
1191,36,337,347,16,24,-1,-1,-1,-1
1192,36,337,347,16,23,-1,-1,-1,-1
1193,36,337,347,16,22,-1,-1,-1,-1
1201,36,337,347,17,23,-1,-1,-1,-1
1202,36,337,347,17,23,-1,-1,-1,-1
1203,36,337,346,17,22,-1,-1,-1,-1
1204,36,337,346,17,22,-1,-1,-1,-1
1206,36,338,347,16,21,-1,-1,-1,-1
1207,36,337,346,16,23,-1,-1,-1,-1
1208,36,338,346,16,23,-1,-1,-1,-1
1209,36,338,347,16,22,-1,-1,-1,-1
823,7,1038,362,27,33,-1,-1,-1,-1
824,7,1028,361,26,35,-1,-1,-1,-1
825,7,1029,361,27,35,-1,-1,-1,-1
826,7,1030,362,27,35,-1,-1,-1,-1
827,7,1030,362,27,35,-1,-1,-1,-1
828,7,1030,361,22,35,-1,-1,-1,-1
829,7,1029,361,23,36,-1,-1,-1,-1
830,7,1029,362,23,35,-1,-1,-1,-1
831,7,1029,362,23,35,-1,-1,-1,-1
832,7,1028,361,23,36,-1,-1,-1,-1
833,7,1030,361,24,36,-1,-1,-1,-1
834,7,1029,360,24,36,-1,-1,-1,-1
835,7,1029,358,23,38,-1,-1,-1,-1
836,7,1029,358,23,38,-1,-1,-1,-1
837,7,1029,357,24,39,-1,-1,-1,-1
838,7,1028,358,24,39,-1,-1,-1,-1
839,7,1030,359,24,39,-1,-1,-1,-1
840,7,1030,358,24,39,-1,-1,-1,-1
841,7,1033,361,24,38,-1,-1,-1,-1
842,7,1033,360,26,39,-1,-1,-1,-1
843,7,1035,362,24,38,-1,-1,-1,-1
844,7,1035,362,26,38,-1,-1,-1,-1
845,7,1034,361,26,38,-1,-1,-1,-1
846,7,1035,362,24,37,-1,-1,-1,-1
847,7,1035,362,25,37,-1,-1,-1,-1
848,7,1035,362,26,37,-1,-1,-1,-1
849,7,1036,363,24,36,-1,-1,-1,-1
850,7,1035,362,26,38,-1,-1,-1,-1
851,7,1035,363,25,37,-1,-1,-1,-1
852,7,1038,361,22,38,-1,-1,-1,-1
853,7,1034,362,26,37,-1,-1,-1,-1
854,7,1035,363,27,35,-1,-1,-1,-1
855,7,1036,362,26,36,-1,-1,-1,-1
856,7,1039,361,24,37,-1,-1,-1,-1
857,7,1036,363,25,36,-1,-1,-1,-1
858,7,1038,362,24,36,-1,-1,-1,-1
859,7,1040,361,23,38,-1,-1,-1,-1
860,7,1036,364,25,35,-1,-1,-1,-1
861,7,1036,363,25,36,-1,-1,-1,-1
862,7,1036,363,25,35,-1,-1,-1,-1
863,7,1036,363,26,35,-1,-1,-1,-1
864,7,1036,363,25,34,-1,-1,-1,-1
865,7,1036,363,25,35,-1,-1,-1,-1
866,7,1036,363,24,35,-1,-1,-1,-1
867,7,1036,363,24,35,-1,-1,-1,-1
868,7,1035,362,25,36,-1,-1,-1,-1
869,7,1035,362,25,36,-1,-1,-1,-1
870,7,1036,362,24,36,-1,-1,-1,-1
871,7,1037,363,25,35,-1,-1,-1,-1
872,7,1036,362,24,36,-1,-1,-1,-1
873,7,1036,362,23,37,-1,-1,-1,-1
874,7,1037,362,23,36,-1,-1,-1,-1
875,7,1036,362,24,37,-1,-1,-1,-1
876,7,1037,362,22,37,-1,-1,-1,-1
877,7,1037,362,22,37,-1,-1,-1,-1
878,7,1036,363,24,36,-1,-1,-1,-1
879,7,1036,362,23,37,-1,-1,-1,-1
880,7,1037,363,24,36,-1,-1,-1,-1
881,7,1036,362,23,37,-1,-1,-1,-1
882,7,1036,362,24,38,-1,-1,-1,-1
883,7,1036,362,24,38,-1,-1,-1,-1
884,7,1037,363,24,36,-1,-1,-1,-1
885,7,1036,362,24,37,-1,-1,-1,-1
886,7,1038,362,22,39,-1,-1,-1,-1
887,7,1036,362,24,37,-1,-1,-1,-1
888,7,1037,362,23,37,-1,-1,-1,-1
889,7,1038,362,23,38,-1,-1,-1,-1
890,7,1037,363,24,37,-1,-1,-1,-1
891,7,1036,362,23,37,-1,-1,-1,-1
892,7,1037,363,24,36,-1,-1,-1,-1
893,7,1037,363,24,36,-1,-1,-1,-1
894,7,1037,363,25,36,-1,-1,-1,-1
895,7,1037,362,24,37,-1,-1,-1,-1
896,7,1037,362,22,37,-1,-1,-1,-1
897,7,1038,362,22,37,-1,-1,-1,-1
898,7,1036,362,23,37,-1,-1,-1,-1
899,7,1036,362,23,37,-1,-1,-1,-1
900,7,1037,363,24,36,-1,-1,-1,-1
901,7,1037,362,23,37,-1,-1,-1,-1
902,7,1036,362,23,37,-1,-1,-1,-1
903,7,1037,362,24,37,-1,-1,-1,-1
904,7,1037,362,23,37,-1,-1,-1,-1
905,7,1037,362,22,37,-1,-1,-1,-1
906,7,1037,362,23,38,-1,-1,-1,-1
907,7,1037,363,22,36,-1,-1,-1,-1
908,7,1037,362,22,37,-1,-1,-1,-1
909,7,1036,362,24,37,-1,-1,-1,-1
910,7,1037,362,23,37,-1,-1,-1,-1
911,7,1037,362,22,37,-1,-1,-1,-1
912,7,1037,362,22,37,-1,-1,-1,-1
913,7,1037,362,22,37,-1,-1,-1,-1
914,7,1037,362,22,37,-1,-1,-1,-1
915,7,1037,362,23,37,-1,-1,-1,-1
916,7,1036,362,24,37,-1,-1,-1,-1
917,7,1036,362,24,38,-1,-1,-1,-1
918,7,1037,361,22,38,-1,-1,-1,-1
919,7,1037,362,23,37,-1,-1,-1,-1
920,7,1036,362,24,37,-1,-1,-1,-1
921,7,1036,362,23,37,-1,-1,-1,-1
922,7,1036,362,23,37,-1,-1,-1,-1
923,7,1036,362,24,37,-1,-1,-1,-1
924,7,1037,363,24,36,-1,-1,-1,-1
925,7,1036,362,24,37,-1,-1,-1,-1
926,7,1037,363,25,36,-1,-1,-1,-1
927,7,1036,362,24,37,-1,-1,-1,-1
928,7,1036,362,24,37,-1,-1,-1,-1
929,7,1036,362,24,37,-1,-1,-1,-1
930,7,1036,362,24,37,-1,-1,-1,-1
931,7,1037,362,23,38,-1,-1,-1,-1
932,7,1038,362,22,37,-1,-1,-1,-1
933,7,1038,362,22,38,-1,-1,-1,-1
934,7,1038,362,22,38,-1,-1,-1,-1
935,7,1038,362,22,37,-1,-1,-1,-1
936,7,1037,362,22,37,-1,-1,-1,-1
937,7,1038,362,22,37,-1,-1,-1,-1
938,7,1039,362,21,37,-1,-1,-1,-1
939,7,1037,362,22,37,-1,-1,-1,-1
940,7,1037,362,22,37,-1,-1,-1,-1
941,7,1037,363,22,36,-1,-1,-1,-1
942,7,1037,362,22,37,-1,-1,-1,-1
943,7,1038,363,23,36,-1,-1,-1,-1
944,7,1038,363,23,36,-1,-1,-1,-1
945,7,1037,362,23,37,-1,-1,-1,-1
946,7,1038,363,23,36,-1,-1,-1,-1
947,7,1037,362,22,37,-1,-1,-1,-1
948,7,1038,363,22,37,-1,-1,-1,-1
949,7,1038,363,22,37,-1,-1,-1,-1
950,7,1039,362,21,38,-1,-1,-1,-1
951,7,1037,362,23,37,-1,-1,-1,-1
952,7,1037,363,24,36,-1,-1,-1,-1
953,7,1039,363,22,37,-1,-1,-1,-1
954,7,1038,363,23,37,-1,-1,-1,-1
955,7,1037,363,24,36,-1,-1,-1,-1
956,7,1037,362,22,37,-1,-1,-1,-1
957,7,1037,362,22,37,-1,-1,-1,-1
958,7,1039,363,22,36,-1,-1,-1,-1
959,7,1036,362,23,37,-1,-1,-1,-1
960,7,1037,362,22,37,-1,-1,-1,-1
961,7,1036,362,24,38,-1,-1,-1,-1
962,7,1036,362,24,37,-1,-1,-1,-1
963,7,1038,362,22,38,-1,-1,-1,-1
964,7,1036,362,24,37,-1,-1,-1,-1
965,7,1037,362,22,37,-1,-1,-1,-1
966,7,1036,362,24,37,-1,-1,-1,-1
967,7,1036,362,24,37,-1,-1,-1,-1
968,7,1037,362,23,37,-1,-1,-1,-1
969,7,1036,362,24,36,-1,-1,-1,-1
970,7,1036,362,24,36,-1,-1,-1,-1
971,7,1036,362,24,37,-1,-1,-1,-1
972,7,1038,362,23,37,-1,-1,-1,-1
973,7,1036,362,24,37,-1,-1,-1,-1
974,7,1036,362,24,37,-1,-1,-1,-1
975,7,1036,362,25,37,-1,-1,-1,-1
976,7,1036,362,24,37,-1,-1,-1,-1
977,7,1036,362,24,36,-1,-1,-1,-1
978,7,1036,362,24,37,-1,-1,-1,-1
979,7,1037,362,22,37,-1,-1,-1,-1
980,7,1036,362,24,37,-1,-1,-1,-1
981,7,1036,362,24,37,-1,-1,-1,-1
982,7,1036,362,23,37,-1,-1,-1,-1
983,7,1036,362,24,37,-1,-1,-1,-1
984,7,1037,362,23,37,-1,-1,-1,-1
985,7,1036,362,23,37,-1,-1,-1,-1
986,7,1037,362,22,37,-1,-1,-1,-1
987,7,1037,362,22,37,-1,-1,-1,-1
988,7,1036,362,24,37,-1,-1,-1,-1
989,7,1037,362,23,37,-1,-1,-1,-1
990,7,1038,363,23,36,-1,-1,-1,-1
991,7,1036,362,24,38,-1,-1,-1,-1
992,7,1037,362,23,37,-1,-1,-1,-1
993,7,1036,362,24,37,-1,-1,-1,-1
994,7,1038,363,23,36,-1,-1,-1,-1
995,7,1038,363,23,36,-1,-1,-1,-1
996,7,1038,362,23,37,-1,-1,-1,-1
997,7,1038,363,23,36,-1,-1,-1,-1
998,7,1037,362,22,37,-1,-1,-1,-1
999,7,1037,362,23,38,-1,-1,-1,-1
1000,7,1038,363,23,36,-1,-1,-1,-1
1001,7,1037,362,23,37,-1,-1,-1,-1
1002,7,1036,362,24,37,-1,-1,-1,-1
1003,7,1037,362,23,37,-1,-1,-1,-1
1004,7,1037,362,23,37,-1,-1,-1,-1
1005,7,1037,362,23,37,-1,-1,-1,-1
1006,7,1037,362,23,38,-1,-1,-1,-1
1007,7,1037,363,24,36,-1,-1,-1,-1
1008,7,1037,363,24,36,-1,-1,-1,-1
1009,7,1037,363,24,36,-1,-1,-1,-1
1010,7,1037,362,23,37,-1,-1,-1,-1
1011,7,1037,362,23,37,-1,-1,-1,-1
1012,7,1037,362,23,37,-1,-1,-1,-1
1013,7,1037,362,23,37,-1,-1,-1,-1
1014,7,1039,362,21,38,-1,-1,-1,-1
1015,7,1037,363,24,36,-1,-1,-1,-1
1016,7,1036,362,24,37,-1,-1,-1,-1
1017,7,1037,363,24,36,-1,-1,-1,-1
1018,7,1037,363,23,36,-1,-1,-1,-1
1019,7,1038,363,23,36,-1,-1,-1,-1
1020,7,1038,363,22,36,-1,-1,-1,-1
1021,7,1039,363,21,37,-1,-1,-1,-1
1022,7,1037,362,23,38,-1,-1,-1,-1
1023,7,1037,362,23,38,-1,-1,-1,-1
1024,7,1037,363,24,36,-1,-1,-1,-1
1025,7,1037,363,24,36,-1,-1,-1,-1
1026,7,1037,363,24,36,-1,-1,-1,-1
1027,7,1037,363,24,36,-1,-1,-1,-1
1028,7,1038,363,23,36,-1,-1,-1,-1
1029,7,1037,362,23,38,-1,-1,-1,-1
1030,7,1037,363,24,36,-1,-1,-1,-1
1031,7,1037,363,24,36,-1,-1,-1,-1
1032,7,1038,363,23,35,-1,-1,-1,-1
1033,7,1037,363,24,36,-1,-1,-1,-1
1034,7,1037,361,22,39,-1,-1,-1,-1
1035,7,1037,363,24,36,-1,-1,-1,-1
1036,7,1038,363,23,36,-1,-1,-1,-1
1037,7,1036,362,24,37,-1,-1,-1,-1
1038,7,1037,363,24,36,-1,-1,-1,-1
1039,7,1037,362,22,38,-1,-1,-1,-1
1040,7,1037,363,24,36,-1,-1,-1,-1
1041,7,1037,362,22,37,-1,-1,-1,-1
1042,7,1037,363,24,36,-1,-1,-1,-1
1043,7,1037,362,23,38,-1,-1,-1,-1
1044,7,1039,363,20,37,-1,-1,-1,-1
1045,7,1038,362,21,37,-1,-1,-1,-1
1046,7,1039,363,21,37,-1,-1,-1,-1
1047,7,1039,363,21,37,-1,-1,-1,-1
1048,7,1039,363,21,37,-1,-1,-1,-1
1049,7,1037,363,23,36,-1,-1,-1,-1
1050,7,1038,362,22,37,-1,-1,-1,-1
1051,7,1039,362,21,38,-1,-1,-1,-1
1052,7,1036,363,24,37,-1,-1,-1,-1
1053,7,1038,362,22,38,-1,-1,-1,-1
1054,7,1038,363,22,37,-1,-1,-1,-1
1055,7,1038,363,23,36,-1,-1,-1,-1
1056,7,1037,363,24,36,-1,-1,-1,-1
1057,7,1036,362,24,38,-1,-1,-1,-1
1058,7,1036,362,24,37,-1,-1,-1,-1
1059,7,1038,363,23,36,-1,-1,-1,-1
1060,7,1038,363,23,36,-1,-1,-1,-1
1061,7,1038,363,23,36,-1,-1,-1,-1
1062,7,1038,363,23,36,-1,-1,-1,-1
1063,7,1037,362,23,37,-1,-1,-1,-1
1064,7,1037,362,23,37,-1,-1,-1,-1
1065,7,1039,362,22,37,-1,-1,-1,-1
1066,7,1037,362,23,37,-1,-1,-1,-1
1067,7,1039,362,22,38,-1,-1,-1,-1
1068,7,1038,363,23,36,-1,-1,-1,-1
1069,7,1037,362,23,37,-1,-1,-1,-1
1070,7,1037,363,24,36,-1,-1,-1,-1
1071,7,1036,362,24,38,-1,-1,-1,-1
1072,7,1037,363,24,36,-1,-1,-1,-1
1073,7,1038,363,23,36,-1,-1,-1,-1
1074,7,1037,362,23,37,-1,-1,-1,-1
1075,7,1036,362,24,37,-1,-1,-1,-1
1076,7,1036,362,24,37,-1,-1,-1,-1
1077,7,1037,362,23,38,-1,-1,-1,-1
1078,7,1038,363,23,36,-1,-1,-1,-1
1079,7,1037,363,24,36,-1,-1,-1,-1
1080,7,1038,363,23,36,-1,-1,-1,-1
1081,7,1036,362,24,37,-1,-1,-1,-1
1082,7,1039,363,21,37,-1,-1,-1,-1
1083,7,1039,363,21,37,-1,-1,-1,-1
1084,7,1037,363,24,36,-1,-1,-1,-1
1085,7,1039,362,21,38,-1,-1,-1,-1
1086,7,1037,363,24,36,-1,-1,-1,-1
1087,7,1037,363,24,36,-1,-1,-1,-1
1088,7,1037,362,23,37,-1,-1,-1,-1
1089,7,1037,363,24,36,-1,-1,-1,-1
1090,7,1037,363,24,36,-1,-1,-1,-1
1091,7,1037,363,23,36,-1,-1,-1,-1
1092,7,1037,362,23,38,-1,-1,-1,-1
1093,7,1036,362,24,37,-1,-1,-1,-1
1094,7,1037,362,23,37,-1,-1,-1,-1
1095,7,1037,362,23,37,-1,-1,-1,-1
1096,7,1038,362,22,37,-1,-1,-1,-1
1097,7,1036,362,24,37,-1,-1,-1,-1
1098,7,1038,362,22,38,-1,-1,-1,-1
1099,7,1038,363,22,36,-1,-1,-1,-1
1100,7,1037,363,23,36,-1,-1,-1,-1
1101,7,1037,363,23,36,-1,-1,-1,-1
1102,7,1037,362,23,38,-1,-1,-1,-1
1103,7,1037,363,23,36,-1,-1,-1,-1
1104,7,1037,363,23,36,-1,-1,-1,-1
1105,7,1037,362,22,38,-1,-1,-1,-1
1106,7,1036,362,24,37,-1,-1,-1,-1
1107,7,1037,363,24,36,-1,-1,-1,-1
1108,7,1036,362,24,37,-1,-1,-1,-1
1109,7,1037,362,23,38,-1,-1,-1,-1
1110,7,1037,363,24,36,-1,-1,-1,-1
1111,7,1038,363,23,36,-1,-1,-1,-1
1112,7,1039,363,21,37,-1,-1,-1,-1
1113,7,1039,363,20,36,-1,-1,-1,-1
1114,7,1037,362,23,37,-1,-1,-1,-1
1115,7,1038,363,23,36,-1,-1,-1,-1
1116,7,1037,363,24,36,-1,-1,-1,-1
1117,7,1037,363,24,36,-1,-1,-1,-1
1118,7,1036,362,23,37,-1,-1,-1,-1
1119,7,1038,363,22,36,-1,-1,-1,-1
1120,7,1038,363,23,36,-1,-1,-1,-1
1121,7,1038,363,23,36,-1,-1,-1,-1
1122,7,1039,363,21,37,-1,-1,-1,-1
1123,7,1039,363,22,37,-1,-1,-1,-1
1124,7,1039,363,21,37,-1,-1,-1,-1
1125,7,1039,362,21,38,-1,-1,-1,-1
1126,7,1038,363,23,36,-1,-1,-1,-1
1127,7,1039,363,21,36,-1,-1,-1,-1
1128,7,1037,363,24,36,-1,-1,-1,-1
1129,7,1037,362,23,37,-1,-1,-1,-1
1130,7,1037,362,23,37,-1,-1,-1,-1
1131,7,1037,363,24,36,-1,-1,-1,-1
1132,7,1037,363,24,36,-1,-1,-1,-1
1133,7,1039,362,21,38,-1,-1,-1,-1
1134,7,1039,362,21,38,-1,-1,-1,-1
1135,7,1036,362,24,37,-1,-1,-1,-1
1136,7,1037,362,22,38,-1,-1,-1,-1
1137,7,1039,362,21,38,-1,-1,-1,-1
1138,7,1038,363,23,36,-1,-1,-1,-1
1139,7,1039,363,21,37,-1,-1,-1,-1
1140,7,1038,363,23,36,-1,-1,-1,-1
1141,7,1036,362,25,37,-1,-1,-1,-1
1142,7,1037,362,23,37,-1,-1,-1,-1
1143,7,1038,363,23,36,-1,-1,-1,-1
1144,7,1038,363,23,36,-1,-1,-1,-1
1145,7,1039,362,21,38,-1,-1,-1,-1
1146,7,1038,363,23,36,-1,-1,-1,-1
1147,7,1038,363,23,36,-1,-1,-1,-1
1148,7,1038,363,23,36,-1,-1,-1,-1
1149,7,1037,363,24,36,-1,-1,-1,-1
1150,7,1037,362,23,37,-1,-1,-1,-1
1151,7,1038,363,23,36,-1,-1,-1,-1
1152,7,1037,363,24,36,-1,-1,-1,-1
1153,7,1038,363,23,36,-1,-1,-1,-1
1154,7,1037,363,24,36,-1,-1,-1,-1
1155,7,1039,363,21,37,-1,-1,-1,-1
1156,7,1038,363,23,36,-1,-1,-1,-1
1157,7,1038,363,22,36,-1,-1,-1,-1
1158,7,1038,363,23,36,-1,-1,-1,-1
1159,7,1036,363,24,37,-1,-1,-1,-1
1160,7,1038,363,23,36,-1,-1,-1,-1
1161,7,1038,363,23,36,-1,-1,-1,-1
1162,7,1038,363,23,35,-1,-1,-1,-1
1163,7,1037,363,24,36,-1,-1,-1,-1
1164,7,1037,362,23,37,-1,-1,-1,-1
1165,7,1038,363,23,36,-1,-1,-1,-1
1166,7,1038,363,23,36,-1,-1,-1,-1
1167,7,1036,362,25,38,-1,-1,-1,-1
1168,7,1036,362,24,37,-1,-1,-1,-1
1169,7,1037,362,23,37,-1,-1,-1,-1
1170,7,1038,363,24,36,-1,-1,-1,-1
1171,7,1039,363,21,37,-1,-1,-1,-1
1172,7,1039,362,21,38,-1,-1,-1,-1
1173,7,1037,362,23,37,-1,-1,-1,-1
1174,7,1038,363,23,36,-1,-1,-1,-1
1175,7,1038,363,23,36,-1,-1,-1,-1
1176,7,1037,362,23,37,-1,-1,-1,-1
1177,7,1036,362,24,37,-1,-1,-1,-1
1178,7,1037,362,23,37,-1,-1,-1,-1
1179,7,1037,362,23,37,-1,-1,-1,-1
1180,7,1037,362,23,38,-1,-1,-1,-1
1181,7,1038,363,23,36,-1,-1,-1,-1
1182,7,1038,363,23,36,-1,-1,-1,-1
1183,7,1038,363,23,36,-1,-1,-1,-1
1184,7,1039,362,21,38,-1,-1,-1,-1
1185,7,1037,362,22,37,-1,-1,-1,-1
1186,7,1037,362,23,37,-1,-1,-1,-1
1187,7,1037,362,23,37,-1,-1,-1,-1
1188,7,1038,363,23,36,-1,-1,-1,-1
1189,7,1037,362,23,37,-1,-1,-1,-1
1190,7,1037,362,23,37,-1,-1,-1,-1
1191,7,1037,362,23,37,-1,-1,-1,-1
1192,7,1037,362,23,37,-1,-1,-1,-1
1193,7,1039,363,21,36,-1,-1,-1,-1
1194,7,1039,363,22,37,-1,-1,-1,-1
1195,7,1038,363,23,36,-1,-1,-1,-1
1196,7,1039,363,21,36,-1,-1,-1,-1
1197,7,1038,363,23,36,-1,-1,-1,-1
1198,7,1036,363,24,36,-1,-1,-1,-1
1199,7,1038,363,23,36,-1,-1,-1,-1
1200,7,1037,362,23,37,-1,-1,-1,-1
1201,7,1038,362,21,37,-1,-1,-1,-1
1202,7,1038,363,23,35,-1,-1,-1,-1
1203,7,1037,363,24,36,-1,-1,-1,-1
1204,7,1037,362,23,38,-1,-1,-1,-1
1205,7,1037,362,23,37,-1,-1,-1,-1
1206,7,1037,363,24,36,-1,-1,-1,-1
1207,7,1037,363,24,36,-1,-1,-1,-1
1208,7,1036,362,23,37,-1,-1,-1,-1
1209,7,1037,363,24,35,-1,-1,-1,-1
1210,7,1037,363,24,35,-1,-1,-1,-1
1211,7,1038,363,22,35,-1,-1,-1,-1
1212,7,1038,363,22,36,-1,-1,-1,-1
1213,7,1038,363,22,36,-1,-1,-1,-1
1214,7,1038,363,22,36,-1,-1,-1,-1
1215,7,1038,363,22,36,-1,-1,-1,-1
1216,7,1038,363,22,36,-1,-1,-1,-1
1217,7,1038,363,23,36,-1,-1,-1,-1
1218,7,1037,363,23,35,-1,-1,-1,-1
1219,7,1038,363,23,35,-1,-1,-1,-1
1220,7,1038,363,23,35,-1,-1,-1,-1
1221,7,1038,363,22,36,-1,-1,-1,-1
1222,7,1037,363,24,36,-1,-1,-1,-1
1223,7,1038,363,23,36,-1,-1,-1,-1
1224,7,1038,363,23,36,-1,-1,-1,-1
1225,7,1037,363,24,36,-1,-1,-1,-1
1226,7,1038,363,23,36,-1,-1,-1,-1
1227,7,1037,363,23,36,-1,-1,-1,-1
1228,7,1037,362,22,37,-1,-1,-1,-1
1229,7,1037,362,23,37,-1,-1,-1,-1
1230,7,1038,363,23,36,-1,-1,-1,-1
1231,7,1038,363,23,36,-1,-1,-1,-1
1232,7,1038,363,23,36,-1,-1,-1,-1
1233,7,1037,362,23,38,-1,-1,-1,-1
1234,7,1037,362,22,38,-1,-1,-1,-1
1235,7,1038,363,23,36,-1,-1,-1,-1
1236,7,1039,363,21,37,-1,-1,-1,-1
1237,7,1037,363,23,37,-1,-1,-1,-1
1238,7,1038,363,23,36,-1,-1,-1,-1
1239,7,1038,363,23,36,-1,-1,-1,-1
1240,7,1038,363,23,36,-1,-1,-1,-1
1241,7,1037,362,23,37,-1,-1,-1,-1
1242,7,1037,362,23,38,-1,-1,-1,-1
1243,7,1037,362,23,37,-1,-1,-1,-1
1244,7,1038,363,23,36,-1,-1,-1,-1
1245,7,1038,363,23,36,-1,-1,-1,-1
1246,7,1037,362,23,37,-1,-1,-1,-1
1247,7,1038,363,23,36,-1,-1,-1,-1
1248,7,1038,363,23,36,-1,-1,-1,-1
1249,7,1037,363,24,36,-1,-1,-1,-1
1250,7,1037,362,23,37,-1,-1,-1,-1
1251,7,1037,362,24,37,-1,-1,-1,-1
1252,7,1037,362,23,37,-1,-1,-1,-1
1253,7,1037,362,23,37,-1,-1,-1,-1
1254,7,1038,363,23,36,-1,-1,-1,-1
1255,7,1038,363,24,36,-1,-1,-1,-1
1256,7,1037,362,23,37,-1,-1,-1,-1
1257,7,1038,363,23,36,-1,-1,-1,-1
1258,7,1038,363,23,36,-1,-1,-1,-1
1259,7,1037,362,23,38,-1,-1,-1,-1
1260,7,1038,363,23,36,-1,-1,-1,-1
1261,7,1036,362,24,37,-1,-1,-1,-1
1262,7,1039,362,21,38,-1,-1,-1,-1
1263,7,1036,362,24,37,-1,-1,-1,-1
1264,7,1036,362,24,37,-1,-1,-1,-1
1265,7,1038,363,23,36,-1,-1,-1,-1
1266,7,1037,363,24,35,-1,-1,-1,-1
1267,7,1038,363,23,35,-1,-1,-1,-1
1268,7,1036,362,24,37,-1,-1,-1,-1
1269,7,1037,363,24,35,-1,-1,-1,-1
1270,7,1037,362,22,37,-1,-1,-1,-1
1271,7,1037,362,23,37,-1,-1,-1,-1
1272,7,1037,363,24,35,-1,-1,-1,-1
1273,7,1037,363,24,36,-1,-1,-1,-1
1274,7,1037,362,23,38,-1,-1,-1,-1
1275,7,1037,362,23,38,-1,-1,-1,-1
1276,7,1037,363,24,36,-1,-1,-1,-1
1277,7,1036,362,24,37,-1,-1,-1,-1
1278,7,1037,363,24,35,-1,-1,-1,-1
1279,7,1038,363,23,36,-1,-1,-1,-1
1280,7,1038,363,23,36,-1,-1,-1,-1
1281,7,1038,363,23,36,-1,-1,-1,-1
1282,7,1038,363,22,36,-1,-1,-1,-1
1283,7,1036,362,24,37,-1,-1,-1,-1
1284,7,1038,363,23,36,-1,-1,-1,-1
1285,7,1038,363,23,36,-1,-1,-1,-1
1286,7,1037,362,23,38,-1,-1,-1,-1
1287,7,1038,363,23,36,-1,-1,-1,-1
1174,41,1069,695,30,21,-1,-1,-1,-1
1175,41,1069,694,29,22,-1,-1,-1,-1
1176,41,1068,694,31,22,-1,-1,-1,-1
1177,41,1069,695,30,22,-1,-1,-1,-1
1178,41,1067,697,33,20,-1,-1,-1,-1
1179,41,1069,695,30,21,-1,-1,-1,-1
1180,41,1069,692,30,25,-1,-1,-1,-1
1181,41,1070,691,30,25,-1,-1,-1,-1
1182,41,1069,691,32,25,-1,-1,-1,-1
1183,41,1071,691,31,25,-1,-1,-1,-1
1184,41,1074,690,31,27,-1,-1,-1,-1
1185,41,1073,690,33,28,-1,-1,-1,-1
1186,41,1074,689,33,29,-1,-1,-1,-1
1187,41,1077,690,30,26,-1,-1,-1,-1
1188,41,1078,688,30,28,-1,-1,-1,-1
1189,41,1078,689,32,27,-1,-1,-1,-1
1190,41,1079,688,31,30,-1,-1,-1,-1
1191,41,1077,688,32,29,-1,-1,-1,-1
1192,41,1080,690,31,28,-1,-1,-1,-1
1193,41,1079,688,34,28,-1,-1,-1,-1
1194,41,1080,685,34,32,-1,-1,-1,-1
1195,41,1080,682,34,35,-1,-1,-1,-1
1196,41,1080,682,34,35,-1,-1,-1,-1
1197,41,1080,682,34,35,-1,-1,-1,-1
1198,41,1080,682,34,35,-1,-1,-1,-1
1199,41,1081,681,33,37,-1,-1,-1,-1
1200,41,1081,680,35,37,-1,-1,-1,-1
1201,41,1081,682,35,36,-1,-1,-1,-1
1202,41,1082,681,37,36,-1,-1,-1,-1
1203,41,1081,679,36,38,-1,-1,-1,-1
1204,41,1082,677,35,41,-1,-1,-1,-1
1205,41,1081,678,35,39,-1,-1,-1,-1
1206,41,1082,678,34,39,-1,-1,-1,-1
1207,41,1083,677,34,40,-1,-1,-1,-1
1208,41,1084,677,33,40,-1,-1,-1,-1
1209,41,1085,675,33,42,-1,-1,-1,-1
1210,41,1085,675,33,43,-1,-1,-1,-1
1211,41,1086,677,33,41,-1,-1,-1,-1
1212,41,1086,675,33,42,-1,-1,-1,-1
1213,41,1086,675,33,43,-1,-1,-1,-1
1214,41,1086,677,33,41,-1,-1,-1,-1
1215,41,1087,676,33,42,-1,-1,-1,-1
1216,41,1085,672,37,47,-1,-1,-1,-1
1217,41,1087,672,33,46,-1,-1,-1,-1
1218,41,1087,670,33,49,-1,-1,-1,-1
1219,41,1088,666,36,52,-1,-1,-1,-1
1220,41,1087,664,38,54,-1,-1,-1,-1
1221,41,1086,663,39,56,-1,-1,-1,-1
1222,41,1086,663,40,56,-1,-1,-1,-1
1223,41,1088,664,37,54,-1,-1,-1,-1
1224,41,1087,665,39,53,-1,-1,-1,-1
1225,41,1088,666,39,53,-1,-1,-1,-1
1226,41,1090,665,36,54,-1,-1,-1,-1
1227,41,1091,665,36,54,-1,-1,-1,-1
1228,41,1095,664,33,56,-1,-1,-1,-1
1229,41,1097,665,34,54,-1,-1,-1,-1
1230,41,1096,664,33,55,-1,-1,-1,-1
1231,41,1096,662,32,57,-1,-1,-1,-1
1232,41,1097,663,33,56,-1,-1,-1,-1
1233,41,1097,662,33,57,-1,-1,-1,-1
1234,41,1097,661,33,58,-1,-1,-1,-1
1235,41,1098,660,32,59,-1,-1,-1,-1
1236,41,1098,660,32,59,-1,-1,-1,-1
1237,41,1098,659,33,60,-1,-1,-1,-1
1238,41,1099,660,32,59,-1,-1,-1,-1
1239,41,1098,661,35,58,-1,-1,-1,-1
1240,41,1099,662,34,57,-1,-1,-1,-1
1241,41,1099,661,34,58,-1,-1,-1,-1
1242,41,1099,661,35,58,-1,-1,-1,-1
1243,41,1099,662,34,57,-1,-1,-1,-1
1244,41,1100,661,32,58,-1,-1,-1,-1
1245,41,1100,661,33,58,-1,-1,-1,-1
1246,41,1100,660,33,59,-1,-1,-1,-1
1247,41,1101,657,32,60,-1,-1,-1,-1
1248,41,1101,656,32,62,-1,-1,-1,-1
1249,41,1101,656,33,62,-1,-1,-1,-1
1250,41,1102,656,33,61,-1,-1,-1,-1
1251,41,1102,657,33,61,-1,-1,-1,-1
1252,41,1103,657,32,61,-1,-1,-1,-1
1253,41,1103,658,32,60,-1,-1,-1,-1
1254,41,1103,655,34,63,-1,-1,-1,-1
1255,41,1104,654,33,63,-1,-1,-1,-1
1256,41,1105,652,33,64,-1,-1,-1,-1
1257,41,1106,653,32,64,-1,-1,-1,-1
1258,41,1106,651,33,66,-1,-1,-1,-1
1259,41,1108,650,33,67,-1,-1,-1,-1
1260,41,1109,650,32,68,-1,-1,-1,-1
1261,41,1110,652,33,64,-1,-1,-1,-1
1262,41,1112,649,31,68,-1,-1,-1,-1
1263,41,1112,649,31,67,-1,-1,-1,-1
1264,41,1112,652,32,64,-1,-1,-1,-1
1265,41,1112,651,31,66,-1,-1,-1,-1
1266,41,1112,652,33,65,-1,-1,-1,-1
1267,41,1112,651,31,68,-1,-1,-1,-1
1268,41,1113,650,32,67,-1,-1,-1,-1
1269,41,1113,649,31,70,-1,-1,-1,-1
1270,41,1113,649,33,68,-1,-1,-1,-1
1271,41,1114,650,33,67,-1,-1,-1,-1
1272,41,1114,646,33,74,-1,-1,-1,-1
1273,41,1116,645,31,74,-1,-1,-1,-1
1274,41,1116,642,32,77,-1,-1,-1,-1
1275,41,1117,642,30,76,-1,-1,-1,-1
1276,41,1117,643,30,74,-1,-1,-1,-1
1277,41,1117,642,31,72,-1,-1,-1,-1
1278,41,1118,642,31,70,-1,-1,-1,-1
1279,41,1119,641,31,68,-1,-1,-1,-1
1280,41,1119,641,32,67,-1,-1,-1,-1
1281,41,1119,640,34,66,-1,-1,-1,-1
1282,41,1121,639,33,64,-1,-1,-1,-1
1283,41,1120,637,36,71,-1,-1,-1,-1
1284,41,1122,638,34,69,-1,-1,-1,-1
1285,41,1122,641,35,67,-1,-1,-1,-1
1286,41,1123,638,35,75,-1,-1,-1,-1
1287,41,1125,633,34,81,-1,-1,-1,-1
