18,0,682,17,26,51,-1,-1,-1,-1
19,0,682,16,26,52,-1,-1,-1,-1
20,0,683,15,27,54,-1,-1,-1,-1
21,0,683,14,26,53,-1,-1,-1,-1
52,1,762,15,27,45,-1,-1,-1,-1
53,1,764,14,26,43,-1,-1,-1,-1
54,1,769,12,23,44,-1,-1,-1,-1
55,1,768,13,25,44,-1,-1,-1,-1
56,1,768,12,26,46,-1,-1,-1,-1
57,1,770,10,25,43,-1,-1,-1,-1
58,1,772,9,27,39,-1,-1,-1,-1
59,1,773,10,27,43,-1,-1,-1,-1
1,2,930,15,34,62,-1,-1,-1,-1
2,2,931,14,33,63,-1,-1,-1,-1
3,2,932,18,33,59,-1,-1,-1,-1
4,2,932,16,34,62,-1,-1,-1,-1
5,2,933,15,34,63,-1,-1,-1,-1
6,2,934,16,34,62,-1,-1,-1,-1
7,2,939,20,31,57,-1,-1,-1,-1
8,2,941,22,30,56,-1,-1,-1,-1
9,2,941,20,31,58,-1,-1,-1,-1
10,2,943,27,29,53,-1,-1,-1,-1
11,2,947,28,27,53,-1,-1,-1,-1
12,2,949,29,28,52,-1,-1,-1,-1
13,2,950,29,27,51,-1,-1,-1,-1
14,2,952,30,27,51,-1,-1,-1,-1
15,2,953,29,27,53,-1,-1,-1,-1
16,2,954,28,28,54,-1,-1,-1,-1
17,2,954,24,29,58,-1,-1,-1,-1
18,2,955,29,28,55,-1,-1,-1,-1
19,2,956,31,27,55,-1,-1,-1,-1
20,2,959,33,27,52,-1,-1,-1,-1
21,2,962,34,26,51,-1,-1,-1,-1
22,2,962,34,27,54,-1,-1,-1,-1
23,2,964,35,27,50,-1,-1,-1,-1
24,2,967,34,25,51,-1,-1,-1,-1
25,2,967,33,27,52,-1,-1,-1,-1
26,2,969,33,26,51,-1,-1,-1,-1
27,2,970,34,26,51,-1,-1,-1,-1
28,2,971,34,27,52,-1,-1,-1,-1
29,2,973,34,28,52,-1,-1,-1,-1
30,2,974,34,29,51,-1,-1,-1,-1
31,2,977,36,27,49,-1,-1,-1,-1
32,2,976,36,28,50,-1,-1,-1,-1
33,2,977,37,28,50,-1,-1,-1,-1
34,2,979,37,28,51,-1,-1,-1,-1
35,2,980,36,27,52,-1,-1,-1,-1
36,2,981,36,26,53,-1,-1,-1,-1
37,2,984,37,27,52,-1,-1,-1,-1
38,2,984,37,27,53,-1,-1,-1,-1
39,2,985,37,26,52,-1,-1,-1,-1
40,2,986,36,26,52,-1,-1,-1,-1
41,2,987,36,26,53,-1,-1,-1,-1
42,2,986,36,28,52,-1,-1,-1,-1
43,2,987,38,27,52,-1,-1,-1,-1
44,2,987,36,29,55,-1,-1,-1,-1
45,2,988,36,29,55,-1,-1,-1,-1
46,2,988,37,31,56,-1,-1,-1,-1
47,2,990,38,30,54,-1,-1,-1,-1
48,2,995,37,27,55,-1,-1,-1,-1
49,2,995,40,28,51,-1,-1,-1,-1
50,2,999,39,27,51,-1,-1,-1,-1
51,2,999,39,27,50,-1,-1,-1,-1
52,2,999,39,27,50,-1,-1,-1,-1
53,2,999,39,26,50,-1,-1,-1,-1
54,2,1000,39,26,49,-1,-1,-1,-1
55,2,1000,38,27,50,-1,-1,-1,-1
56,2,1000,39,27,51,-1,-1,-1,-1
57,2,1001,39,27,55,-1,-1,-1,-1
58,2,1001,40,30,57,-1,-1,-1,-1
59,2,1002,41,29,58,-1,-1,-1,-1
60,2,1002,42,29,56,-1,-1,-1,-1
61,2,1003,44,29,55,-1,-1,-1,-1
62,2,1003,43,29,57,-1,-1,-1,-1
63,2,1003,43,29,56,-1,-1,-1,-1
64,2,1004,42,28,57,-1,-1,-1,-1
65,2,1004,43,29,57,-1,-1,-1,-1
66,2,1006,45,28,55,-1,-1,-1,-1
67,2,1008,46,28,54,-1,-1,-1,-1
68,2,1009,47,28,53,-1,-1,-1,-1
69,2,1012,48,26,51,-1,-1,-1,-1
70,2,1013,48,27,50,-1,-1,-1,-1
71,2,1014,49,27,49,-1,-1,-1,-1
72,2,1016,50,25,49,-1,-1,-1,-1
73,2,1016,51,24,49,-1,-1,-1,-1
74,2,1017,52,23,49,-1,-1,-1,-1
75,2,1018,53,22,49,-1,-1,-1,-1
76,2,1018,54,23,48,-1,-1,-1,-1
77,2,1019,52,24,51,-1,-1,-1,-1
78,2,1020,51,25,53,-1,-1,-1,-1
79,2,1022,50,25,54,-1,-1,-1,-1
80,2,1022,49,27,53,-1,-1,-1,-1
81,2,1023,48,26,54,-1,-1,-1,-1
82,2,1022,47,31,55,-1,-1,-1,-1
83,2,1023,48,30,54,-1,-1,-1,-1
84,2,1024,50,31,53,-1,-1,-1,-1
85,2,1025,52,30,52,-1,-1,-1,-1
86,2,1025,51,31,54,-1,-1,-1,-1
87,2,1027,50,31,55,-1,-1,-1,-1
88,2,1028,47,33,59,-1,-1,-1,-1
89,2,1031,49,31,56,-1,-1,-1,-1
90,2,1033,51,28,51,-1,-1,-1,-1
91,2,1035,50,28,52,-1,-1,-1,-1
92,2,1035,50,27,52,-1,-1,-1,-1
93,2,1036,53,27,51,-1,-1,-1,-1
94,2,1037,51,28,53,-1,-1,-1,-1
95,2,1038,50,29,54,-1,-1,-1,-1
96,2,1039,49,29,55,-1,-1,-1,-1
97,2,1043,51,27,53,-1,-1,-1,-1
98,2,1044,51,27,54,-1,-1,-1,-1
99,2,1044,53,27,52,-1,-1,-1,-1
100,2,1046,53,26,52,-1,-1,-1,-1
101,2,1048,55,26,50,-1,-1,-1,-1
102,2,1050,55,26,50,-1,-1,-1,-1
103,2,1050,56,26,50,-1,-1,-1,-1
104,2,1053,58,26,51,-1,-1,-1,-1
105,2,1054,57,25,51,-1,-1,-1,-1
106,2,1057,59,24,49,-1,-1,-1,-1
107,2,1059,59,24,49,-1,-1,-1,-1
108,2,1062,59,24,50,-1,-1,-1,-1
109,2,1063,59,23,50,-1,-1,-1,-1
110,2,1065,60,24,48,-1,-1,-1,-1
111,2,1066,61,23,48,-1,-1,-1,-1
112,2,1066,60,24,50,-1,-1,-1,-1
113,2,1067,59,24,52,-1,-1,-1,-1
114,2,1073,60,21,53,-1,-1,-1,-1
115,2,1071,62,23,50,-1,-1,-1,-1
116,2,1077,61,22,51,-1,-1,-1,-1
143,3,1117,60,25,53,-1,-1,-1,-1
144,3,1115,64,26,52,-1,-1,-1,-1
145,3,1118,61,24,54,-1,-1,-1,-1
146,3,1119,60,23,53,-1,-1,-1,-1
161,4,1131,60,27,53,-1,-1,-1,-1
162,4,1130,60,27,53,-1,-1,-1,-1
163,4,1132,60,28,55,-1,-1,-1,-1
136,5,1121,66,21,44,-1,-1,-1,-1
137,5,1122,65,25,48,-1,-1,-1,-1
138,5,1122,63,25,50,-1,-1,-1,-1
139,5,1120,62,27,51,-1,-1,-1,-1
140,5,1120,57,29,56,-1,-1,-1,-1
141,5,1120,57,31,57,-1,-1,-1,-1
142,5,1125,59,28,55,-1,-1,-1,-1
143,5,1125,60,29,53,-1,-1,-1,-1
144,5,1129,63,25,52,-1,-1,-1,-1
145,5,1132,61,29,54,-1,-1,-1,-1
146,5,1135,63,27,52,-1,-1,-1,-1
147,5,1135,63,28,53,-1,-1,-1,-1
148,5,1137,65,27,49,-1,-1,-1,-1
149,5,1138,64,28,52,-1,-1,-1,-1
150,5,1140,64,27,51,-1,-1,-1,-1
151,5,1139,62,31,55,-1,-1,-1,-1
152,5,1140,60,30,56,-1,-1,-1,-1
153,5,1141,59,30,56,-1,-1,-1,-1
154,5,1142,58,31,58,-1,-1,-1,-1
155,5,1143,58,30,58,-1,-1,-1,-1
156,5,1144,58,30,58,-1,-1,-1,-1
157,5,1147,61,30,57,-1,-1,-1,-1
158,5,1150,62,29,57,-1,-1,-1,-1
159,5,1152,64,29,55,-1,-1,-1,-1
160,5,1154,63,29,56,-1,-1,-1,-1
161,5,1155,62,28,57,-1,-1,-1,-1
162,5,1155,62,30,58,-1,-1,-1,-1
163,5,1155,61,31,59,-1,-1,-1,-1
164,5,1156,61,32,59,-1,-1,-1,-1
165,5,1158,62,34,60,-1,-1,-1,-1
166,5,1161,61,33,60,-1,-1,-1,-1
167,5,1162,63,34,59,-1,-1,-1,-1
168,5,1161,61,36,62,-1,-1,-1,-1
169,5,1164,60,34,63,-1,-1,-1,-1
170,5,1164,61,34,62,-1,-1,-1,-1
171,5,1169,60,34,60,-1,-1,-1,-1
172,5,1171,59,31,60,-1,-1,-1,-1
173,5,1173,60,31,60,-1,-1,-1,-1
174,5,1174,61,32,57,-1,-1,-1,-1
175,5,1174,61,33,56,-1,-1,-1,-1
176,5,1176,62,32,56,-1,-1,-1,-1
124,6,867,12,23,45,-1,-1,-1,-1
125,6,867,11,24,44,-1,-1,-1,-1
126,6,868,11,24,45,-1,-1,-1,-1
127,6,869,11,23,45,-1,-1,-1,-1
128,6,869,12,23,44,-1,-1,-1,-1
129,6,870,13,23,43,-1,-1,-1,-1
130,6,871,13,22,42,-1,-1,-1,-1
131,6,872,13,22,43,-1,-1,-1,-1
132,6,873,14,21,42,-1,-1,-1,-1
133,6,874,15,21,41,-1,-1,-1,-1
134,6,874,15,20,41,-1,-1,-1,-1
135,6,874,16,20,40,-1,-1,-1,-1
136,6,875,17,19,40,-1,-1,-1,-1
137,6,874,17,21,40,-1,-1,-1,-1
138,6,874,17,21,40,-1,-1,-1,-1
139,6,874,16,21,41,-1,-1,-1,-1
140,6,874,17,20,41,-1,-1,-1,-1
141,6,874,16,20,42,-1,-1,-1,-1
142,6,874,17,21,41,-1,-1,-1,-1
143,6,874,17,20,41,-1,-1,-1,-1
144,6,874,18,22,42,-1,-1,-1,-1
145,6,873,18,22,43,-1,-1,-1,-1
146,6,873,19,22,43,-1,-1,-1,-1
147,6,873,20,23,43,-1,-1,-1,-1
148,6,873,20,22,42,-1,-1,-1,-1
149,6,873,20,22,43,-1,-1,-1,-1
150,6,870,21,24,45,-1,-1,-1,-1
151,6,873,20,21,43,-1,-1,-1,-1
152,6,873,21,23,44,-1,-1,-1,-1
153,6,874,21,23,43,-1,-1,-1,-1
154,6,875,21,22,44,-1,-1,-1,-1
155,6,874,21,23,44,-1,-1,-1,-1
156,6,872,21,24,45,-1,-1,-1,-1
157,6,869,22,26,47,-1,-1,-1,-1
158,6,868,23,28,47,-1,-1,-1,-1
159,6,870,24,27,45,-1,-1,-1,-1
160,6,871,23,28,45,-1,-1,-1,-1
161,6,872,23,27,46,-1,-1,-1,-1
162,6,873,23,28,46,-1,-1,-1,-1
163,6,875,22,27,45,-1,-1,-1,-1
164,6,876,22,27,44,-1,-1,-1,-1
165,6,877,21,26,45,-1,-1,-1,-1
166,6,878,21,26,45,-1,-1,-1,-1
167,6,878,21,26,45,-1,-1,-1,-1
168,6,877,21,27,46,-1,-1,-1,-1
169,6,877,20,27,47,-1,-1,-1,-1
170,6,877,20,27,46,-1,-1,-1,-1
171,6,877,20,27,47,-1,-1,-1,-1
172,6,877,20,26,46,-1,-1,-1,-1
173,6,878,20,26,46,-1,-1,-1,-1
174,6,878,21,26,45,-1,-1,-1,-1
175,6,878,21,26,46,-1,-1,-1,-1
176,6,878,22,26,46,-1,-1,-1,-1
177,6,877,24,25,45,-1,-1,-1,-1
178,6,877,25,25,44,-1,-1,-1,-1
179,6,877,24,26,45,-1,-1,-1,-1
180,6,875,25,28,44,-1,-1,-1,-1
181,6,876,26,24,44,-1,-1,-1,-1
188,6,879,27,24,43,-1,-1,-1,-1
189,6,880,27,23,44,-1,-1,-1,-1
190,6,879,27,26,46,-1,-1,-1,-1
191,6,879,27,25,44,-1,-1,-1,-1
192,6,879,26,25,45,-1,-1,-1,-1
193,6,880,23,27,47,-1,-1,-1,-1
194,6,880,23,28,46,-1,-1,-1,-1
195,6,881,22,27,48,-1,-1,-1,-1
196,6,881,22,28,48,-1,-1,-1,-1
197,6,881,22,28,49,-1,-1,-1,-1
198,6,880,22,30,49,-1,-1,-1,-1
199,6,881,21,29,50,-1,-1,-1,-1
200,6,880,22,30,49,-1,-1,-1,-1
201,6,881,23,29,49,-1,-1,-1,-1
202,6,881,23,29,48,-1,-1,-1,-1
203,6,880,23,30,49,-1,-1,-1,-1
204,6,883,28,27,46,-1,-1,-1,-1
205,6,881,32,25,43,-1,-1,-1,-1
206,6,882,33,23,42,-1,-1,-1,-1
207,6,889,34,23,43,-1,-1,-1,-1
208,6,889,34,23,43,-1,-1,-1,-1
181,8,1184,66,32,54,-1,-1,-1,-1
182,8,1183,66,34,57,-1,-1,-1,-1
183,8,1184,66,35,58,-1,-1,-1,-1
184,8,1184,65,34,58,-1,-1,-1,-1
185,8,1185,66,33,55,-1,-1,-1,-1
186,8,1188,68,29,50,-1,-1,-1,-1
187,8,1189,68,30,51,-1,-1,-1,-1
188,8,1191,69,29,52,-1,-1,-1,-1
189,8,1193,70,32,52,-1,-1,-1,-1
190,8,1196,67,32,56,-1,-1,-1,-1
191,8,1198,66,31,57,-1,-1,-1,-1
192,8,1198,65,32,59,-1,-1,-1,-1
193,8,1199,68,32,57,-1,-1,-1,-1
194,8,1199,66,33,61,-1,-1,-1,-1
195,8,1199,66,35,61,-1,-1,-1,-1
196,8,1200,66,34,60,-1,-1,-1,-1
197,8,1202,67,33,60,-1,-1,-1,-1
198,8,1201,67,34,60,-1,-1,-1,-1
199,8,1202,67,33,62,-1,-1,-1,-1
200,8,1203,67,34,62,-1,-1,-1,-1
201,8,1204,67,33,62,-1,-1,-1,-1
202,8,1204,66,35,63,-1,-1,-1,-1
203,8,1205,66,36,64,-1,-1,-1,-1
204,8,1206,65,37,66,-1,-1,-1,-1
205,8,1207,66,36,62,-1,-1,-1,-1
206,8,1208,66,34,61,-1,-1,-1,-1
207,8,1210,69,32,58,-1,-1,-1,-1
208,8,1212,72,31,56,-1,-1,-1,-1
209,8,1215,75,28,55,-1,-1,-1,-1
210,8,1217,76,26,54,-1,-1,-1,-1
211,8,1217,76,27,56,-1,-1,-1,-1
212,8,1218,77,27,56,-1,-1,-1,-1
213,8,1220,76,26,55,-1,-1,-1,-1
214,8,1219,73,29,59,-1,-1,-1,-1
215,8,1219,72,30,60,-1,-1,-1,-1
216,8,1220,74,30,59,-1,-1,-1,-1
217,8,1221,75,29,58,-1,-1,-1,-1
218,8,1220,73,31,60,-1,-1,-1,-1
219,8,1220,73,33,60,-1,-1,-1,-1
220,8,1222,74,32,59,-1,-1,-1,-1
221,8,1223,77,31,59,-1,-1,-1,-1
222,8,1224,78,30,60,-1,-1,-1,-1
223,8,1227,78,29,58,-1,-1,-1,-1
224,8,1228,80,29,55,-1,-1,-1,-1
225,8,1229,81,29,53,-1,-1,-1,-1
226,8,1230,81,30,56,-1,-1,-1,-1
227,8,1232,78,30,58,-1,-1,-1,-1
228,8,1232,75,32,57,-1,-1,-1,-1
229,8,1237,76,29,50,-1,-1,-1,-1
230,8,1236,75,31,52,-1,-1,-1,-1
231,8,1236,76,30,51,-1,-1,-1,-1
232,8,1237,70,28,48,-1,-1,-1,-1
233,8,1236,65,31,54,-1,-1,-1,-1
234,8,1236,68,33,61,-1,-1,-1,-1
235,8,1234,73,33,64,-1,-1,-1,-1
236,8,1235,77,31,60,-1,-1,-1,-1
237,8,1236,76,30,60,-1,-1,-1,-1
238,8,1240,75,26,54,-1,-1,-1,-1
239,8,1240,74,26,51,-1,-1,-1,-1
240,8,1237,76,28,63,-1,-1,-1,-1
240,9,1239,56,30,62,-1,-1,-1,-1
241,9,1241,51,29,61,-1,-1,-1,-1
242,9,1242,54,28,58,-1,-1,-1,-1
243,9,1241,66,30,58,-1,-1,-1,-1
244,9,1242,80,29,58,-1,-1,-1,-1
245,9,1243,81,28,57,-1,-1,-1,-1
246,9,1245,82,26,54,-1,-1,-1,-1
247,9,1245,80,27,57,-1,-1,-1,-1
248,9,1246,79,28,54,-1,-1,-1,-1
23,0,683,15,25,52,-1,-1,-1,-1
24,0,682,15,26,53,-1,-1,-1,-1
25,0,683,14,26,54,-1,-1,-1,-1
26,0,682,16,27,54,-1,-1,-1,-1
27,0,683,15,26,53,-1,-1,-1,-1
28,0,684,15,24,51,-1,-1,-1,-1
29,0,683,15,24,51,-1,-1,-1,-1
30,0,681,16,25,52,-1,-1,-1,-1
31,0,681,16,25,50,-1,-1,-1,-1
32,0,681,17,26,51,-1,-1,-1,-1
33,0,681,17,26,51,-1,-1,-1,-1
34,0,681,17,25,49,-1,-1,-1,-1
35,0,682,18,23,47,-1,-1,-1,-1
36,0,682,18,24,47,-1,-1,-1,-1
37,0,682,20,24,46,-1,-1,-1,-1
38,0,682,20,24,45,-1,-1,-1,-1
39,0,682,19,23,45,-1,-1,-1,-1
40,0,682,20,23,43,-1,-1,-1,-1
41,0,680,19,26,44,-1,-1,-1,-1
42,0,682,20,22,46,-1,-1,-1,-1
43,0,681,19,23,45,-1,-1,-1,-1
44,0,679,19,25,48,-1,-1,-1,-1
45,0,679,18,24,47,-1,-1,-1,-1
46,0,679,19,24,46,-1,-1,-1,-1
47,0,679,19,25,47,-1,-1,-1,-1
48,0,679,19,24,47,-1,-1,-1,-1
49,0,678,20,26,46,-1,-1,-1,-1
50,0,677,21,27,45,-1,-1,-1,-1
51,0,679,20,26,47,-1,-1,-1,-1
52,0,679,20,26,47,-1,-1,-1,-1
53,0,678,20,27,49,-1,-1,-1,-1
54,0,678,20,27,47,-1,-1,-1,-1
55,0,678,19,27,49,-1,-1,-1,-1
56,0,677,19,29,51,-1,-1,-1,-1
57,0,676,18,30,55,-1,-1,-1,-1
58,0,675,18,32,54,-1,-1,-1,-1
59,0,675,18,32,55,-1,-1,-1,-1
60,0,675,18,31,54,-1,-1,-1,-1
61,0,675,18,30,55,-1,-1,-1,-1
62,0,675,18,30,54,-1,-1,-1,-1
63,0,675,18,30,55,-1,-1,-1,-1
64,0,675,18,29,55,-1,-1,-1,-1
65,0,674,19,30,55,-1,-1,-1,-1
66,0,675,18,29,55,-1,-1,-1,-1
67,0,675,17,29,55,-1,-1,-1,-1
68,0,675,18,29,53,-1,-1,-1,-1
69,0,674,17,30,54,-1,-1,-1,-1
70,0,674,18,29,53,-1,-1,-1,-1
71,0,672,18,31,53,-1,-1,-1,-1
72,0,672,18,30,52,-1,-1,-1,-1
73,0,672,20,28,49,-1,-1,-1,-1
74,0,672,19,28,51,-1,-1,-1,-1
75,0,672,19,31,53,-1,-1,-1,-1
76,0,673,18,29,53,-1,-1,-1,-1
77,0,673,18,29,55,-1,-1,-1,-1
78,0,673,18,29,55,-1,-1,-1,-1
79,0,673,17,29,56,-1,-1,-1,-1
80,0,672,17,29,56,-1,-1,-1,-1
81,0,672,18,29,56,-1,-1,-1,-1
82,0,671,18,30,56,-1,-1,-1,-1
83,0,671,19,30,56,-1,-1,-1,-1
84,0,671,20,29,54,-1,-1,-1,-1
85,0,671,20,29,54,-1,-1,-1,-1
86,0,672,20,28,52,-1,-1,-1,-1
87,0,671,20,29,52,-1,-1,-1,-1
88,0,672,20,28,51,-1,-1,-1,-1
89,0,671,19,31,54,-1,-1,-1,-1
90,0,671,19,30,55,-1,-1,-1,-1
91,0,670,19,32,54,-1,-1,-1,-1
92,0,671,21,28,51,-1,-1,-1,-1
93,0,672,21,28,52,-1,-1,-1,-1
94,0,672,20,27,52,-1,-1,-1,-1
95,0,672,19,28,53,-1,-1,-1,-1
96,0,669,21,30,52,-1,-1,-1,-1
97,0,671,23,27,49,-1,-1,-1,-1
98,0,670,22,29,50,-1,-1,-1,-1
99,0,670,22,29,50,-1,-1,-1,-1
100,0,672,22,27,49,-1,-1,-1,-1
101,0,671,22,27,49,-1,-1,-1,-1
102,0,671,22,27,48,-1,-1,-1,-1
103,0,672,22,26,48,-1,-1,-1,-1
104,0,671,22,27,49,-1,-1,-1,-1
105,0,672,21,26,50,-1,-1,-1,-1
106,0,672,20,27,51,-1,-1,-1,-1
107,0,672,21,27,50,-1,-1,-1,-1
108,0,672,21,26,51,-1,-1,-1,-1
109,0,672,23,26,49,-1,-1,-1,-1
110,0,672,22,27,49,-1,-1,-1,-1
111,0,673,23,26,48,-1,-1,-1,-1
112,0,672,22,28,50,-1,-1,-1,-1
113,0,672,21,28,52,-1,-1,-1,-1
114,0,672,22,28,50,-1,-1,-1,-1
115,0,673,20,28,53,-1,-1,-1,-1
116,0,672,23,27,50,-1,-1,-1,-1
117,0,672,21,27,52,-1,-1,-1,-1
118,0,672,19,29,53,-1,-1,-1,-1
119,0,672,19,29,54,-1,-1,-1,-1
120,0,672,21,28,52,-1,-1,-1,-1
121,0,672,22,28,52,-1,-1,-1,-1
122,0,672,22,28,53,-1,-1,-1,-1
123,0,671,21,30,55,-1,-1,-1,-1
124,0,672,22,28,53,-1,-1,-1,-1
125,0,673,22,28,53,-1,-1,-1,-1
126,0,674,21,27,52,-1,-1,-1,-1
127,0,674,20,27,53,-1,-1,-1,-1
128,0,674,20,27,52,-1,-1,-1,-1
129,0,673,20,27,53,-1,-1,-1,-1
130,0,672,21,27,50,-1,-1,-1,-1
131,0,672,22,27,49,-1,-1,-1,-1
132,0,672,22,27,50,-1,-1,-1,-1
133,0,673,21,26,51,-1,-1,-1,-1
134,0,673,21,26,50,-1,-1,-1,-1
135,0,672,21,28,51,-1,-1,-1,-1
136,0,672,21,28,52,-1,-1,-1,-1
137,0,674,20,28,52,-1,-1,-1,-1
138,0,674,20,28,53,-1,-1,-1,-1
139,0,672,22,28,51,-1,-1,-1,-1
140,0,673,21,27,51,-1,-1,-1,-1
141,0,673,22,27,50,-1,-1,-1,-1
142,0,672,22,27,50,-1,-1,-1,-1
143,0,672,23,27,49,-1,-1,-1,-1
144,0,670,23,29,51,-1,-1,-1,-1
145,0,670,24,28,50,-1,-1,-1,-1
146,0,669,24,29,51,-1,-1,-1,-1
147,0,669,24,29,51,-1,-1,-1,-1
148,0,671,25,26,48,-1,-1,-1,-1
149,0,671,25,27,48,-1,-1,-1,-1
150,0,671,24,26,49,-1,-1,-1,-1
151,0,671,25,27,47,-1,-1,-1,-1
152,0,671,25,27,47,-1,-1,-1,-1
153,0,672,25,26,47,-1,-1,-1,-1
154,0,672,24,26,48,-1,-1,-1,-1
155,0,671,24,26,48,-1,-1,-1,-1
156,0,671,24,27,50,-1,-1,-1,-1
157,0,671,23,28,52,-1,-1,-1,-1
158,0,671,24,27,50,-1,-1,-1,-1
159,0,671,23,28,50,-1,-1,-1,-1
160,0,671,23,28,51,-1,-1,-1,-1
161,0,671,25,27,48,-1,-1,-1,-1
162,0,671,24,27,49,-1,-1,-1,-1
163,0,671,24,28,50,-1,-1,-1,-1
164,0,672,25,26,46,-1,-1,-1,-1
165,0,672,25,26,47,-1,-1,-1,-1
166,0,671,24,27,48,-1,-1,-1,-1
167,0,671,24,27,48,-1,-1,-1,-1
168,0,671,24,27,49,-1,-1,-1,-1
169,0,669,22,30,53,-1,-1,-1,-1
170,0,670,22,29,54,-1,-1,-1,-1
171,0,670,22,30,54,-1,-1,-1,-1
172,0,670,22,31,55,-1,-1,-1,-1
173,0,670,23,32,54,-1,-1,-1,-1
174,0,670,23,31,55,-1,-1,-1,-1
175,0,670,23,31,53,-1,-1,-1,-1
176,0,670,24,31,54,-1,-1,-1,-1
177,0,670,24,31,54,-1,-1,-1,-1
178,0,669,24,31,55,-1,-1,-1,-1
179,0,669,25,31,54,-1,-1,-1,-1
180,0,668,24,31,55,-1,-1,-1,-1
181,0,669,25,30,53,-1,-1,-1,-1
182,0,668,25,31,53,-1,-1,-1,-1
183,0,668,25,31,53,-1,-1,-1,-1
184,0,668,24,31,53,-1,-1,-1,-1
185,0,669,24,29,53,-1,-1,-1,-1
186,0,669,23,30,53,-1,-1,-1,-1
187,0,669,23,30,52,-1,-1,-1,-1
188,0,669,24,30,52,-1,-1,-1,-1
189,0,668,23,31,53,-1,-1,-1,-1
190,0,668,24,32,54,-1,-1,-1,-1
191,0,668,25,31,53,-1,-1,-1,-1
192,0,667,25,32,54,-1,-1,-1,-1
193,0,667,25,31,53,-1,-1,-1,-1
194,0,667,25,32,54,-1,-1,-1,-1
195,0,667,26,31,53,-1,-1,-1,-1
196,0,668,26,30,53,-1,-1,-1,-1
197,0,668,27,30,52,-1,-1,-1,-1
198,0,667,27,31,52,-1,-1,-1,-1
199,0,667,27,30,52,-1,-1,-1,-1
200,0,667,27,31,52,-1,-1,-1,-1
201,0,665,29,31,49,-1,-1,-1,-1
202,0,667,26,32,53,-1,-1,-1,-1
203,0,665,28,31,50,-1,-1,-1,-1
204,0,667,27,30,52,-1,-1,-1,-1
205,0,666,26,32,54,-1,-1,-1,-1
206,0,666,27,31,53,-1,-1,-1,-1
207,0,666,26,31,54,-1,-1,-1,-1
208,0,667,27,30,53,-1,-1,-1,-1
209,0,666,26,32,53,-1,-1,-1,-1
210,0,667,26,31,53,-1,-1,-1,-1
211,0,667,26,31,52,-1,-1,-1,-1
212,0,667,26,31,53,-1,-1,-1,-1
213,0,667,27,31,52,-1,-1,-1,-1
214,0,666,26,32,53,-1,-1,-1,-1
215,0,665,26,32,52,-1,-1,-1,-1
216,0,665,26,32,52,-1,-1,-1,-1
217,0,667,24,32,54,-1,-1,-1,-1
218,0,667,24,32,55,-1,-1,-1,-1
219,0,667,25,31,53,-1,-1,-1,-1
220,0,667,26,31,52,-1,-1,-1,-1
221,0,667,26,31,53,-1,-1,-1,-1
222,0,667,26,32,53,-1,-1,-1,-1
223,0,667,25,32,54,-1,-1,-1,-1
224,0,667,25,32,53,-1,-1,-1,-1
225,0,667,25,32,54,-1,-1,-1,-1
226,0,666,25,32,55,-1,-1,-1,-1
227,0,667,26,31,54,-1,-1,-1,-1
228,0,667,27,30,53,-1,-1,-1,-1
229,0,666,29,30,52,-1,-1,-1,-1
230,0,666,29,30,52,-1,-1,-1,-1
231,0,666,29,30,52,-1,-1,-1,-1
232,0,666,29,29,52,-1,-1,-1,-1
233,0,666,28,30,53,-1,-1,-1,-1
234,0,666,28,31,53,-1,-1,-1,-1
235,0,666,28,31,53,-1,-1,-1,-1
236,0,666,28,32,55,-1,-1,-1,-1
237,0,666,28,30,54,-1,-1,-1,-1
238,0,666,29,30,53,-1,-1,-1,-1
239,0,666,29,30,53,-1,-1,-1,-1
240,0,667,30,29,52,-1,-1,-1,-1
241,0,666,31,29,52,-1,-1,-1,-1
242,0,666,31,28,52,-1,-1,-1,-1
243,0,666,31,29,51,-1,-1,-1,-1
244,0,666,31,28,52,-1,-1,-1,-1
245,0,665,32,28,51,-1,-1,-1,-1
246,0,665,31,29,52,-1,-1,-1,-1
247,0,665,32,28,51,-1,-1,-1,-1
248,0,665,32,28,51,-1,-1,-1,-1
249,0,665,32,28,51,-1,-1,-1,-1
250,0,665,32,28,50,-1,-1,-1,-1
251,0,665,31,29,51,-1,-1,-1,-1
252,0,665,31,28,52,-1,-1,-1,-1
253,0,665,31,28,52,-1,-1,-1,-1
254,0,665,31,29,52,-1,-1,-1,-1
255,0,665,31,28,53,-1,-1,-1,-1
256,0,665,31,28,52,-1,-1,-1,-1
257,0,664,32,29,52,-1,-1,-1,-1
258,0,664,33,28,51,-1,-1,-1,-1
259,0,665,33,28,50,-1,-1,-1,-1
260,0,664,33,29,51,-1,-1,-1,-1
261,0,664,33,29,51,-1,-1,-1,-1
262,0,664,32,29,52,-1,-1,-1,-1
263,0,664,33,28,51,-1,-1,-1,-1
264,0,663,33,29,52,-1,-1,-1,-1
265,0,664,32,28,51,-1,-1,-1,-1
266,0,663,32,29,52,-1,-1,-1,-1
267,0,663,31,29,52,-1,-1,-1,-1
268,0,662,31,31,53,-1,-1,-1,-1
269,0,662,31,32,54,-1,-1,-1,-1
270,0,662,32,31,53,-1,-1,-1,-1
271,0,663,32,29,52,-1,-1,-1,-1
272,0,664,32,28,50,-1,-1,-1,-1
273,0,663,33,29,49,-1,-1,-1,-1
274,0,663,33,28,50,-1,-1,-1,-1
275,0,663,34,28,48,-1,-1,-1,-1
276,0,663,34,27,48,-1,-1,-1,-1
277,0,663,34,27,48,-1,-1,-1,-1
278,0,663,33,27,49,-1,-1,-1,-1
279,0,662,34,28,49,-1,-1,-1,-1
280,0,662,33,28,49,-1,-1,-1,-1
281,0,662,33,28,49,-1,-1,-1,-1
282,0,662,34,28,47,-1,-1,-1,-1
283,0,663,33,27,49,-1,-1,-1,-1
284,0,662,33,28,48,-1,-1,-1,-1
285,0,663,33,27,48,-1,-1,-1,-1
286,0,662,34,28,49,-1,-1,-1,-1
287,0,663,33,26,49,-1,-1,-1,-1
288,0,663,33,26,49,-1,-1,-1,-1
289,0,663,34,27,49,-1,-1,-1,-1
290,0,663,34,27,49,-1,-1,-1,-1
291,0,663,34,27,48,-1,-1,-1,-1
292,0,663,34,27,48,-1,-1,-1,-1
293,0,663,34,26,48,-1,-1,-1,-1
294,0,663,35,27,50,-1,-1,-1,-1
295,0,663,35,27,47,-1,-1,-1,-1
296,0,663,35,26,48,-1,-1,-1,-1
297,0,663,35,26,47,-1,-1,-1,-1
298,0,663,35,26,47,-1,-1,-1,-1
299,0,663,35,26,47,-1,-1,-1,-1
300,0,662,35,27,48,-1,-1,-1,-1
301,0,663,35,26,48,-1,-1,-1,-1
302,0,663,35,26,47,-1,-1,-1,-1
303,0,663,34,26,48,-1,-1,-1,-1
304,0,662,35,26,48,-1,-1,-1,-1
305,0,661,35,27,48,-1,-1,-1,-1
306,0,661,35,27,49,-1,-1,-1,-1
307,0,661,36,26,49,-1,-1,-1,-1
308,0,660,36,27,49,-1,-1,-1,-1
309,0,660,35,28,50,-1,-1,-1,-1
310,0,660,36,28,50,-1,-1,-1,-1
311,0,660,37,28,49,-1,-1,-1,-1
312,0,660,36,27,50,-1,-1,-1,-1
313,0,660,38,28,48,-1,-1,-1,-1
314,0,660,38,28,48,-1,-1,-1,-1
315,0,660,38,28,48,-1,-1,-1,-1
316,0,660,38,28,49,-1,-1,-1,-1
317,0,660,38,28,49,-1,-1,-1,-1
318,0,659,38,29,48,-1,-1,-1,-1
319,0,659,38,28,49,-1,-1,-1,-1
320,0,660,39,28,49,-1,-1,-1,-1
249,11,1244,52,33,63,-1,-1,-1,-1
250,11,1247,58,31,57,-1,-1,-1,-1
251,11,1247,76,35,70,-1,-1,-1,-1
252,11,1249,78,33,65,-1,-1,-1,-1
253,11,1250,80,32,64,-1,-1,-1,-1
254,11,1251,70,33,70,-1,-1,-1,-1
255,11,1250,75,34,72,-1,-1,-1,-1
256,11,1251,76,34,72,-1,-1,-1,-1
257,11,1251,70,36,78,-1,-1,-1,-1
258,11,1251,78,36,72,-1,-1,-1,-1
259,11,1252,81,36,69,-1,-1,-1,-1
260,11,1253,81,35,70,-1,-1,-1,-1
261,11,1254,81,35,70,-1,-1,-1,-1
262,11,1257,83,35,69,-1,-1,-1,-1
263,11,1257,84,36,68,-1,-1,-1,-1
264,11,1259,85,36,65,-1,-1,-1,-1
265,11,1260,84,35,66,-1,-1,-1,-1
266,11,1261,85,35,64,-1,-1,-1,-1
267,11,1262,84,35,65,-1,-1,-1,-1
268,11,1262,82,36,67,-1,-1,-1,-1
269,11,1262,83,36,67,-1,-1,-1,-1
270,11,1264,88,35,63,-1,-1,-1,-1
271,11,1265,91,34,61,-1,-1,-1,-1
272,11,1265,91,34,61,-1,-1,-1,-1
273,11,1266,90,34,62,-1,-1,-1,-1
274,11,1268,89,34,63,-1,-1,-1,-1
275,11,1268,87,35,66,-1,-1,-1,-1
276,11,1268,86,36,69,-1,-1,-1,-1
277,11,1271,86,35,66,-1,-1,-1,-1
278,11,1273,88,35,66,-1,-1,-1,-1
279,11,1274,90,35,65,-1,-1,-1,-1
280,11,1275,90,35,66,-1,-1,-1,-1
281,11,1275,89,35,68,-1,-1,-1,-1
282,11,1275,89,36,68,-1,-1,-1,-1
283,11,1276,88,35,71,-1,-1,-1,-1
284,11,1277,90,34,68,-1,-1,-1,-1
285,11,1276,89,36,70,-1,-1,-1,-1
286,11,1278,90,35,68,-1,-1,-1,-1
287,11,1279,90,35,68,-1,-1,-1,-1
288,11,1281,90,34,68,-1,-1,-1,-1
289,11,1282,91,34,67,-1,-1,-1,-1
290,11,1283,93,34,65,-1,-1,-1,-1
291,11,1285,95,33,64,-1,-1,-1,-1
292,11,1286,95,34,64,-1,-1,-1,-1
293,11,1287,96,34,64,-1,-1,-1,-1
294,11,1287,96,35,65,-1,-1,-1,-1
295,11,1289,98,33,64,-1,-1,-1,-1
296,11,1290,99,32,63,-1,-1,-1,-1
297,11,1291,99,32,63,-1,-1,-1,-1
298,11,1291,103,31,60,-1,-1,-1,-1
299,11,1292,104,31,59,-1,-1,-1,-1
300,11,1292,103,32,61,-1,-1,-1,-1
301,11,1293,105,32,60,-1,-1,-1,-1
302,11,1294,104,31,60,-1,-1,-1,-1
303,11,1295,103,33,60,-1,-1,-1,-1
304,11,1296,103,32,61,-1,-1,-1,-1
305,11,1296,103,33,62,-1,-1,-1,-1
306,11,1298,103,36,63,-1,-1,-1,-1
307,11,1296,102,34,65,-1,-1,-1,-1
308,11,1298,103,36,64,-1,-1,-1,-1
309,11,1297,102,34,64,-1,-1,-1,-1
310,11,1298,101,34,67,-1,-1,-1,-1
311,11,1300,103,33,66,-1,-1,-1,-1
312,11,1303,104,30,62,-1,-1,-1,-1
313,11,1304,106,30,62,-1,-1,-1,-1
314,11,1304,107,32,61,-1,-1,-1,-1
315,11,1307,107,29,58,-1,-1,-1,-1
316,11,1305,107,33,64,-1,-1,-1,-1
317,11,1305,107,33,65,-1,-1,-1,-1
318,11,1306,107,33,66,-1,-1,-1,-1
319,11,1307,106,34,65,-1,-1,-1,-1
320,11,1307,107,34,64,-1,-1,-1,-1
321,11,1307,107,34,65,-1,-1,-1,-1
322,11,1308,107,35,65,-1,-1,-1,-1
323,11,1310,108,34,64,-1,-1,-1,-1
324,11,1311,108,33,63,-1,-1,-1,-1
325,11,1310,109,35,64,-1,-1,-1,-1
326,11,1311,109,36,65,-1,-1,-1,-1
327,11,1311,109,35,65,-1,-1,-1,-1
328,11,1313,110,33,64,-1,-1,-1,-1
329,11,1314,109,34,67,-1,-1,-1,-1
330,11,1316,109,35,69,-1,-1,-1,-1
331,11,1319,113,34,66,-1,-1,-1,-1
332,11,1320,113,32,66,-1,-1,-1,-1
333,11,1321,113,33,65,-1,-1,-1,-1
334,11,1321,113,32,65,-1,-1,-1,-1
335,11,1321,115,32,64,-1,-1,-1,-1
336,11,1322,114,33,65,-1,-1,-1,-1
337,11,1323,114,33,65,-1,-1,-1,-1
338,11,1323,113,34,68,-1,-1,-1,-1
339,11,1327,114,32,63,-1,-1,-1,-1
340,11,1326,115,34,64,-1,-1,-1,-1
341,11,1327,114,34,66,-1,-1,-1,-1
342,11,1329,113,34,66,-1,-1,-1,-1
343,11,1329,113,35,68,-1,-1,-1,-1
344,11,1331,112,35,69,-1,-1,-1,-1
345,11,1331,114,35,68,-1,-1,-1,-1
346,11,1332,114,34,68,-1,-1,-1,-1
347,11,1332,115,34,69,-1,-1,-1,-1
348,11,1333,117,34,68,-1,-1,-1,-1
349,11,1334,115,35,71,-1,-1,-1,-1
350,11,1335,115,36,72,-1,-1,-1,-1
351,11,1336,115,35,72,-1,-1,-1,-1
352,11,1336,115,35,73,-1,-1,-1,-1
353,11,1339,120,32,66,-1,-1,-1,-1
354,11,1340,118,33,70,-1,-1,-1,-1
355,11,1341,117,36,72,-1,-1,-1,-1
356,11,1341,117,37,74,-1,-1,-1,-1
357,11,1342,117,37,75,-1,-1,-1,-1
358,11,1343,121,36,71,-1,-1,-1,-1
359,11,1344,121,35,68,-1,-1,-1,-1
360,11,1347,124,32,64,-1,-1,-1,-1
361,11,1348,125,32,65,-1,-1,-1,-1
362,11,1349,127,31,65,-1,-1,-1,-1
363,11,1350,126,33,65,-1,-1,-1,-1
364,11,1351,127,31,64,-1,-1,-1,-1
365,11,1353,125,33,66,-1,-1,-1,-1
366,11,1353,124,34,65,-1,-1,-1,-1
367,11,1355,123,34,67,-1,-1,-1,-1
368,11,1355,126,34,65,-1,-1,-1,-1
369,11,1355,126,35,67,-1,-1,-1,-1
370,11,1356,127,35,67,-1,-1,-1,-1
371,11,1357,125,36,71,-1,-1,-1,-1
372,11,1357,123,39,73,-1,-1,-1,-1
373,11,1358,124,40,75,-1,-1,-1,-1
374,11,1358,122,41,77,-1,-1,-1,-1
375,11,1361,124,41,78,-1,-1,-1,-1
212,6,891,36,22,45,-1,-1,-1,-1
213,6,891,36,22,43,-1,-1,-1,-1
214,6,890,36,23,45,-1,-1,-1,-1
215,6,892,37,22,43,-1,-1,-1,-1
216,6,892,37,21,43,-1,-1,-1,-1
217,6,891,37,22,43,-1,-1,-1,-1
218,6,892,37,21,42,-1,-1,-1,-1
219,6,893,37,20,42,-1,-1,-1,-1
220,6,892,37,20,45,-1,-1,-1,-1
221,6,892,38,21,46,-1,-1,-1,-1
222,6,892,39,20,45,-1,-1,-1,-1
223,6,891,40,21,47,-1,-1,-1,-1
224,6,892,39,21,46,-1,-1,-1,-1
225,6,894,38,20,43,-1,-1,-1,-1
226,6,894,38,20,44,-1,-1,-1,-1
227,6,894,38,21,46,-1,-1,-1,-1
228,6,894,38,21,44,-1,-1,-1,-1
229,6,895,38,20,43,-1,-1,-1,-1
230,6,895,37,20,43,-1,-1,-1,-1
231,6,894,38,22,44,-1,-1,-1,-1
232,6,895,39,22,43,-1,-1,-1,-1
233,6,897,38,21,44,-1,-1,-1,-1
234,6,899,38,19,42,-1,-1,-1,-1
235,6,898,39,20,45,-1,-1,-1,-1
236,6,898,39,21,47,-1,-1,-1,-1
237,6,898,40,22,46,-1,-1,-1,-1
238,6,899,41,22,48,-1,-1,-1,-1
239,6,900,41,24,49,-1,-1,-1,-1
240,6,902,42,22,46,-1,-1,-1,-1
241,6,902,42,23,47,-1,-1,-1,-1
242,6,902,41,25,49,-1,-1,-1,-1
243,6,903,40,26,51,-1,-1,-1,-1
244,6,903,40,26,52,-1,-1,-1,-1
245,6,904,40,26,52,-1,-1,-1,-1
246,6,904,39,28,56,-1,-1,-1,-1
247,6,905,40,27,56,-1,-1,-1,-1
248,6,906,40,29,52,-1,-1,-1,-1
249,6,907,42,29,50,-1,-1,-1,-1
250,6,907,42,30,49,-1,-1,-1,-1
251,6,906,41,32,54,-1,-1,-1,-1
252,6,908,41,31,52,-1,-1,-1,-1
253,6,910,42,30,51,-1,-1,-1,-1
254,6,910,43,29,51,-1,-1,-1,-1
255,6,911,42,29,53,-1,-1,-1,-1
256,6,912,42,28,52,-1,-1,-1,-1
257,6,914,41,29,53,-1,-1,-1,-1
258,6,915,41,29,54,-1,-1,-1,-1
259,6,916,41,30,53,-1,-1,-1,-1
260,6,915,41,32,54,-1,-1,-1,-1
261,6,917,44,29,50,-1,-1,-1,-1
262,6,917,45,28,50,-1,-1,-1,-1
263,6,918,47,28,49,-1,-1,-1,-1
264,6,921,49,26,49,-1,-1,-1,-1
265,6,921,50,26,49,-1,-1,-1,-1
266,6,921,47,28,52,-1,-1,-1,-1
267,6,925,48,28,50,-1,-1,-1,-1
268,6,926,48,30,51,-1,-1,-1,-1
269,6,926,49,31,51,-1,-1,-1,-1
270,6,927,44,33,55,-1,-1,-1,-1
271,6,928,46,32,54,-1,-1,-1,-1
272,6,928,46,33,55,-1,-1,-1,-1
273,6,929,46,33,55,-1,-1,-1,-1
274,6,931,45,32,56,-1,-1,-1,-1
275,6,935,47,29,54,-1,-1,-1,-1
276,6,936,48,29,53,-1,-1,-1,-1
277,6,936,49,32,56,-1,-1,-1,-1
278,6,938,53,31,53,-1,-1,-1,-1
279,6,938,56,31,50,-1,-1,-1,-1
280,6,940,56,29,49,-1,-1,-1,-1
281,6,942,56,28,49,-1,-1,-1,-1
282,6,945,56,28,47,-1,-1,-1,-1
283,6,947,56,28,46,-1,-1,-1,-1
284,6,948,57,29,47,-1,-1,-1,-1
285,6,951,59,27,47,-1,-1,-1,-1
286,6,952,58,27,47,-1,-1,-1,-1
287,6,951,59,30,47,-1,-1,-1,-1
288,6,953,60,31,46,-1,-1,-1,-1
289,6,956,59,28,46,-1,-1,-1,-1
290,6,960,58,24,45,-1,-1,-1,-1
291,6,961,58,27,46,-1,-1,-1,-1
292,6,965,57,29,47,-1,-1,-1,-1
293,6,968,55,29,50,-1,-1,-1,-1
294,6,968,55,38,55,-1,-1,-1,-1
295,6,970,55,35,56,-1,-1,-1,-1
296,6,974,58,30,49,-1,-1,-1,-1
297,6,973,59,31,53,-1,-1,-1,-1
298,6,979,61,28,52,-1,-1,-1,-1
299,6,981,60,28,54,-1,-1,-1,-1
300,6,983,60,29,55,-1,-1,-1,-1
301,6,983,60,32,57,-1,-1,-1,-1
302,6,984,60,33,58,-1,-1,-1,-1
303,6,986,60,34,58,-1,-1,-1,-1
304,6,988,60,34,59,-1,-1,-1,-1
305,6,989,61,34,59,-1,-1,-1,-1
306,6,991,61,34,58,-1,-1,-1,-1
307,6,992,60,36,61,-1,-1,-1,-1
308,6,996,64,34,57,-1,-1,-1,-1
309,6,999,64,33,57,-1,-1,-1,-1
310,6,1000,64,33,59,-1,-1,-1,-1
311,6,1000,63,36,59,-1,-1,-1,-1
312,6,1001,63,35,58,-1,-1,-1,-1
313,6,1004,65,35,56,-1,-1,-1,-1
314,6,1005,64,35,56,-1,-1,-1,-1
315,6,1006,63,36,58,-1,-1,-1,-1
316,6,1008,63,37,58,-1,-1,-1,-1
317,6,1011,64,35,58,-1,-1,-1,-1
318,6,1013,64,35,57,-1,-1,-1,-1
319,6,1016,63,35,60,-1,-1,-1,-1
320,6,1018,65,36,63,-1,-1,-1,-1
321,6,1022,72,33,56,-1,-1,-1,-1
322,6,1024,73,32,54,-1,-1,-1,-1
323,6,1027,75,30,53,-1,-1,-1,-1
324,6,1030,75,30,53,-1,-1,-1,-1
325,6,1032,74,31,54,-1,-1,-1,-1
326,6,1035,77,29,50,-1,-1,-1,-1
327,6,1035,71,35,56,-1,-1,-1,-1
328,6,1039,68,35,58,-1,-1,-1,-1
329,6,1040,68,34,59,-1,-1,-1,-1
330,6,1042,65,35,64,-1,-1,-1,-1
331,6,1044,64,36,64,-1,-1,-1,-1
332,6,1045,64,35,64,-1,-1,-1,-1
333,6,1045,64,36,65,-1,-1,-1,-1
334,6,1048,67,36,64,-1,-1,-1,-1
335,6,1055,68,34,61,-1,-1,-1,-1
336,6,1055,67,35,63,-1,-1,-1,-1
337,6,1061,73,32,59,-1,-1,-1,-1
338,6,1062,75,32,57,-1,-1,-1,-1
339,6,1061,75,33,61,-1,-1,-1,-1
340,6,1061,76,33,57,-1,-1,-1,-1
341,6,1066,79,30,52,-1,-1,-1,-1
342,6,1067,81,29,52,-1,-1,-1,-1
343,6,1069,81,31,52,-1,-1,-1,-1
344,6,1074,82,30,51,-1,-1,-1,-1
345,6,1077,80,32,56,-1,-1,-1,-1
346,6,1076,79,33,59,-1,-1,-1,-1
347,6,1082,81,34,61,-1,-1,-1,-1
348,6,1081,81,35,64,-1,-1,-1,-1
349,6,1082,79,35,63,-1,-1,-1,-1
350,6,1084,79,34,62,-1,-1,-1,-1
351,6,1085,77,35,63,-1,-1,-1,-1
352,6,1088,82,33,57,-1,-1,-1,-1
353,6,1090,84,33,55,-1,-1,-1,-1
354,6,1090,83,33,58,-1,-1,-1,-1
355,6,1091,77,35,65,-1,-1,-1,-1
356,6,1091,74,36,68,-1,-1,-1,-1
357,6,1092,74,37,68,-1,-1,-1,-1
358,6,1096,81,37,63,-1,-1,-1,-1
359,6,1097,75,38,70,-1,-1,-1,-1
360,6,1104,79,35,64,-1,-1,-1,-1
361,6,1109,83,32,56,-1,-1,-1,-1
362,6,1113,83,31,58,-1,-1,-1,-1
363,6,1114,80,35,66,-1,-1,-1,-1
364,6,1119,82,33,63,-1,-1,-1,-1
365,6,1120,83,34,64,-1,-1,-1,-1
366,6,1123,84,35,64,-1,-1,-1,-1
367,6,1124,85,36,64,-1,-1,-1,-1
368,6,1126,85,36,65,-1,-1,-1,-1
369,6,1126,82,39,68,-1,-1,-1,-1
370,6,1130,86,37,64,-1,-1,-1,-1
371,6,1133,83,36,70,-1,-1,-1,-1
372,6,1136,86,36,67,-1,-1,-1,-1
373,6,1137,78,38,75,-1,-1,-1,-1
374,6,1137,78,39,73,-1,-1,-1,-1
375,6,1143,74,39,75,-1,-1,-1,-1
376,6,1149,81,33,61,-1,-1,-1,-1
377,6,1148,80,40,74,-1,-1,-1,-1
378,6,1150,81,40,73,-1,-1,-1,-1
379,6,1151,81,41,75,-1,-1,-1,-1
380,6,1154,83,46,85,-1,-1,-1,-1
381,6,1159,83,42,87,-1,-1,-1,-1
382,6,1161,90,39,78,-1,-1,-1,-1
383,6,1164,90,42,86,-1,-1,-1,-1
394,13,638,49,21,46,-1,-1,-1,-1
395,13,638,50,20,45,-1,-1,-1,-1
396,13,637,50,20,45,-1,-1,-1,-1
397,13,634,50,21,45,-1,-1,-1,-1
385,14,1172,96,37,78,-1,-1,-1,-1
386,14,1173,100,39,79,-1,-1,-1,-1
387,14,1173,102,40,77,-1,-1,-1,-1
388,14,1173,98,40,82,-1,-1,-1,-1
389,14,1173,94,43,85,-1,-1,-1,-1
390,14,1181,100,39,77,-1,-1,-1,-1
391,14,1185,102,35,63,-1,-1,-1,-1
392,14,1186,98,37,68,-1,-1,-1,-1
393,14,1186,96,39,73,-1,-1,-1,-1
394,14,1191,98,39,71,-1,-1,-1,-1
395,14,1193,99,38,72,-1,-1,-1,-1
396,14,1195,100,37,71,-1,-1,-1,-1
397,14,1199,101,36,68,-1,-1,-1,-1
398,14,1202,105,35,63,-1,-1,-1,-1
399,14,1205,104,35,66,-1,-1,-1,-1
400,14,1209,105,33,63,-1,-1,-1,-1
401,14,1209,106,33,64,-1,-1,-1,-1
402,14,1209,106,35,66,-1,-1,-1,-1
403,14,1211,108,34,66,-1,-1,-1,-1
404,14,1214,107,36,64,-1,-1,-1,-1
405,14,1217,108,35,61,-1,-1,-1,-1
406,14,1217,107,38,63,-1,-1,-1,-1
407,14,1219,109,38,63,-1,-1,-1,-1
408,14,1224,109,36,60,-1,-1,-1,-1
409,14,1226,107,36,64,-1,-1,-1,-1
410,14,1228,109,36,64,-1,-1,-1,-1
411,14,1231,108,37,67,-1,-1,-1,-1
412,14,1232,108,38,68,-1,-1,-1,-1
413,14,1234,109,37,68,-1,-1,-1,-1
414,14,1238,110,36,63,-1,-1,-1,-1
415,14,1240,109,38,67,-1,-1,-1,-1
416,14,1243,111,37,65,-1,-1,-1,-1
417,14,1243,111,38,66,-1,-1,-1,-1
418,14,1246,111,36,66,-1,-1,-1,-1
419,14,1249,111,35,65,-1,-1,-1,-1
420,14,1252,112,36,66,-1,-1,-1,-1
421,14,1254,113,36,68,-1,-1,-1,-1
422,14,1256,111,35,69,-1,-1,-1,-1
423,14,1259,111,34,69,-1,-1,-1,-1
424,14,1261,111,36,66,-1,-1,-1,-1
425,14,1265,114,34,64,-1,-1,-1,-1
426,14,1267,112,34,69,-1,-1,-1,-1
427,14,1270,114,34,67,-1,-1,-1,-1
428,14,1271,114,37,66,-1,-1,-1,-1
429,14,1274,114,36,70,-1,-1,-1,-1
430,14,1276,114,40,71,-1,-1,-1,-1
431,14,1276,115,40,71,-1,-1,-1,-1
432,14,1279,115,40,72,-1,-1,-1,-1
433,14,1282,114,39,75,-1,-1,-1,-1
434,14,1284,116,39,75,-1,-1,-1,-1
435,14,1287,118,37,75,-1,-1,-1,-1
436,14,1288,119,37,73,-1,-1,-1,-1
437,14,1291,119,37,73,-1,-1,-1,-1
438,14,1293,120,37,71,-1,-1,-1,-1
439,14,1297,121,37,70,-1,-1,-1,-1
440,14,1298,119,39,73,-1,-1,-1,-1
441,14,1298,117,40,77,-1,-1,-1,-1
442,14,1301,118,38,76,-1,-1,-1,-1
443,14,1303,123,37,71,-1,-1,-1,-1
444,14,1306,124,38,71,-1,-1,-1,-1
445,14,1307,122,40,74,-1,-1,-1,-1
446,14,1309,122,40,75,-1,-1,-1,-1
447,14,1311,122,40,75,-1,-1,-1,-1
448,14,1313,123,38,73,-1,-1,-1,-1
449,14,1317,123,39,76,-1,-1,-1,-1
450,14,1319,127,39,72,-1,-1,-1,-1
451,14,1320,125,40,78,-1,-1,-1,-1
452,14,1323,128,38,75,-1,-1,-1,-1
453,14,1326,127,39,74,-1,-1,-1,-1
454,14,1329,127,38,76,-1,-1,-1,-1
455,14,1331,127,38,75,-1,-1,-1,-1
456,14,1332,130,39,73,-1,-1,-1,-1
457,14,1335,131,39,73,-1,-1,-1,-1
458,14,1338,129,39,71,-1,-1,-1,-1
459,14,1340,129,41,77,-1,-1,-1,-1
460,14,1343,131,40,74,-1,-1,-1,-1
461,14,1347,132,37,73,-1,-1,-1,-1
462,14,1350,131,39,77,-1,-1,-1,-1
463,14,1352,130,41,76,-1,-1,-1,-1
464,14,1353,129,41,80,-1,-1,-1,-1
465,14,1355,129,41,80,-1,-1,-1,-1
466,14,1358,132,39,77,-1,-1,-1,-1
467,14,1362,136,38,73,-1,-1,-1,-1
365,15,652,50,23,45,-1,-1,-1,-1
366,15,653,49,22,44,-1,-1,-1,-1
367,15,651,48,23,43,-1,-1,-1,-1
368,15,651,48,23,43,-1,-1,-1,-1
369,15,651,47,24,44,-1,-1,-1,-1
370,15,651,47,24,44,-1,-1,-1,-1
371,15,650,47,25,45,-1,-1,-1,-1
372,15,651,47,25,45,-1,-1,-1,-1
373,15,653,48,24,47,-1,-1,-1,-1
374,15,653,48,24,47,-1,-1,-1,-1
375,15,654,49,23,47,-1,-1,-1,-1
376,15,654,49,23,47,-1,-1,-1,-1
377,15,653,48,23,47,-1,-1,-1,-1
378,15,652,48,24,48,-1,-1,-1,-1
379,15,651,48,24,48,-1,-1,-1,-1
380,15,650,48,25,47,-1,-1,-1,-1
381,15,650,48,23,45,-1,-1,-1,-1
382,15,649,48,24,45,-1,-1,-1,-1
383,15,648,47,26,46,-1,-1,-1,-1
384,15,648,46,26,47,-1,-1,-1,-1
385,15,648,47,25,46,-1,-1,-1,-1
386,15,648,46,24,47,-1,-1,-1,-1
387,15,648,46,23,47,-1,-1,-1,-1
388,15,648,46,23,47,-1,-1,-1,-1
389,15,648,46,23,48,-1,-1,-1,-1
390,15,648,46,22,46,-1,-1,-1,-1
391,15,648,47,24,48,-1,-1,-1,-1
392,15,647,47,24,47,-1,-1,-1,-1
393,15,647,47,23,46,-1,-1,-1,-1
394,15,647,47,22,46,-1,-1,-1,-1
395,15,647,48,23,46,-1,-1,-1,-1
396,15,646,48,23,46,-1,-1,-1,-1
397,15,645,49,23,46,-1,-1,-1,-1
398,15,645,49,22,45,-1,-1,-1,-1
399,15,645,49,23,45,-1,-1,-1,-1
400,15,646,51,22,45,-1,-1,-1,-1
401,15,643,49,24,45,-1,-1,-1,-1
402,15,643,49,24,46,-1,-1,-1,-1
403,15,643,49,23,45,-1,-1,-1,-1
404,15,641,49,25,49,-1,-1,-1,-1
405,15,639,48,26,51,-1,-1,-1,-1
406,15,638,49,26,49,-1,-1,-1,-1
407,15,637,47,26,51,-1,-1,-1,-1
408,15,637,48,25,49,-1,-1,-1,-1
409,15,636,48,26,49,-1,-1,-1,-1
410,15,635,48,27,49,-1,-1,-1,-1
411,15,635,48,27,51,-1,-1,-1,-1
412,15,634,48,27,51,-1,-1,-1,-1
413,15,635,49,25,50,-1,-1,-1,-1
414,15,634,48,27,51,-1,-1,-1,-1
415,15,635,49,25,51,-1,-1,-1,-1
416,15,635,51,26,52,-1,-1,-1,-1
417,15,632,49,28,53,-1,-1,-1,-1
418,15,631,49,28,51,-1,-1,-1,-1
419,15,630,47,29,51,-1,-1,-1,-1
420,15,629,47,29,51,-1,-1,-1,-1
421,15,629,48,28,48,-1,-1,-1,-1
422,15,628,48,29,50,-1,-1,-1,-1
423,15,628,48,28,50,-1,-1,-1,-1
424,15,627,49,28,49,-1,-1,-1,-1
425,15,627,50,27,48,-1,-1,-1,-1
426,15,626,50,29,49,-1,-1,-1,-1
427,15,625,49,30,50,-1,-1,-1,-1
428,15,625,50,29,49,-1,-1,-1,-1
429,15,625,49,28,49,-1,-1,-1,-1
430,15,625,50,27,48,-1,-1,-1,-1
431,15,624,50,28,49,-1,-1,-1,-1
432,15,624,50,27,49,-1,-1,-1,-1
433,15,623,49,27,49,-1,-1,-1,-1
434,15,622,48,27,50,-1,-1,-1,-1
435,15,620,48,28,50,-1,-1,-1,-1
436,15,615,46,30,51,-1,-1,-1,-1
437,15,613,45,30,53,-1,-1,-1,-1
438,15,613,46,28,53,-1,-1,-1,-1
439,15,611,44,30,56,-1,-1,-1,-1
440,15,611,45,30,55,-1,-1,-1,-1
441,15,610,43,30,57,-1,-1,-1,-1
442,15,609,43,32,57,-1,-1,-1,-1
443,15,609,42,31,58,-1,-1,-1,-1
444,15,609,43,31,57,-1,-1,-1,-1
445,15,608,44,32,57,-1,-1,-1,-1
446,15,607,44,32,58,-1,-1,-1,-1
447,15,607,46,32,56,-1,-1,-1,-1
448,15,606,45,32,56,-1,-1,-1,-1
449,15,607,46,31,55,-1,-1,-1,-1
450,15,606,47,32,54,-1,-1,-1,-1
451,15,606,47,32,53,-1,-1,-1,-1
452,15,606,47,31,53,-1,-1,-1,-1
453,15,606,48,30,53,-1,-1,-1,-1
454,15,606,51,29,49,-1,-1,-1,-1
455,15,606,51,29,49,-1,-1,-1,-1
456,15,605,50,29,51,-1,-1,-1,-1
457,15,604,50,29,50,-1,-1,-1,-1
458,15,604,50,29,50,-1,-1,-1,-1
459,15,603,50,29,51,-1,-1,-1,-1
460,15,602,51,29,50,-1,-1,-1,-1
461,15,603,53,25,47,-1,-1,-1,-1
462,15,602,54,25,46,-1,-1,-1,-1
463,15,601,53,26,47,-1,-1,-1,-1
464,15,601,54,25,46,-1,-1,-1,-1
465,15,600,55,23,45,-1,-1,-1,-1
466,15,598,54,25,46,-1,-1,-1,-1
467,15,594,51,28,49,-1,-1,-1,-1
468,15,601,53,24,46,-1,-1,-1,-1
469,15,595,54,26,46,-1,-1,-1,-1
470,15,596,52,26,45,-1,-1,-1,-1
471,15,594,52,27,45,-1,-1,-1,-1
469,16,1372,150,35,61,-1,-1,-1,-1
470,16,1375,148,34,63,-1,-1,-1,-1
471,16,1377,144,34,63,-1,-1,-1,-1
414,17,1455,152,40,74,-1,-1,-1,-1
415,17,1456,153,39,74,-1,-1,-1,-1
416,17,1460,154,39,75,-1,-1,-1,-1
417,17,1460,154,40,75,-1,-1,-1,-1
418,17,1464,155,39,74,-1,-1,-1,-1
419,17,1465,154,41,75,-1,-1,-1,-1
420,17,1469,159,37,70,-1,-1,-1,-1
421,17,1473,159,38,72,-1,-1,-1,-1
422,17,1477,162,34,69,-1,-1,-1,-1
423,17,1479,157,40,75,-1,-1,-1,-1
424,17,1481,159,39,73,-1,-1,-1,-1
425,17,1486,164,39,69,-1,-1,-1,-1
426,17,1491,171,37,61,-1,-1,-1,-1
427,17,1497,170,36,64,-1,-1,-1,-1
428,17,1502,168,35,67,-1,-1,-1,-1
429,17,1501,169,36,66,-1,-1,-1,-1
430,17,1505,170,36,69,-1,-1,-1,-1
431,17,1507,169,39,70,-1,-1,-1,-1
432,17,1511,170,40,67,-1,-1,-1,-1
433,17,1516,168,40,71,-1,-1,-1,-1
434,17,1520,169,41,72,-1,-1,-1,-1
435,17,1523,170,42,72,-1,-1,-1,-1
436,17,1523,174,42,71,-1,-1,-1,-1
437,17,1531,171,38,73,-1,-1,-1,-1
438,17,1534,170,41,74,-1,-1,-1,-1
439,17,1536,173,42,73,-1,-1,-1,-1
440,17,1537,172,46,77,-1,-1,-1,-1
441,17,1539,171,49,79,-1,-1,-1,-1
442,17,1544,170,44,80,-1,-1,-1,-1
443,17,1550,173,43,73,-1,-1,-1,-1
444,17,1553,174,44,73,-1,-1,-1,-1
445,17,1554,167,44,85,-1,-1,-1,-1
446,17,1559,169,44,83,-1,-1,-1,-1
447,17,1564,180,41,71,-1,-1,-1,-1
448,17,1568,185,38,68,-1,-1,-1,-1
449,17,1573,183,37,71,-1,-1,-1,-1
450,17,1575,186,36,68,-1,-1,-1,-1
451,17,1576,188,40,69,-1,-1,-1,-1
452,17,1585,194,35,63,-1,-1,-1,-1
453,17,1588,192,36,66,-1,-1,-1,-1
454,17,1592,192,34,68,-1,-1,-1,-1
455,17,1597,191,36,74,-1,-1,-1,-1
456,17,1597,192,35,72,-1,-1,-1,-1
457,17,1599,195,37,70,-1,-1,-1,-1
458,17,1602,194,42,70,-1,-1,-1,-1
459,17,1608,199,41,66,-1,-1,-1,-1
460,17,1609,196,42,72,-1,-1,-1,-1
461,17,1612,203,40,66,-1,-1,-1,-1
462,17,1611,204,41,67,-1,-1,-1,-1
463,17,1617,207,40,65,-1,-1,-1,-1
464,17,1619,202,42,70,-1,-1,-1,-1
465,17,1628,205,39,68,-1,-1,-1,-1
466,17,1630,209,39,65,-1,-1,-1,-1
467,17,1634,214,34,59,-1,-1,-1,-1
468,17,1638,219,30,55,-1,-1,-1,-1
469,17,1645,217,34,61,-1,-1,-1,-1
470,17,1652,218,35,60,-1,-1,-1,-1
471,17,1655,218,36,60,-1,-1,-1,-1
472,17,1662,222,35,58,-1,-1,-1,-1
473,17,1664,222,34,60,-1,-1,-1,-1
474,17,1666,222,37,63,-1,-1,-1,-1
475,17,1675,227,35,57,-1,-1,-1,-1
476,17,1675,229,38,58,-1,-1,-1,-1
477,17,1684,232,31,56,-1,-1,-1,-1
478,17,1682,229,38,60,-1,-1,-1,-1
479,17,1688,231,37,62,-1,-1,-1,-1
480,17,1693,231,38,60,-1,-1,-1,-1
481,17,1697,231,40,62,-1,-1,-1,-1
482,17,1702,233,40,63,-1,-1,-1,-1
483,17,1704,233,37,61,-1,-1,-1,-1
484,17,1709,235,39,62,-1,-1,-1,-1
485,17,1715,234,41,66,-1,-1,-1,-1
486,17,1718,238,38,61,-1,-1,-1,-1
487,17,1719,241,38,60,-1,-1,-1,-1
488,17,1729,246,36,57,-1,-1,-1,-1
489,17,1735,250,33,55,-1,-1,-1,-1
490,17,1743,249,33,55,-1,-1,-1,-1
491,17,1744,248,34,55,-1,-1,-1,-1
492,17,1742,249,36,56,-1,-1,-1,-1
493,17,1750,252,33,54,-1,-1,-1,-1
494,17,1740,253,34,53,-1,-1,-1,-1
495,17,1752,254,36,55,-1,-1,-1,-1
496,17,1753,252,36,55,-1,-1,-1,-1
497,17,1760,255,43,55,-1,-1,-1,-1
498,17,1766,256,38,54,-1,-1,-1,-1
499,17,1778,256,39,61,-1,-1,-1,-1
486,18,581,59,25,45,-1,-1,-1,-1
487,18,580,59,24,46,-1,-1,-1,-1
488,18,579,58,24,47,-1,-1,-1,-1
489,18,577,57,25,48,-1,-1,-1,-1
490,18,578,58,25,47,-1,-1,-1,-1
491,18,578,59,23,46,-1,-1,-1,-1
492,18,577,60,22,45,-1,-1,-1,-1
493,18,576,60,23,44,-1,-1,-1,-1
494,18,575,59,23,45,-1,-1,-1,-1
495,18,573,56,25,48,-1,-1,-1,-1
496,18,572,56,25,48,-1,-1,-1,-1
497,18,571,54,26,50,-1,-1,-1,-1
498,18,569,55,26,49,-1,-1,-1,-1
499,18,569,58,24,47,-1,-1,-1,-1
500,18,569,58,23,47,-1,-1,-1,-1
501,18,567,59,23,45,-1,-1,-1,-1
502,18,567,58,23,46,-1,-1,-1,-1
503,18,566,57,23,48,-1,-1,-1,-1
504,18,565,56,25,49,-1,-1,-1,-1
505,18,563,60,26,46,-1,-1,-1,-1
506,18,562,61,26,46,-1,-1,-1,-1
507,18,562,60,25,47,-1,-1,-1,-1
508,18,561,59,26,47,-1,-1,-1,-1
509,18,560,58,26,49,-1,-1,-1,-1
510,18,561,59,27,49,-1,-1,-1,-1
511,18,560,57,27,50,-1,-1,-1,-1
512,18,560,58,26,50,-1,-1,-1,-1
513,18,558,57,28,52,-1,-1,-1,-1
514,18,556,57,29,53,-1,-1,-1,-1
515,18,555,55,29,55,-1,-1,-1,-1
516,18,555,55,28,52,-1,-1,-1,-1
517,18,555,57,27,49,-1,-1,-1,-1
518,18,555,58,26,50,-1,-1,-1,-1
519,18,555,58,24,50,-1,-1,-1,-1
520,18,555,59,24,48,-1,-1,-1,-1
521,18,555,60,24,47,-1,-1,-1,-1
522,18,554,60,23,47,-1,-1,-1,-1
523,18,553,59,24,48,-1,-1,-1,-1
524,18,552,59,23,48,-1,-1,-1,-1
525,18,550,59,23,49,-1,-1,-1,-1
526,18,548,59,22,49,-1,-1,-1,-1
527,18,546,59,23,49,-1,-1,-1,-1
528,18,545,59,21,48,-1,-1,-1,-1
529,18,544,60,22,48,-1,-1,-1,-1
530,18,543,59,22,46,-1,-1,-1,-1
531,18,542,58,24,47,-1,-1,-1,-1
532,18,541,59,25,47,-1,-1,-1,-1
533,18,540,60,25,48,-1,-1,-1,-1
534,18,537,59,28,51,-1,-1,-1,-1
535,18,536,58,29,53,-1,-1,-1,-1
536,18,536,58,29,56,-1,-1,-1,-1
537,18,534,59,30,56,-1,-1,-1,-1
538,18,532,60,31,59,-1,-1,-1,-1
539,18,532,60,31,59,-1,-1,-1,-1
540,18,529,61,33,60,-1,-1,-1,-1
541,18,527,60,33,61,-1,-1,-1,-1
542,18,527,61,33,59,-1,-1,-1,-1
543,18,528,61,30,55,-1,-1,-1,-1
544,18,527,61,31,57,-1,-1,-1,-1
545,18,528,59,28,54,-1,-1,-1,-1
546,18,529,58,25,48,-1,-1,-1,-1
547,18,527,57,27,55,-1,-1,-1,-1
548,18,524,58,31,60,-1,-1,-1,-1
549,18,524,58,28,59,-1,-1,-1,-1
550,18,523,58,28,61,-1,-1,-1,-1
551,18,522,57,30,64,-1,-1,-1,-1
552,18,522,56,29,62,-1,-1,-1,-1
553,18,521,57,31,64,-1,-1,-1,-1
554,18,519,56,31,63,-1,-1,-1,-1
555,18,518,57,30,62,-1,-1,-1,-1
556,18,517,58,30,60,-1,-1,-1,-1
557,18,517,57,29,57,-1,-1,-1,-1
558,18,517,57,29,57,-1,-1,-1,-1
559,18,516,58,28,52,-1,-1,-1,-1
560,18,515,58,29,53,-1,-1,-1,-1
561,18,516,58,27,54,-1,-1,-1,-1
562,18,514,58,28,53,-1,-1,-1,-1
563,18,514,57,27,50,-1,-1,-1,-1
564,18,512,60,25,51,-1,-1,-1,-1
565,18,509,62,26,52,-1,-1,-1,-1
566,18,510,62,25,52,-1,-1,-1,-1
567,18,508,61,26,51,-1,-1,-1,-1
568,18,507,60,26,52,-1,-1,-1,-1
569,18,506,60,27,51,-1,-1,-1,-1
570,18,504,61,27,53,-1,-1,-1,-1
571,18,502,62,29,55,-1,-1,-1,-1
572,18,502,60,27,54,-1,-1,-1,-1
573,18,501,59,27,56,-1,-1,-1,-1
574,18,500,60,28,57,-1,-1,-1,-1
575,18,499,61,28,57,-1,-1,-1,-1
576,18,499,61,27,56,-1,-1,-1,-1
493,19,1441,171,30,57,-1,-1,-1,-1
494,19,1444,172,31,56,-1,-1,-1,-1
495,19,1447,167,31,59,-1,-1,-1,-1
496,19,1448,159,37,69,-1,-1,-1,-1
497,19,1449,160,37,70,-1,-1,-1,-1
498,19,1449,158,37,76,-1,-1,-1,-1
499,19,1453,162,35,70,-1,-1,-1,-1
500,19,1453,155,40,80,-1,-1,-1,-1
501,19,1455,159,37,75,-1,-1,-1,-1
502,19,1456,157,42,79,-1,-1,-1,-1
503,19,1460,156,41,80,-1,-1,-1,-1
504,19,1463,159,41,79,-1,-1,-1,-1
505,19,1466,157,42,79,-1,-1,-1,-1
506,19,1469,159,40,77,-1,-1,-1,-1
507,19,1473,162,38,74,-1,-1,-1,-1
508,19,1475,163,35,71,-1,-1,-1,-1
509,19,1474,160,38,77,-1,-1,-1,-1
510,19,1473,160,43,78,-1,-1,-1,-1
511,19,1478,165,42,77,-1,-1,-1,-1
512,19,1481,166,44,77,-1,-1,-1,-1
513,19,1485,171,44,75,-1,-1,-1,-1
514,19,1491,173,40,72,-1,-1,-1,-1
515,19,1491,173,42,72,-1,-1,-1,-1
516,19,1493,176,42,71,-1,-1,-1,-1
517,19,1497,177,41,69,-1,-1,-1,-1
518,19,1499,174,45,73,-1,-1,-1,-1
519,19,1502,174,44,73,-1,-1,-1,-1
520,19,1507,177,43,69,-1,-1,-1,-1
521,19,1512,177,46,72,-1,-1,-1,-1
522,19,1514,178,45,69,-1,-1,-1,-1
523,19,1517,182,42,63,-1,-1,-1,-1
524,19,1516,179,43,66,-1,-1,-1,-1
525,19,1518,181,43,66,-1,-1,-1,-1
526,19,1532,181,39,65,-1,-1,-1,-1
527,19,1538,185,35,62,-1,-1,-1,-1
528,19,1545,176,38,72,-1,-1,-1,-1
529,19,1543,185,40,66,-1,-1,-1,-1
530,19,1548,180,39,71,-1,-1,-1,-1
531,19,1551,182,39,69,-1,-1,-1,-1
532,19,1558,183,37,66,-1,-1,-1,-1
533,19,1557,180,39,68,-1,-1,-1,-1
534,19,1561,187,37,65,-1,-1,-1,-1
535,19,1565,189,41,67,-1,-1,-1,-1
536,19,1569,189,39,66,-1,-1,-1,-1
537,19,1572,190,38,70,-1,-1,-1,-1
538,19,1576,191,35,70,-1,-1,-1,-1
539,19,1578,194,36,68,-1,-1,-1,-1
540,19,1582,193,35,66,-1,-1,-1,-1
541,19,1591,189,38,72,-1,-1,-1,-1
542,19,1592,190,37,72,-1,-1,-1,-1
543,19,1593,191,38,74,-1,-1,-1,-1
544,19,1595,191,39,74,-1,-1,-1,-1
545,19,1600,192,39,76,-1,-1,-1,-1
546,19,1603,193,38,76,-1,-1,-1,-1
547,19,1606,192,42,78,-1,-1,-1,-1
548,19,1609,190,45,82,-1,-1,-1,-1
549,19,1611,193,44,78,-1,-1,-1,-1
550,19,1614,195,45,78,-1,-1,-1,-1
551,19,1618,195,44,79,-1,-1,-1,-1
552,19,1624,200,40,74,-1,-1,-1,-1
553,19,1627,196,46,80,-1,-1,-1,-1
554,19,1631,198,45,80,-1,-1,-1,-1
555,19,1634,200,45,80,-1,-1,-1,-1
556,19,1636,200,46,80,-1,-1,-1,-1
557,19,1641,204,42,75,-1,-1,-1,-1
558,19,1644,205,43,76,-1,-1,-1,-1
559,19,1649,206,44,76,-1,-1,-1,-1
560,19,1653,207,41,76,-1,-1,-1,-1
561,19,1656,216,39,67,-1,-1,-1,-1
562,19,1657,215,41,69,-1,-1,-1,-1
563,19,1668,216,36,67,-1,-1,-1,-1
564,19,1671,215,39,73,-1,-1,-1,-1
565,19,1681,217,36,67,-1,-1,-1,-1
566,19,1681,217,38,72,-1,-1,-1,-1
567,19,1685,216,41,73,-1,-1,-1,-1
568,19,1689,217,39,75,-1,-1,-1,-1
569,19,1692,218,43,75,-1,-1,-1,-1
570,19,1700,219,40,73,-1,-1,-1,-1
571,19,1698,220,43,74,-1,-1,-1,-1
572,19,1696,217,48,79,-1,-1,-1,-1
573,19,1705,218,45,75,-1,-1,-1,-1
574,19,1709,218,45,80,-1,-1,-1,-1
575,19,1714,217,45,82,-1,-1,-1,-1
576,19,1718,218,44,80,-1,-1,-1,-1
577,19,1721,222,48,83,-1,-1,-1,-1
578,19,1726,224,47,81,-1,-1,-1,-1
579,19,1728,224,45,83,-1,-1,-1,-1
580,19,1732,226,45,79,-1,-1,-1,-1
581,19,1742,230,44,75,-1,-1,-1,-1
582,19,1743,229,49,80,-1,-1,-1,-1
583,19,1748,229,46,82,-1,-1,-1,-1
584,19,1751,231,43,76,-1,-1,-1,-1
585,19,1754,232,42,75,-1,-1,-1,-1
586,19,1760,234,40,73,-1,-1,-1,-1
587,19,1767,237,40,73,-1,-1,-1,-1
588,19,1769,237,45,75,-1,-1,-1,-1
589,19,1777,239,38,73,-1,-1,-1,-1
590,19,1780,238,41,76,-1,-1,-1,-1
591,19,1785,240,41,74,-1,-1,-1,-1
592,19,1789,245,42,71,-1,-1,-1,-1
654,20,426,66,25,57,-1,-1,-1,-1
655,20,420,70,29,58,-1,-1,-1,-1
656,20,420,72,28,58,-1,-1,-1,-1
657,20,417,72,29,57,-1,-1,-1,-1
658,20,415,71,30,58,-1,-1,-1,-1
659,20,415,73,29,56,-1,-1,-1,-1
660,20,415,75,26,54,-1,-1,-1,-1
661,20,412,73,29,56,-1,-1,-1,-1
662,20,412,75,27,53,-1,-1,-1,-1
663,20,408,71,30,57,-1,-1,-1,-1
664,20,407,68,32,61,-1,-1,-1,-1
665,20,404,66,35,64,-1,-1,-1,-1
666,20,404,66,34,64,-1,-1,-1,-1
667,20,402,67,35,64,-1,-1,-1,-1
668,20,400,66,36,66,-1,-1,-1,-1
669,20,400,67,35,64,-1,-1,-1,-1
670,20,400,68,34,62,-1,-1,-1,-1
671,20,400,69,32,60,-1,-1,-1,-1
672,20,400,69,32,61,-1,-1,-1,-1
673,20,400,72,29,56,-1,-1,-1,-1
674,20,399,72,28,56,-1,-1,-1,-1
675,20,398,71,29,56,-1,-1,-1,-1
676,20,395,71,31,56,-1,-1,-1,-1
677,20,395,72,31,55,-1,-1,-1,-1
678,20,395,73,31,55,-1,-1,-1,-1
679,20,393,73,31,55,-1,-1,-1,-1
680,20,391,72,32,56,-1,-1,-1,-1
681,20,391,73,29,55,-1,-1,-1,-1
682,20,390,73,29,55,-1,-1,-1,-1
683,20,388,73,29,55,-1,-1,-1,-1
684,20,388,74,28,55,-1,-1,-1,-1
685,20,387,74,28,56,-1,-1,-1,-1
686,20,387,74,27,56,-1,-1,-1,-1
687,20,385,74,27,56,-1,-1,-1,-1
688,20,385,74,27,56,-1,-1,-1,-1
689,20,382,72,29,60,-1,-1,-1,-1
690,20,381,75,28,56,-1,-1,-1,-1
691,20,380,74,29,56,-1,-1,-1,-1
692,20,379,74,29,56,-1,-1,-1,-1
693,20,379,74,29,55,-1,-1,-1,-1
694,20,379,75,28,53,-1,-1,-1,-1
695,20,378,76,28,54,-1,-1,-1,-1
696,20,376,76,28,53,-1,-1,-1,-1
697,20,373,72,31,57,-1,-1,-1,-1
698,20,374,73,29,56,-1,-1,-1,-1
699,20,373,74,29,55,-1,-1,-1,-1
700,20,371,75,30,56,-1,-1,-1,-1
701,20,369,73,31,58,-1,-1,-1,-1
702,20,369,74,30,57,-1,-1,-1,-1
703,20,367,73,31,58,-1,-1,-1,-1
704,20,366,72,32,60,-1,-1,-1,-1
705,20,364,71,32,59,-1,-1,-1,-1
706,20,363,70,33,61,-1,-1,-1,-1
707,20,362,70,34,63,-1,-1,-1,-1
708,20,360,70,35,64,-1,-1,-1,-1
709,20,359,71,35,64,-1,-1,-1,-1
710,20,356,71,36,64,-1,-1,-1,-1
711,20,356,71,35,64,-1,-1,-1,-1
712,20,355,71,35,64,-1,-1,-1,-1
713,20,355,72,35,64,-1,-1,-1,-1
714,20,355,75,34,59,-1,-1,-1,-1
715,20,354,74,33,59,-1,-1,-1,-1
716,20,354,77,32,56,-1,-1,-1,-1
717,20,353,79,29,55,-1,-1,-1,-1
718,20,353,79,29,57,-1,-1,-1,-1
719,20,353,80,28,55,-1,-1,-1,-1
720,20,352,80,29,56,-1,-1,-1,-1
721,20,350,80,29,56,-1,-1,-1,-1
722,20,350,79,29,57,-1,-1,-1,-1
723,20,349,80,29,56,-1,-1,-1,-1
724,20,349,82,28,54,-1,-1,-1,-1
725,20,348,86,28,51,-1,-1,-1,-1
726,20,347,84,28,52,-1,-1,-1,-1
727,20,344,85,28,51,-1,-1,-1,-1
728,20,342,82,28,53,-1,-1,-1,-1
729,20,339,78,30,57,-1,-1,-1,-1
730,20,338,77,30,59,-1,-1,-1,-1
731,20,338,80,31,56,-1,-1,-1,-1
732,20,335,78,32,60,-1,-1,-1,-1
733,20,335,78,32,58,-1,-1,-1,-1
734,20,336,81,30,56,-1,-1,-1,-1
735,20,335,82,30,56,-1,-1,-1,-1
736,20,336,80,30,56,-1,-1,-1,-1
737,20,333,81,32,56,-1,-1,-1,-1
738,20,331,82,31,56,-1,-1,-1,-1
739,20,330,81,30,54,-1,-1,-1,-1
740,20,329,80,31,55,-1,-1,-1,-1
741,20,326,80,30,56,-1,-1,-1,-1
742,20,324,81,30,55,-1,-1,-1,-1
743,20,325,83,29,53,-1,-1,-1,-1
744,20,325,80,29,57,-1,-1,-1,-1
745,20,323,82,29,54,-1,-1,-1,-1
746,20,321,83,30,54,-1,-1,-1,-1
747,20,320,87,31,53,-1,-1,-1,-1
779,21,810,4,26,45,-1,-1,-1,-1
780,21,811,3,25,46,-1,-1,-1,-1
781,21,811,2,23,45,-1,-1,-1,-1
758,22,304,92,33,52,-1,-1,-1,-1
759,22,302,83,31,59,-1,-1,-1,-1
760,22,302,83,31,59,-1,-1,-1,-1
761,22,302,84,31,59,-1,-1,-1,-1
762,22,301,85,31,58,-1,-1,-1,-1
763,22,300,83,31,61,-1,-1,-1,-1
764,22,298,87,32,58,-1,-1,-1,-1
765,22,297,91,32,54,-1,-1,-1,-1
766,22,296,89,32,56,-1,-1,-1,-1
767,22,297,92,30,52,-1,-1,-1,-1
768,22,295,91,31,53,-1,-1,-1,-1
769,22,291,90,33,56,-1,-1,-1,-1
770,22,290,90,33,55,-1,-1,-1,-1
771,22,287,89,36,59,-1,-1,-1,-1
772,22,286,90,35,59,-1,-1,-1,-1
773,22,286,90,35,58,-1,-1,-1,-1
774,22,286,90,33,56,-1,-1,-1,-1
775,22,286,90,32,54,-1,-1,-1,-1
776,22,286,88,32,57,-1,-1,-1,-1
777,22,284,88,33,57,-1,-1,-1,-1
778,22,282,88,33,58,-1,-1,-1,-1
779,22,281,87,33,59,-1,-1,-1,-1
780,22,282,87,29,57,-1,-1,-1,-1
781,22,281,87,30,56,-1,-1,-1,-1
782,22,281,89,29,56,-1,-1,-1,-1
783,22,280,89,29,55,-1,-1,-1,-1
784,22,279,88,29,54,-1,-1,-1,-1
785,22,278,88,30,55,-1,-1,-1,-1
786,22,277,88,31,56,-1,-1,-1,-1
787,22,275,88,32,57,-1,-1,-1,-1
788,22,274,91,32,53,-1,-1,-1,-1
789,22,271,92,33,52,-1,-1,-1,-1
790,22,269,90,33,52,-1,-1,-1,-1
791,22,268,88,33,55,-1,-1,-1,-1
792,22,266,87,34,58,-1,-1,-1,-1
793,22,265,88,33,57,-1,-1,-1,-1
794,22,264,89,33,56,-1,-1,-1,-1
795,22,264,89,32,57,-1,-1,-1,-1
796,22,263,89,32,57,-1,-1,-1,-1
797,22,261,88,32,58,-1,-1,-1,-1
798,22,259,88,33,60,-1,-1,-1,-1
799,22,259,89,32,57,-1,-1,-1,-1
800,22,258,88,31,56,-1,-1,-1,-1
801,22,256,88,31,57,-1,-1,-1,-1
802,22,256,88,31,58,-1,-1,-1,-1
803,22,257,89,33,59,-1,-1,-1,-1
804,22,257,88,32,59,-1,-1,-1,-1
805,22,257,90,29,55,-1,-1,-1,-1
806,22,256,91,30,55,-1,-1,-1,-1
807,22,254,91,30,56,-1,-1,-1,-1
808,22,251,94,30,52,-1,-1,-1,-1
809,22,249,92,31,54,-1,-1,-1,-1
810,22,247,91,32,56,-1,-1,-1,-1
811,22,246,90,31,56,-1,-1,-1,-1
812,22,243,89,33,60,-1,-1,-1,-1
813,22,241,89,33,60,-1,-1,-1,-1
814,22,240,89,33,60,-1,-1,-1,-1
815,22,239,87,34,63,-1,-1,-1,-1
816,22,239,88,32,60,-1,-1,-1,-1
817,22,239,89,31,59,-1,-1,-1,-1
818,22,238,90,31,59,-1,-1,-1,-1
819,22,236,89,32,60,-1,-1,-1,-1
820,22,234,88,34,61,-1,-1,-1,-1
821,22,233,87,34,61,-1,-1,-1,-1
822,22,231,87,33,60,-1,-1,-1,-1
823,22,229,89,34,59,-1,-1,-1,-1
824,22,227,88,35,61,-1,-1,-1,-1
825,22,226,86,36,64,-1,-1,-1,-1
826,22,225,88,36,62,-1,-1,-1,-1
827,22,224,87,36,63,-1,-1,-1,-1
828,22,222,88,37,62,-1,-1,-1,-1
829,22,221,86,36,65,-1,-1,-1,-1
830,22,219,86,36,66,-1,-1,-1,-1
831,22,219,86,36,65,-1,-1,-1,-1
832,22,217,87,37,64,-1,-1,-1,-1
833,22,218,88,36,64,-1,-1,-1,-1
834,22,218,89,35,63,-1,-1,-1,-1
835,22,217,88,34,63,-1,-1,-1,-1
836,22,217,87,33,63,-1,-1,-1,-1
837,22,215,88,35,62,-1,-1,-1,-1
838,22,215,87,32,63,-1,-1,-1,-1
839,22,212,86,35,64,-1,-1,-1,-1
840,22,210,87,36,65,-1,-1,-1,-1
841,22,209,88,36,63,-1,-1,-1,-1
842,22,209,89,35,61,-1,-1,-1,-1
843,22,209,88,34,62,-1,-1,-1,-1
844,22,207,90,35,61,-1,-1,-1,-1
845,22,207,89,34,62,-1,-1,-1,-1
846,22,207,92,32,58,-1,-1,-1,-1
847,22,207,91,31,58,-1,-1,-1,-1
848,22,206,92,31,57,-1,-1,-1,-1
849,22,202,88,34,62,-1,-1,-1,-1
850,22,201,93,32,57,-1,-1,-1,-1
851,22,202,94,30,57,-1,-1,-1,-1
852,22,201,95,30,56,-1,-1,-1,-1
853,22,199,96,31,56,-1,-1,-1,-1
854,22,199,98,30,54,-1,-1,-1,-1
855,22,197,93,33,59,-1,-1,-1,-1
856,22,197,95,31,57,-1,-1,-1,-1
857,22,192,95,34,57,-1,-1,-1,-1
858,22,194,91,32,61,-1,-1,-1,-1
859,22,188,92,34,57,-1,-1,-1,-1
860,22,187,93,33,58,-1,-1,-1,-1
861,22,190,97,31,56,-1,-1,-1,-1
862,22,190,98,29,52,-1,-1,-1,-1
863,22,191,98,31,55,-1,-1,-1,-1
864,22,176,86,44,68,-1,-1,-1,-1
865,22,181,92,37,63,-1,-1,-1,-1
866,22,179,90,39,66,-1,-1,-1,-1
867,22,181,94,36,61,-1,-1,-1,-1
868,22,181,95,35,59,-1,-1,-1,-1
869,22,179,93,34,59,-1,-1,-1,-1
870,22,171,89,42,67,-1,-1,-1,-1
888,23,150,103,35,64,-1,-1,-1,-1
889,23,152,99,34,67,-1,-1,-1,-1
890,23,150,99,36,68,-1,-1,-1,-1
895,23,146,101,35,72,-1,-1,-1,-1
896,23,146,104,34,68,-1,-1,-1,-1
897,23,145,104,34,66,-1,-1,-1,-1
898,23,145,114,33,58,-1,-1,-1,-1
899,23,142,103,34,70,-1,-1,-1,-1
900,23,141,100,31,67,-1,-1,-1,-1
901,23,140,102,31,64,-1,-1,-1,-1
902,23,138,102,33,64,-1,-1,-1,-1
903,23,138,103,32,62,-1,-1,-1,-1
904,23,138,102,31,63,-1,-1,-1,-1
905,23,136,101,34,64,-1,-1,-1,-1
906,23,135,102,33,62,-1,-1,-1,-1
907,23,135,104,30,60,-1,-1,-1,-1
908,23,133,104,31,60,-1,-1,-1,-1
909,23,128,102,33,64,-1,-1,-1,-1
910,23,128,102,32,62,-1,-1,-1,-1
911,23,126,102,32,62,-1,-1,-1,-1
912,23,126,102,31,63,-1,-1,-1,-1
913,23,125,103,32,62,-1,-1,-1,-1
914,23,124,104,33,63,-1,-1,-1,-1
915,23,123,103,34,63,-1,-1,-1,-1
916,23,121,104,34,61,-1,-1,-1,-1
917,23,120,104,33,58,-1,-1,-1,-1
918,23,120,103,33,58,-1,-1,-1,-1
919,23,119,104,33,58,-1,-1,-1,-1
920,23,118,104,33,57,-1,-1,-1,-1
921,23,118,104,31,58,-1,-1,-1,-1
922,23,116,105,33,58,-1,-1,-1,-1
923,23,114,105,33,57,-1,-1,-1,-1
924,23,113,105,32,57,-1,-1,-1,-1
925,23,110,105,32,59,-1,-1,-1,-1
926,23,109,104,33,60,-1,-1,-1,-1
927,23,108,104,34,60,-1,-1,-1,-1
928,23,107,105,32,60,-1,-1,-1,-1
929,23,104,105,33,61,-1,-1,-1,-1
930,23,103,104,32,62,-1,-1,-1,-1
931,23,104,105,31,60,-1,-1,-1,-1
932,23,102,107,32,58,-1,-1,-1,-1
933,23,101,107,31,58,-1,-1,-1,-1
934,23,99,107,33,57,-1,-1,-1,-1
935,23,97,108,34,56,-1,-1,-1,-1
936,23,97,106,33,57,-1,-1,-1,-1
937,23,96,106,33,57,-1,-1,-1,-1
938,23,95,105,33,56,-1,-1,-1,-1
939,23,94,106,33,57,-1,-1,-1,-1
940,23,92,108,34,58,-1,-1,-1,-1
941,23,92,108,34,58,-1,-1,-1,-1
942,23,94,112,31,53,-1,-1,-1,-1
943,23,90,119,31,49,-1,-1,-1,-1
944,23,84,113,34,56,-1,-1,-1,-1
945,23,87,118,32,50,-1,-1,-1,-1
946,23,80,110,35,58,-1,-1,-1,-1
947,23,78,109,36,58,-1,-1,-1,-1
948,23,76,109,37,58,-1,-1,-1,-1
949,23,77,108,35,56,-1,-1,-1,-1
950,23,76,108,35,55,-1,-1,-1,-1
951,23,77,110,32,51,-1,-1,-1,-1
954,25,935,0,23,33,-1,-1,-1,-1
955,25,934,0,25,35,-1,-1,-1,-1
956,25,933,0,26,35,-1,-1,-1,-1
957,25,932,0,28,36,-1,-1,-1,-1
958,25,931,0,30,37,-1,-1,-1,-1
959,25,932,0,29,38,-1,-1,-1,-1
960,25,932,0,29,38,-1,-1,-1,-1
961,25,934,0,27,37,-1,-1,-1,-1
963,25,934,0,29,39,-1,-1,-1,-1
964,25,935,0,27,39,-1,-1,-1,-1
965,25,934,0,29,38,-1,-1,-1,-1
1204,27,1598,594,71,88,-1,-1,-1,-1
1205,27,1595,593,72,91,-1,-1,-1,-1
1206,27,1599,594,71,88,-1,-1,-1,-1
1207,27,1595,593,78,89,-1,-1,-1,-1
1208,27,1592,596,79,87,-1,-1,-1,-1
1215,27,1601,595,68,92,-1,-1,-1,-1
1216,27,1593,593,73,92,-1,-1,-1,-1
1217,27,1593,591,77,92,-1,-1,-1,-1
1218,27,1594,596,65,87,-1,-1,-1,-1
1219,27,1600,595,67,84,-1,-1,-1,-1
1220,27,1595,596,63,89,-1,-1,-1,-1
1222,29,1601,596,66,81,-1,-1,-1,-1
1223,29,1596,595,76,74,-1,-1,-1,-1
1224,29,1587,594,74,99,-1,-1,-1,-1
1225,29,1584,591,75,102,-1,-1,-1,-1
1227,27,1590,596,60,91,-1,-1,-1,-1
1228,27,1599,593,60,89,-1,-1,-1,-1
1229,27,1601,593,58,88,-1,-1,-1,-1
1241,31,1466,0,26,39,-1,-1,-1,-1
1242,31,1465,0,28,41,-1,-1,-1,-1
1243,31,1464,0,28,42,-1,-1,-1,-1
1244,31,1464,0,27,42,-1,-1,-1,-1
1245,31,1463,0,28,43,-1,-1,-1,-1
1246,31,1463,0,26,39,-1,-1,-1,-1
1259,32,1456,0,27,34,-1,-1,-1,-1
1260,32,1456,0,27,34,-1,-1,-1,-1
1261,32,1456,0,28,33,-1,-1,-1,-1
1262,32,1456,0,27,34,-1,-1,-1,-1
1263,32,1459,0,27,35,-1,-1,-1,-1
1393,33,152,81,28,51,-1,-1,-1,-1
1394,33,152,81,28,50,-1,-1,-1,-1
1395,33,152,81,29,51,-1,-1,-1,-1
1228,34,1585,605,54,93,-1,-1,-1,-1
1229,34,1585,601,54,98,-1,-1,-1,-1
1230,34,1578,612,52,95,-1,-1,-1,-1
1231,34,1569,614,59,102,-1,-1,-1,-1
1232,34,1568,616,56,96,-1,-1,-1,-1
1233,34,1563,615,60,99,-1,-1,-1,-1
1234,34,1563,614,59,101,-1,-1,-1,-1
1235,34,1559,611,62,105,-1,-1,-1,-1
1236,34,1557,610,65,107,-1,-1,-1,-1
1237,34,1554,610,65,106,-1,-1,-1,-1
1238,34,1553,609,66,109,-1,-1,-1,-1
1239,34,1552,606,66,114,-1,-1,-1,-1
1240,34,1551,598,63,114,-1,-1,-1,-1
1241,34,1545,603,70,113,-1,-1,-1,-1
1242,34,1542,603,64,118,-1,-1,-1,-1
1243,34,1538,603,67,121,-1,-1,-1,-1
1244,34,1535,606,70,116,-1,-1,-1,-1
1245,34,1534,609,71,113,-1,-1,-1,-1
1246,34,1531,605,72,121,-1,-1,-1,-1
1247,34,1529,614,70,121,-1,-1,-1,-1
1248,34,1527,613,71,120,-1,-1,-1,-1
1249,34,1524,610,71,128,-1,-1,-1,-1
1250,34,1522,609,70,128,-1,-1,-1,-1
1251,34,1519,608,72,135,-1,-1,-1,-1
1252,34,1519,613,68,118,-1,-1,-1,-1
1253,34,1514,612,72,123,-1,-1,-1,-1
1254,34,1515,611,71,125,-1,-1,-1,-1
1255,34,1507,613,76,124,-1,-1,-1,-1
1256,34,1506,616,76,125,-1,-1,-1,-1
1257,34,1506,617,78,127,-1,-1,-1,-1
1258,34,1501,618,74,129,-1,-1,-1,-1
1259,34,1496,618,79,131,-1,-1,-1,-1
1260,34,1490,616,85,135,-1,-1,-1,-1
1261,34,1483,618,88,139,-1,-1,-1,-1
1262,34,1482,619,85,135,-1,-1,-1,-1
1263,34,1484,617,83,138,-1,-1,-1,-1
1264,34,1482,617,86,144,-1,-1,-1,-1
1265,34,1480,619,84,141,-1,-1,-1,-1
1266,34,1479,619,82,140,-1,-1,-1,-1
1267,34,1480,618,81,134,-1,-1,-1,-1
1268,34,1479,621,79,136,-1,-1,-1,-1
1269,34,1479,623,78,137,-1,-1,-1,-1
1270,34,1477,625,76,126,-1,-1,-1,-1
1271,34,1474,625,76,128,-1,-1,-1,-1
1272,34,1470,620,76,142,-1,-1,-1,-1
1273,34,1470,627,71,135,-1,-1,-1,-1
1274,34,1467,626,77,137,-1,-1,-1,-1
1275,34,1465,628,82,138,-1,-1,-1,-1
1276,34,1465,628,80,138,-1,-1,-1,-1
1277,34,1464,629,77,139,-1,-1,-1,-1
1278,34,1465,634,72,133,-1,-1,-1,-1
1279,34,1462,635,78,137,-1,-1,-1,-1
1280,34,1459,637,80,134,-1,-1,-1,-1
1281,34,1459,637,76,134,-1,-1,-1,-1
1282,34,1459,639,74,128,-1,-1,-1,-1
1283,34,1457,639,75,134,-1,-1,-1,-1
1284,34,1456,637,77,139,-1,-1,-1,-1
1285,34,1452,640,77,136,-1,-1,-1,-1
1286,34,1451,643,77,133,-1,-1,-1,-1
1287,34,1450,643,78,133,-1,-1,-1,-1
1288,34,1449,643,77,132,-1,-1,-1,-1
1289,34,1446,643,83,137,-1,-1,-1,-1
1290,34,1441,640,84,142,-1,-1,-1,-1
1291,34,1441,646,82,139,-1,-1,-1,-1
1292,34,1441,655,78,135,-1,-1,-1,-1
1293,34,1439,656,79,139,-1,-1,-1,-1
1294,34,1441,659,78,135,-1,-1,-1,-1
1295,34,1439,658,80,140,-1,-1,-1,-1
1296,34,1438,659,78,137,-1,-1,-1,-1
1297,34,1439,658,74,138,-1,-1,-1,-1
1298,34,1440,660,72,137,-1,-1,-1,-1
1299,34,1441,662,74,137,-1,-1,-1,-1
1300,34,1444,662,76,137,-1,-1,-1,-1
1301,34,1446,662,75,138,-1,-1,-1,-1
1302,34,1445,663,81,141,-1,-1,-1,-1
1303,34,1444,657,86,161,-1,-1,-1,-1
1304,34,1449,660,85,152,-1,-1,-1,-1
1305,34,1451,672,81,150,-1,-1,-1,-1
1306,34,1455,672,81,146,-1,-1,-1,-1
1307,34,1458,677,77,137,-1,-1,-1,-1
1308,34,1458,679,76,146,-1,-1,-1,-1
1309,34,1458,681,77,149,-1,-1,-1,-1
1310,34,1457,682,79,150,-1,-1,-1,-1
1311,34,1456,684,80,148,-1,-1,-1,-1
1312,34,1456,683,86,147,-1,-1,-1,-1
1313,34,1456,684,89,143,-1,-1,-1,-1
1314,34,1458,687,85,141,-1,-1,-1,-1
1315,34,1458,686,88,151,-1,-1,-1,-1
1316,34,1457,686,91,153,-1,-1,-1,-1
1317,34,1462,687,91,159,-1,-1,-1,-1
1318,34,1468,692,85,157,-1,-1,-1,-1
1319,34,1469,692,85,161,-1,-1,-1,-1
1320,34,1470,694,79,166,-1,-1,-1,-1
1321,34,1474,694,80,166,-1,-1,-1,-1
1322,34,1472,698,79,160,-1,-1,-1,-1
1323,34,1473,698,78,163,-1,-1,-1,-1
1324,34,1475,700,82,160,-1,-1,-1,-1
1325,34,1476,700,83,160,-1,-1,-1,-1
1326,34,1478,700,83,161,-1,-1,-1,-1
1327,34,1479,701,85,158,-1,-1,-1,-1
1328,34,1478,699,88,162,-1,-1,-1,-1
1329,34,1475,696,93,168,-1,-1,-1,-1
1330,34,1476,698,89,166,-1,-1,-1,-1
1331,34,1478,700,89,166,-1,-1,-1,-1
1332,34,1477,704,87,161,-1,-1,-1,-1
1333,34,1479,703,97,160,-1,-1,-1,-1
1334,34,1480,701,93,162,-1,-1,-1,-1
1335,34,1489,706,87,156,-1,-1,-1,-1
1336,34,1495,706,88,158,-1,-1,-1,-1
1337,34,1490,705,91,161,-1,-1,-1,-1
1338,34,1497,706,90,158,-1,-1,-1,-1
1339,34,1494,709,94,155,-1,-1,-1,-1
1340,34,1496,708,91,161,-1,-1,-1,-1
1341,34,1497,711,86,163,-1,-1,-1,-1
1342,34,1496,710,86,163,-1,-1,-1,-1
1343,34,1498,710,85,168,-1,-1,-1,-1
1344,34,1499,712,87,169,-1,-1,-1,-1
1345,34,1501,713,86,168,-1,-1,-1,-1
1346,34,1501,714,89,167,-1,-1,-1,-1
1347,34,1500,716,95,165,-1,-1,-1,-1
1348,34,1505,715,89,168,-1,-1,-1,-1
1349,34,1499,717,95,165,-1,-1,-1,-1
1350,34,1497,721,94,161,-1,-1,-1,-1
1351,34,1499,720,95,163,-1,-1,-1,-1
1352,34,1502,718,96,165,-1,-1,-1,-1
1353,34,1498,719,104,163,-1,-1,-1,-1
1354,34,1496,719,112,161,-1,-1,-1,-1
1355,34,1499,720,102,162,-1,-1,-1,-1
1356,34,1500,720,102,162,-1,-1,-1,-1
1357,34,1495,717,115,162,-1,-1,-1,-1
1358,34,1501,718,105,164,-1,-1,-1,-1
1359,34,1505,719,100,162,-1,-1,-1,-1
1360,34,1503,719,102,163,-1,-1,-1,-1
1361,34,1505,720,96,162,-1,-1,-1,-1
1362,34,1504,724,93,160,-1,-1,-1,-1
1363,34,1506,724,93,159,-1,-1,-1,-1
1364,34,1504,723,95,159,-1,-1,-1,-1
1365,34,1508,721,91,165,-1,-1,-1,-1
1366,34,1506,718,92,168,-1,-1,-1,-1
1367,34,1503,715,97,169,-1,-1,-1,-1
1368,34,1504,717,100,165,-1,-1,-1,-1
1369,34,1499,721,100,165,-1,-1,-1,-1
1370,34,1507,718,91,166,-1,-1,-1,-1
1371,34,1502,719,94,166,-1,-1,-1,-1
1372,34,1504,719,94,166,-1,-1,-1,-1
1373,34,1502,720,91,163,-1,-1,-1,-1
1374,34,1505,718,93,165,-1,-1,-1,-1
1375,34,1501,716,93,171,-1,-1,-1,-1
1376,34,1502,712,92,173,-1,-1,-1,-1
1377,34,1500,715,93,168,-1,-1,-1,-1
1378,34,1502,710,87,173,-1,-1,-1,-1
1379,34,1504,709,86,175,-1,-1,-1,-1
1380,34,1502,709,91,175,-1,-1,-1,-1
1381,34,1495,709,90,178,-1,-1,-1,-1
1382,34,1500,710,88,176,-1,-1,-1,-1
1383,34,1496,710,93,175,-1,-1,-1,-1
1384,34,1498,707,93,178,-1,-1,-1,-1
1385,34,1497,706,94,181,-1,-1,-1,-1
1386,34,1499,706,92,182,-1,-1,-1,-1
1387,34,1496,706,97,184,-1,-1,-1,-1
1388,34,1499,708,89,180,-1,-1,-1,-1
1389,34,1492,707,99,181,-1,-1,-1,-1
1390,34,1498,707,89,180,-1,-1,-1,-1
1391,34,1494,706,103,176,-1,-1,-1,-1
1392,34,1499,706,93,177,-1,-1,-1,-1
1393,34,1496,707,100,175,-1,-1,-1,-1
1394,34,1498,704,98,181,-1,-1,-1,-1
1395,34,1498,706,93,179,-1,-1,-1,-1
1396,34,1500,712,89,171,-1,-1,-1,-1
1397,34,1499,713,89,170,-1,-1,-1,-1
1398,34,1502,713,91,169,-1,-1,-1,-1
1399,34,1503,713,87,169,-1,-1,-1,-1
1400,34,1502,715,88,169,-1,-1,-1,-1
1401,34,1498,716,92,168,-1,-1,-1,-1
1402,34,1496,716,90,169,-1,-1,-1,-1
1403,34,1493,720,96,161,-1,-1,-1,-1
1404,34,1496,712,92,173,-1,-1,-1,-1
1405,34,1495,712,95,174,-1,-1,-1,-1
1406,34,1491,713,96,173,-1,-1,-1,-1
1407,34,1495,715,95,171,-1,-1,-1,-1
1408,34,1491,712,98,174,-1,-1,-1,-1
1409,34,1490,715,94,171,-1,-1,-1,-1
1410,34,1490,717,101,169,-1,-1,-1,-1
1411,34,1493,718,97,167,-1,-1,-1,-1
1412,34,1490,718,104,166,-1,-1,-1,-1
1413,34,1488,716,106,170,-1,-1,-1,-1
1414,34,1495,718,100,166,-1,-1,-1,-1
1415,34,1494,719,97,165,-1,-1,-1,-1
1416,34,1489,717,95,168,-1,-1,-1,-1
1417,34,1486,719,95,168,-1,-1,-1,-1
1418,34,1488,719,95,167,-1,-1,-1,-1
1419,34,1492,721,96,163,-1,-1,-1,-1
1420,34,1493,720,99,166,-1,-1,-1,-1
1421,34,1492,721,106,162,-1,-1,-1,-1
1422,34,1489,719,97,168,-1,-1,-1,-1
1423,34,1491,721,94,165,-1,-1,-1,-1
1424,34,1491,717,93,165,-1,-1,-1,-1
1425,34,1489,720,96,163,-1,-1,-1,-1
1426,34,1489,724,91,163,-1,-1,-1,-1
1427,34,1484,723,101,163,-1,-1,-1,-1
1428,34,1484,726,105,157,-1,-1,-1,-1
1429,34,1488,725,97,160,-1,-1,-1,-1
1430,34,1489,726,96,160,-1,-1,-1,-1
1431,34,1479,725,103,163,-1,-1,-1,-1
1432,34,1485,727,97,162,-1,-1,-1,-1
1433,34,1489,727,95,156,-1,-1,-1,-1
1434,34,1487,730,97,151,-1,-1,-1,-1
1435,34,1491,731,95,149,-1,-1,-1,-1
1436,34,1490,728,96,153,-1,-1,-1,-1
1437,34,1491,727,97,154,-1,-1,-1,-1
1438,34,1493,725,93,158,-1,-1,-1,-1
1439,34,1494,728,91,159,-1,-1,-1,-1
1440,34,1492,726,95,164,-1,-1,-1,-1
1441,34,1498,730,85,158,-1,-1,-1,-1
1442,34,1496,731,82,154,-1,-1,-1,-1
1443,34,1494,750,71,137,-1,-1,-1,-1
1444,34,1492,731,83,158,-1,-1,-1,-1
1445,34,1489,728,91,162,-1,-1,-1,-1
1446,34,1489,731,88,158,-1,-1,-1,-1
1447,34,1488,729,92,158,-1,-1,-1,-1
1448,34,1481,732,99,157,-1,-1,-1,-1
1449,34,1483,728,102,159,-1,-1,-1,-1
1450,34,1486,733,91,155,-1,-1,-1,-1
1451,34,1482,728,104,153,-1,-1,-1,-1
1519,35,1497,816,50,90,-1,-1,-1,-1
1520,35,1493,815,51,87,-1,-1,-1,-1
1521,35,1494,815,50,89,-1,-1,-1,-1
1526,35,1496,819,43,89,-1,-1,-1,-1
1527,35,1498,824,41,83,-1,-1,-1,-1
1528,35,1498,822,43,86,-1,-1,-1,-1
1529,35,1499,828,39,79,-1,-1,-1,-1
1530,35,1498,824,43,84,-1,-1,-1,-1
1454,37,1490,756,87,135,-1,-1,-1,-1
1455,37,1489,742,95,152,-1,-1,-1,-1
1456,37,1491,738,91,160,-1,-1,-1,-1
1457,37,1484,742,94,153,-1,-1,-1,-1
1458,37,1490,738,90,169,-1,-1,-1,-1
1459,37,1488,739,87,156,-1,-1,-1,-1
1460,37,1481,728,96,166,-1,-1,-1,-1
1461,37,1490,728,91,169,-1,-1,-1,-1
1462,37,1488,741,79,148,-1,-1,-1,-1
1463,37,1489,737,83,165,-1,-1,-1,-1
1464,37,1489,761,75,142,-1,-1,-1,-1
1465,37,1487,747,84,161,-1,-1,-1,-1
1466,37,1490,730,85,149,-1,-1,-1,-1
1467,37,1487,742,88,163,-1,-1,-1,-1
1468,37,1495,731,82,138,-1,-1,-1,-1
1469,37,1502,769,69,129,-1,-1,-1,-1
1470,37,1501,784,70,121,-1,-1,-1,-1
1471,37,1488,732,83,172,-1,-1,-1,-1
1472,37,1487,729,84,178,-1,-1,-1,-1
1473,37,1485,731,87,177,-1,-1,-1,-1
1474,37,1491,732,82,170,-1,-1,-1,-1
1475,37,1489,736,84,169,-1,-1,-1,-1
1476,37,1492,738,83,162,-1,-1,-1,-1
1477,37,1493,735,78,167,-1,-1,-1,-1
1478,37,1492,736,82,164,-1,-1,-1,-1
1479,37,1492,740,84,169,-1,-1,-1,-1
1480,37,1490,732,88,174,-1,-1,-1,-1
1481,37,1488,735,87,167,-1,-1,-1,-1
1482,37,1486,729,90,176,-1,-1,-1,-1
1483,37,1488,736,88,165,-1,-1,-1,-1
1484,37,1489,727,88,167,-1,-1,-1,-1
1485,37,1491,730,84,171,-1,-1,-1,-1
1486,37,1488,730,87,172,-1,-1,-1,-1
1487,37,1488,729,86,172,-1,-1,-1,-1
1488,37,1486,729,93,170,-1,-1,-1,-1
1489,37,1489,730,89,167,-1,-1,-1,-1
1490,37,1491,734,92,160,-1,-1,-1,-1
1491,37,1489,726,92,177,-1,-1,-1,-1
1492,37,1491,729,92,171,-1,-1,-1,-1
1493,37,1489,733,94,169,-1,-1,-1,-1
1494,37,1493,729,89,169,-1,-1,-1,-1
1495,37,1489,729,91,173,-1,-1,-1,-1
1496,37,1491,723,90,171,-1,-1,-1,-1
1497,37,1494,723,90,164,-1,-1,-1,-1
1498,37,1495,726,95,160,-1,-1,-1,-1
1499,37,1493,724,97,163,-1,-1,-1,-1
1500,37,1492,727,98,164,-1,-1,-1,-1
1501,37,1496,736,92,159,-1,-1,-1,-1
1502,37,1495,726,100,158,-1,-1,-1,-1
1503,37,1501,728,92,148,-1,-1,-1,-1
1504,37,1507,727,87,141,-1,-1,-1,-1
1505,37,1509,730,83,142,-1,-1,-1,-1
1506,37,1503,732,94,133,-1,-1,-1,-1
1507,37,1499,721,96,164,-1,-1,-1,-1
1508,37,1494,728,104,146,-1,-1,-1,-1
1509,37,1506,732,94,135,-1,-1,-1,-1
1510,37,1498,723,97,149,-1,-1,-1,-1
1511,37,1499,725,99,143,-1,-1,-1,-1
1512,37,1508,730,93,131,-1,-1,-1,-1
1513,37,1497,716,99,153,-1,-1,-1,-1
1514,37,1497,730,99,156,-1,-1,-1,-1
1515,37,1509,745,88,140,-1,-1,-1,-1
1516,37,1521,740,84,130,-1,-1,-1,-1
1517,37,1517,736,88,137,-1,-1,-1,-1
1518,37,1519,745,87,131,-1,-1,-1,-1
1519,37,1530,752,73,118,-1,-1,-1,-1
1520,37,1534,750,69,120,-1,-1,-1,-1
1521,37,1533,751,70,117,-1,-1,-1,-1
1522,37,1526,750,83,127,-1,-1,-1,-1
1523,37,1527,748,87,125,-1,-1,-1,-1
1524,37,1514,742,102,141,-1,-1,-1,-1
1525,37,1534,758,75,129,-1,-1,-1,-1
1526,37,1538,761,70,129,-1,-1,-1,-1
1527,37,1536,760,74,136,-1,-1,-1,-1
1528,37,1534,756,81,151,-1,-1,-1,-1
1529,37,1537,753,84,160,-1,-1,-1,-1
1530,37,1542,756,78,158,-1,-1,-1,-1
1531,37,1531,768,87,153,-1,-1,-1,-1
1532,37,1533,771,85,150,-1,-1,-1,-1
1533,37,1534,771,86,154,-1,-1,-1,-1
1534,37,1533,770,87,159,-1,-1,-1,-1
1535,37,1534,772,86,160,-1,-1,-1,-1
1536,37,1530,771,91,160,-1,-1,-1,-1
1537,37,1540,772,84,155,-1,-1,-1,-1
1538,37,1543,773,84,155,-1,-1,-1,-1
1539,37,1547,776,78,152,-1,-1,-1,-1
1540,37,1543,779,82,149,-1,-1,-1,-1
1541,37,1543,777,87,155,-1,-1,-1,-1
1542,37,1548,780,82,150,-1,-1,-1,-1
1543,37,1551,781,79,148,-1,-1,-1,-1
1544,37,1550,784,82,144,-1,-1,-1,-1
1545,37,1547,784,82,144,-1,-1,-1,-1
1546,37,1546,783,85,151,-1,-1,-1,-1
1547,37,1542,789,88,145,-1,-1,-1,-1
1548,37,1539,791,85,151,-1,-1,-1,-1
1549,37,1539,792,87,158,-1,-1,-1,-1
1550,37,1537,793,89,160,-1,-1,-1,-1
1551,37,1533,792,93,164,-1,-1,-1,-1
1552,37,1538,793,89,164,-1,-1,-1,-1
1553,37,1538,793,88,163,-1,-1,-1,-1
1554,37,1536,795,89,163,-1,-1,-1,-1
1555,37,1532,794,93,160,-1,-1,-1,-1
1556,37,1527,794,98,163,-1,-1,-1,-1
1557,37,1528,793,93,164,-1,-1,-1,-1
1558,37,1530,795,87,164,-1,-1,-1,-1
1559,37,1526,793,92,167,-1,-1,-1,-1
1560,37,1526,797,90,163,-1,-1,-1,-1
1561,37,1527,795,87,165,-1,-1,-1,-1
1562,37,1527,797,83,169,-1,-1,-1,-1
1563,37,1526,798,77,170,-1,-1,-1,-1
1564,37,1521,805,82,170,-1,-1,-1,-1
1565,37,1517,806,84,174,-1,-1,-1,-1
1566,37,1509,807,93,175,-1,-1,-1,-1
1567,37,1509,809,96,170,-1,-1,-1,-1
1568,37,1511,814,95,163,-1,-1,-1,-1
1569,37,1500,818,102,162,-1,-1,-1,-1
1570,37,1498,815,101,170,-1,-1,-1,-1
1571,37,1495,816,102,172,-1,-1,-1,-1
1572,37,1488,818,108,175,-1,-1,-1,-1
1573,37,1487,819,105,174,-1,-1,-1,-1
1574,37,1489,818,104,175,-1,-1,-1,-1
1575,37,1490,823,93,171,-1,-1,-1,-1
1576,37,1490,821,98,170,-1,-1,-1,-1
1577,37,1491,822,88,170,-1,-1,-1,-1
1578,37,1484,825,89,167,-1,-1,-1,-1
1579,37,1480,828,87,165,-1,-1,-1,-1
1580,37,1480,826,81,163,-1,-1,-1,-1
1581,37,1478,830,79,160,-1,-1,-1,-1
1582,37,1465,825,90,165,-1,-1,-1,-1
1583,37,1458,836,97,157,-1,-1,-1,-1
1584,37,1438,837,119,155,-1,-1,-1,-1
1585,37,1443,837,112,156,-1,-1,-1,-1
1586,37,1444,835,104,157,-1,-1,-1,-1
1587,37,1443,837,101,155,-1,-1,-1,-1
1588,37,1432,838,113,158,-1,-1,-1,-1
1589,37,1431,834,99,162,-1,-1,-1,-1
1590,37,1428,833,96,160,-1,-1,-1,-1
1591,37,1433,834,91,161,-1,-1,-1,-1
1592,37,1429,832,91,161,-1,-1,-1,-1
1593,37,1429,832,89,161,-1,-1,-1,-1
1594,37,1422,838,91,161,-1,-1,-1,-1
1595,37,1420,834,93,166,-1,-1,-1,-1
1596,37,1416,834,82,163,-1,-1,-1,-1
1597,37,1415,840,83,161,-1,-1,-1,-1
1598,37,1412,841,83,161,-1,-1,-1,-1
1599,37,1402,840,91,163,-1,-1,-1,-1
1600,37,1403,840,89,157,-1,-1,-1,-1
1601,37,1395,843,92,160,-1,-1,-1,-1
1602,37,1383,843,99,162,-1,-1,-1,-1
1603,37,1376,846,102,161,-1,-1,-1,-1
1604,37,1366,846,113,162,-1,-1,-1,-1
1605,37,1371,846,97,163,-1,-1,-1,-1
1606,37,1369,849,96,162,-1,-1,-1,-1
1607,37,1365,848,87,166,-1,-1,-1,-1
1608,37,1362,847,90,168,-1,-1,-1,-1
1609,37,1359,847,86,169,-1,-1,-1,-1
1610,37,1356,847,85,170,-1,-1,-1,-1
1611,37,1354,853,86,164,-1,-1,-1,-1
1612,37,1345,851,93,163,-1,-1,-1,-1
1613,37,1333,847,99,168,-1,-1,-1,-1
1614,37,1314,847,116,167,-1,-1,-1,-1
1615,37,1306,854,123,161,-1,-1,-1,-1
1616,37,1310,855,109,163,-1,-1,-1,-1
1617,37,1299,857,118,161,-1,-1,-1,-1
1618,37,1298,861,109,155,-1,-1,-1,-1
1619,37,1299,855,104,164,-1,-1,-1,-1
1620,37,1289,857,108,160,-1,-1,-1,-1
1621,37,1286,853,111,161,-1,-1,-1,-1
1622,37,1289,851,103,165,-1,-1,-1,-1
1623,37,1286,850,108,168,-1,-1,-1,-1
1624,37,1285,855,94,165,-1,-1,-1,-1
1625,37,1284,852,95,176,-1,-1,-1,-1
1626,37,1284,861,89,169,-1,-1,-1,-1
1627,37,1270,864,96,170,-1,-1,-1,-1
1628,37,1269,860,85,176,-1,-1,-1,-1
1629,37,1257,866,96,174,-1,-1,-1,-1
1630,37,1252,870,105,164,-1,-1,-1,-1
1631,37,1248,876,106,157,-1,-1,-1,-1
1632,37,1237,875,107,166,-1,-1,-1,-1
1633,37,1234,873,106,172,-1,-1,-1,-1
1634,37,1230,880,103,166,-1,-1,-1,-1
1635,37,1234,877,99,166,-1,-1,-1,-1
1636,37,1229,880,93,166,-1,-1,-1,-1
1637,37,1219,879,105,168,-1,-1,-1,-1
1638,37,1224,874,88,179,-1,-1,-1,-1
1639,37,1217,872,94,179,-1,-1,-1,-1
1640,37,1210,879,92,171,-1,-1,-1,-1
1641,37,1210,886,85,164,-1,-1,-1,-1
1642,37,1206,881,87,166,-1,-1,-1,-1
1643,37,1196,872,103,179,-1,-1,-1,-1
1644,37,1184,881,107,169,-1,-1,-1,-1
1645,37,1174,883,115,167,-1,-1,-1,-1
1646,37,1163,887,122,165,-1,-1,-1,-1
1647,37,1162,889,118,170,-1,-1,-1,-1
1648,37,1154,890,129,170,-1,-1,-1,-1
1649,37,1162,890,111,168,-1,-1,-1,-1
1650,37,1155,893,118,162,-1,-1,-1,-1
1651,37,1144,895,130,166,-1,-1,-1,-1
1652,37,1146,896,110,168,-1,-1,-1,-1
1653,37,1146,892,106,167,-1,-1,-1,-1
1654,37,1149,891,98,163,-1,-1,-1,-1
1655,37,1152,894,93,156,-1,-1,-1,-1
1656,37,1144,899,96,163,-1,-1,-1,-1
1657,37,1136,896,95,170,-1,-1,-1,-1
1658,37,1135,899,87,161,-1,-1,-1,-1
1659,37,1124,902,99,167,-1,-1,-1,-1
1660,37,1115,903,104,166,-1,-1,-1,-1
1661,37,1097,912,134,162,-1,-1,-1,-1
1662,37,1101,907,121,168,-1,-1,-1,-1
1663,37,1097,914,119,159,-1,-1,-1,-1
1664,37,1084,914,131,155,-1,-1,-1,-1
1665,37,1086,912,130,164,-1,-1,-1,-1
1666,37,1092,923,112,150,-1,-1,-1,-1
1667,37,1087,920,115,152,-1,-1,-1,-1
1668,37,1070,918,135,156,-1,-1,-1,-1
1669,37,1076,920,119,157,-1,-1,-1,-1
1670,37,1061,922,125,152,-1,-1,-1,-1
1671,37,1065,919,126,159,-1,-1,-1,-1
1672,37,1060,922,131,157,-1,-1,-1,-1
1673,37,1055,926,133,154,-1,-1,-1,-1
1674,37,1055,932,134,147,-1,-1,-1,-1
1675,37,1032,937,158,141,-1,-1,-1,-1
1676,37,1041,936,129,144,-1,-1,-1,-1
1677,37,1038,938,128,142,-1,-1,-1,-1
1678,37,1026,937,120,142,-1,-1,-1,-1
1679,37,1029,947,124,133,-1,-1,-1,-1
1680,37,1007,942,158,134,-1,-1,-1,-1
1681,37,1009,939,118,133,-1,-1,-1,-1
1682,37,1010,949,118,131,-1,-1,-1,-1
1683,37,1003,949,128,131,-1,-1,-1,-1
1684,37,989,950,159,130,-1,-1,-1,-1
1685,37,996,956,144,124,-1,-1,-1,-1
1686,37,994,957,117,123,-1,-1,-1,-1
1687,37,983,953,122,127,-1,-1,-1,-1
1688,37,970,958,137,119,-1,-1,-1,-1
1689,37,970,954,128,126,-1,-1,-1,-1
1690,37,966,957,128,123,-1,-1,-1,-1
1691,37,959,967,136,113,-1,-1,-1,-1
1692,37,960,967,119,112,-1,-1,-1,-1
1693,37,960,968,111,111,-1,-1,-1,-1
1694,37,953,971,112,108,-1,-1,-1,-1
1695,37,947,981,116,97,-1,-1,-1,-1
1696,37,950,987,93,91,-1,-1,-1,-1
1697,37,943,988,90,91,-1,-1,-1,-1
1698,37,943,987,77,90,-1,-1,-1,-1
1699,37,936,986,85,91,-1,-1,-1,-1
1700,37,938,986,79,91,-1,-1,-1,-1
1701,37,931,991,80,86,-1,-1,-1,-1
1702,37,930,996,72,78,-1,-1,-1,-1
1703,37,946,999,56,75,-1,-1,-1,-1
1704,37,929,999,47,75,-1,-1,-1,-1
1705,37,920,1006,55,70,-1,-1,-1,-1
1706,37,916,1011,59,65,-1,-1,-1,-1
1707,37,910,1011,53,66,-1,-1,-1,-1
1708,37,907,1011,55,65,-1,-1,-1,-1
1709,37,900,1016,60,60,-1,-1,-1,-1
1710,37,890,1020,65,55,-1,-1,-1,-1
1711,37,886,1019,60,57,-1,-1,-1,-1
1712,37,878,1019,69,58,-1,-1,-1,-1
1713,37,867,1022,74,57,-1,-1,-1,-1
1714,37,860,1023,86,56,-1,-1,-1,-1
1715,37,853,1023,75,55,-1,-1,-1,-1
1716,37,851,1025,74,53,-1,-1,-1,-1
1717,37,845,1029,82,49,-1,-1,-1,-1
1718,37,846,1031,68,46,-1,-1,-1,-1
1719,37,843,1038,51,41,-1,-1,-1,-1
1720,37,839,1040,58,39,-1,-1,-1,-1
1721,37,833,1040,55,37,-1,-1,-1,-1
1722,37,824,1044,43,34,-1,-1,-1,-1
1723,37,823,1046,42,31,-1,-1,-1,-1
1806,38,82,108,31,54,-1,-1,-1,-1
1807,38,81,109,32,54,-1,-1,-1,-1
1808,38,81,107,32,56,-1,-1,-1,-1
1809,38,82,109,34,56,-1,-1,-1,-1
1810,38,84,104,35,61,-1,-1,-1,-1
1811,38,87,103,35,60,-1,-1,-1,-1
1812,38,87,104,37,60,-1,-1,-1,-1
1813,38,90,101,36,61,-1,-1,-1,-1
1814,38,93,100,34,61,-1,-1,-1,-1
1815,38,95,102,33,57,-1,-1,-1,-1
1816,38,98,104,33,55,-1,-1,-1,-1
1817,38,99,102,32,56,-1,-1,-1,-1
1818,38,102,104,30,57,-1,-1,-1,-1
1819,38,102,102,30,58,-1,-1,-1,-1
1820,38,102,99,32,57,-1,-1,-1,-1
1821,38,104,96,32,62,-1,-1,-1,-1
1822,38,106,96,33,61,-1,-1,-1,-1
1823,38,108,96,34,62,-1,-1,-1,-1
1824,38,111,96,35,60,-1,-1,-1,-1
1825,38,114,98,33,56,-1,-1,-1,-1
1826,38,118,99,31,53,-1,-1,-1,-1
1827,38,119,99,31,52,-1,-1,-1,-1
1828,38,119,99,33,55,-1,-1,-1,-1
1829,38,120,97,32,56,-1,-1,-1,-1
1830,38,121,96,31,60,-1,-1,-1,-1
1831,38,124,99,28,55,-1,-1,-1,-1
1832,38,125,98,30,56,-1,-1,-1,-1
1833,38,126,97,30,56,-1,-1,-1,-1
1834,38,128,95,31,58,-1,-1,-1,-1
1835,38,128,94,35,63,-1,-1,-1,-1
1836,38,132,95,34,62,-1,-1,-1,-1
1837,38,134,95,33,58,-1,-1,-1,-1
1838,38,137,96,31,58,-1,-1,-1,-1
1839,38,137,95,32,60,-1,-1,-1,-1
1840,38,140,96,30,56,-1,-1,-1,-1
1841,38,139,94,32,60,-1,-1,-1,-1
1842,38,140,96,32,59,-1,-1,-1,-1
1843,38,143,96,31,59,-1,-1,-1,-1
1844,38,144,100,28,60,-1,-1,-1,-1
1845,38,144,105,29,62,-1,-1,-1,-1
1846,38,145,105,29,64,-1,-1,-1,-1
1847,38,146,89,34,68,-1,-1,-1,-1
1873,39,195,86,33,58,-1,-1,-1,-1
1874,39,196,87,31,56,-1,-1,-1,-1
1875,39,199,88,29,56,-1,-1,-1,-1
1876,39,200,87,34,58,-1,-1,-1,-1
1877,39,202,86,33,58,-1,-1,-1,-1
1878,39,202,86,33,59,-1,-1,-1,-1
1879,39,203,84,34,60,-1,-1,-1,-1
1880,39,205,85,33,60,-1,-1,-1,-1
1881,39,206,84,33,61,-1,-1,-1,-1
1882,39,209,85,31,60,-1,-1,-1,-1
1883,39,210,85,31,60,-1,-1,-1,-1
1881,40,184,86,30,57,-1,-1,-1,-1
1882,40,183,85,32,56,-1,-1,-1,-1
1883,40,181,85,32,56,-1,-1,-1,-1
