14,0,1201,360,15,31,-1,-1,-1,-1
15,0,1201,360,16,31,-1,-1,-1,-1
16,0,1201,360,16,33,-1,-1,-1,-1
17,0,1200,362,16,31,-1,-1,-1,-1
18,0,1200,362,15,31,-1,-1,-1,-1
19,0,1199,361,16,31,-1,-1,-1,-1
20,0,1199,363,15,31,-1,-1,-1,-1
21,0,1198,364,17,32,-1,-1,-1,-1
22,0,1198,365,16,32,-1,-1,-1,-1
23,0,1196,366,18,31,-1,-1,-1,-1
24,0,1195,367,18,32,-1,-1,-1,-1
25,0,1195,367,18,31,-1,-1,-1,-1
26,0,1194,366,18,31,-1,-1,-1,-1
27,0,1193,365,17,33,-1,-1,-1,-1
28,0,1192,365,18,33,-1,-1,-1,-1
29,0,1192,366,18,34,-1,-1,-1,-1
30,0,1191,367,18,34,-1,-1,-1,-1
31,0,1190,367,20,36,-1,-1,-1,-1
32,0,1190,367,19,34,-1,-1,-1,-1
33,0,1190,367,19,33,-1,-1,-1,-1
34,0,1190,367,19,33,-1,-1,-1,-1
35,0,1189,365,19,33,-1,-1,-1,-1
36,0,1189,366,19,33,-1,-1,-1,-1
37,0,1188,365,18,35,-1,-1,-1,-1
38,0,1188,366,16,34,-1,-1,-1,-1
39,0,1187,367,16,34,-1,-1,-1,-1
40,0,1187,368,16,33,-1,-1,-1,-1
41,0,1186,370,15,33,-1,-1,-1,-1
42,0,1185,370,15,32,-1,-1,-1,-1
43,0,1184,369,17,34,-1,-1,-1,-1
44,0,1184,371,15,33,-1,-1,-1,-1
45,0,1182,370,18,34,-1,-1,-1,-1
46,0,1182,373,16,32,-1,-1,-1,-1
47,0,1181,373,17,34,-1,-1,-1,-1
48,0,1180,373,18,34,-1,-1,-1,-1
49,0,1179,373,18,35,-1,-1,-1,-1
50,0,1179,374,18,35,-1,-1,-1,-1
51,0,1178,374,19,35,-1,-1,-1,-1
52,0,1178,374,18,35,-1,-1,-1,-1
53,0,1177,374,19,34,-1,-1,-1,-1
54,0,1177,373,19,35,-1,-1,-1,-1
55,0,1176,374,19,34,-1,-1,-1,-1
56,0,1174,375,18,34,-1,-1,-1,-1
57,0,1173,375,18,35,-1,-1,-1,-1
58,0,1172,375,19,35,-1,-1,-1,-1
59,0,1172,375,18,36,-1,-1,-1,-1
60,0,1171,375,19,36,-1,-1,-1,-1
61,0,1171,375,19,36,-1,-1,-1,-1
62,0,1170,375,19,36,-1,-1,-1,-1
63,0,1170,375,18,36,-1,-1,-1,-1
64,0,1170,376,18,36,-1,-1,-1,-1
65,0,1169,377,18,35,-1,-1,-1,-1
66,0,1168,377,18,35,-1,-1,-1,-1
67,0,1167,377,18,35,-1,-1,-1,-1
68,0,1167,377,18,35,-1,-1,-1,-1
69,0,1166,377,19,36,-1,-1,-1,-1
70,0,1165,377,20,37,-1,-1,-1,-1
71,0,1164,378,20,37,-1,-1,-1,-1
72,0,1163,379,20,35,-1,-1,-1,-1
73,0,1163,379,19,35,-1,-1,-1,-1
74,0,1162,380,19,35,-1,-1,-1,-1
75,0,1161,381,19,35,-1,-1,-1,-1
76,0,1161,381,19,35,-1,-1,-1,-1
77,0,1160,381,19,35,-1,-1,-1,-1
78,0,1160,381,19,35,-1,-1,-1,-1
79,0,1159,381,20,35,-1,-1,-1,-1
80,0,1159,381,19,36,-1,-1,-1,-1
81,0,1158,381,20,37,-1,-1,-1,-1
82,0,1158,382,20,36,-1,-1,-1,-1
83,0,1157,381,20,37,-1,-1,-1,-1
84,0,1157,381,20,37,-1,-1,-1,-1
85,0,1157,382,20,37,-1,-1,-1,-1
86,0,1157,383,19,35,-1,-1,-1,-1
87,0,1157,383,19,36,-1,-1,-1,-1
88,0,1156,383,19,36,-1,-1,-1,-1
89,0,1153,384,19,36,-1,-1,-1,-1
90,0,1153,384,19,35,-1,-1,-1,-1
91,0,1152,384,20,36,-1,-1,-1,-1
92,0,1152,384,19,33,-1,-1,-1,-1
93,0,1151,384,19,35,-1,-1,-1,-1
94,0,1151,385,19,36,-1,-1,-1,-1
95,0,1151,385,18,34,-1,-1,-1,-1
96,0,1149,385,20,36,-1,-1,-1,-1
97,0,1149,386,19,35,-1,-1,-1,-1
98,0,1148,386,21,37,-1,-1,-1,-1
99,0,1147,386,19,38,-1,-1,-1,-1
100,0,1147,387,19,37,-1,-1,-1,-1
101,0,1146,387,19,35,-1,-1,-1,-1
102,0,1145,387,20,35,-1,-1,-1,-1
103,0,1145,386,19,36,-1,-1,-1,-1
104,0,1144,386,20,37,-1,-1,-1,-1
105,0,1143,387,21,36,-1,-1,-1,-1
106,0,1143,387,20,37,-1,-1,-1,-1
107,0,1142,386,20,39,-1,-1,-1,-1
108,0,1141,387,21,39,-1,-1,-1,-1
109,0,1141,388,19,37,-1,-1,-1,-1
110,0,1140,388,19,37,-1,-1,-1,-1
111,0,1139,388,19,38,-1,-1,-1,-1
112,0,1138,388,19,39,-1,-1,-1,-1
113,0,1138,388,19,39,-1,-1,-1,-1
114,0,1137,388,19,39,-1,-1,-1,-1
115,0,1137,388,19,38,-1,-1,-1,-1
116,0,1136,388,19,39,-1,-1,-1,-1
117,0,1134,389,20,39,-1,-1,-1,-1
118,0,1133,390,20,38,-1,-1,-1,-1
119,0,1132,390,20,38,-1,-1,-1,-1
120,0,1131,390,20,38,-1,-1,-1,-1
121,0,1131,389,19,39,-1,-1,-1,-1
122,0,1130,389,19,39,-1,-1,-1,-1
123,0,1129,390,19,38,-1,-1,-1,-1
124,0,1128,390,21,39,-1,-1,-1,-1
125,0,1128,390,20,39,-1,-1,-1,-1
126,0,1128,390,20,40,-1,-1,-1,-1
127,0,1126,391,21,39,-1,-1,-1,-1
128,0,1127,391,20,38,-1,-1,-1,-1
129,0,1127,392,19,37,-1,-1,-1,-1
130,0,1126,392,20,38,-1,-1,-1,-1
131,0,1125,391,20,39,-1,-1,-1,-1
132,0,1124,392,20,39,-1,-1,-1,-1
133,0,1123,392,20,40,-1,-1,-1,-1
134,0,1122,392,21,40,-1,-1,-1,-1
135,0,1122,393,20,40,-1,-1,-1,-1
136,0,1121,392,21,41,-1,-1,-1,-1
137,0,1122,392,19,40,-1,-1,-1,-1
138,0,1121,393,20,41,-1,-1,-1,-1
139,0,1120,393,21,41,-1,-1,-1,-1
140,0,1119,393,22,41,-1,-1,-1,-1
141,0,1119,393,22,42,-1,-1,-1,-1
142,0,1118,393,23,42,-1,-1,-1,-1
143,0,1118,393,22,42,-1,-1,-1,-1
144,0,1117,392,23,43,-1,-1,-1,-1
145,0,1117,392,23,43,-1,-1,-1,-1
146,0,1117,394,23,42,-1,-1,-1,-1
147,0,1116,394,22,42,-1,-1,-1,-1
148,0,1115,393,23,43,-1,-1,-1,-1
149,0,1115,393,22,44,-1,-1,-1,-1
150,0,1114,393,24,45,-1,-1,-1,-1
151,0,1114,392,23,45,-1,-1,-1,-1
152,0,1113,393,24,45,-1,-1,-1,-1
153,0,1113,394,23,43,-1,-1,-1,-1
154,0,1113,394,22,43,-1,-1,-1,-1
155,0,1112,395,23,43,-1,-1,-1,-1
156,0,1112,397,23,43,-1,-1,-1,-1
157,0,1112,399,21,40,-1,-1,-1,-1
158,0,1111,400,22,39,-1,-1,-1,-1
159,0,1111,400,22,40,-1,-1,-1,-1
160,0,1111,400,22,40,-1,-1,-1,-1
161,0,1112,400,21,41,-1,-1,-1,-1
162,0,1111,399,21,42,-1,-1,-1,-1
163,0,1111,398,21,43,-1,-1,-1,-1
164,0,1110,398,21,43,-1,-1,-1,-1
165,0,1109,398,22,43,-1,-1,-1,-1
166,0,1108,400,20,41,-1,-1,-1,-1
167,0,1108,401,21,41,-1,-1,-1,-1
168,0,1108,401,20,42,-1,-1,-1,-1
169,0,1107,401,21,42,-1,-1,-1,-1
170,0,1107,400,20,43,-1,-1,-1,-1
171,0,1107,402,20,41,-1,-1,-1,-1
172,0,1107,401,20,42,-1,-1,-1,-1
173,0,1107,402,19,41,-1,-1,-1,-1
174,0,1106,402,20,41,-1,-1,-1,-1
175,0,1106,403,20,40,-1,-1,-1,-1
176,0,1105,403,21,41,-1,-1,-1,-1
177,0,1104,403,20,41,-1,-1,-1,-1
178,0,1103,402,20,42,-1,-1,-1,-1
179,0,1101,401,21,44,-1,-1,-1,-1
180,0,1101,401,21,43,-1,-1,-1,-1
181,0,1100,402,21,42,-1,-1,-1,-1
182,0,1100,402,21,43,-1,-1,-1,-1
183,0,1099,403,21,41,-1,-1,-1,-1
184,0,1099,403,21,42,-1,-1,-1,-1
185,0,1098,402,21,43,-1,-1,-1,-1
186,0,1097,402,22,43,-1,-1,-1,-1
187,0,1097,403,22,42,-1,-1,-1,-1
188,0,1096,403,22,43,-1,-1,-1,-1
189,0,1096,403,22,43,-1,-1,-1,-1
190,0,1096,405,21,41,-1,-1,-1,-1
191,0,1096,407,20,40,-1,-1,-1,-1
192,0,1094,407,20,39,-1,-1,-1,-1
193,0,1093,406,19,38,-1,-1,-1,-1
194,0,1092,406,20,39,-1,-1,-1,-1
195,0,1092,407,18,35,-1,-1,-1,-1
196,0,1091,407,19,36,-1,-1,-1,-1
197,0,1091,410,19,35,-1,-1,-1,-1
198,0,1091,410,19,34,-1,-1,-1,-1
199,0,1090,410,19,34,-1,-1,-1,-1
200,0,1089,410,20,36,-1,-1,-1,-1
201,0,1088,410,20,33,-1,-1,-1,-1
202,0,1087,410,20,35,-1,-1,-1,-1
203,0,1087,411,19,35,-1,-1,-1,-1
204,0,1086,413,19,34,-1,-1,-1,-1
205,0,1085,416,19,32,-1,-1,-1,-1
206,0,1084,415,20,33,-1,-1,-1,-1
207,0,1083,415,19,35,-1,-1,-1,-1
208,0,1082,415,21,37,-1,-1,-1,-1
466,1,813,519,29,70,-1,-1,-1,-1
467,1,817,521,29,58,-1,-1,-1,-1
468,1,818,526,22,61,-1,-1,-1,-1
469,1,806,534,33,73,-1,-1,-1,-1
1,2,743,557,28,70,-1,-1,-1,-1
2,2,743,556,28,71,-1,-1,-1,-1
3,2,745,558,26,69,-1,-1,-1,-1
4,2,745,557,26,70,-1,-1,-1,-1
5,2,745,556,26,71,-1,-1,-1,-1
6,2,745,557,26,71,-1,-1,-1,-1
7,2,745,556,26,72,-1,-1,-1,-1
8,2,745,556,26,73,-1,-1,-1,-1
9,2,745,555,26,74,-1,-1,-1,-1
10,2,745,555,27,74,-1,-1,-1,-1
11,2,743,555,28,73,-1,-1,-1,-1
12,2,743,555,29,73,-1,-1,-1,-1
13,2,744,556,27,71,-1,-1,-1,-1
14,2,743,556,29,71,-1,-1,-1,-1
15,2,744,556,28,71,-1,-1,-1,-1
16,2,743,556,29,72,-1,-1,-1,-1
17,2,742,556,30,72,-1,-1,-1,-1
18,2,743,556,29,72,-1,-1,-1,-1
19,2,743,557,29,70,-1,-1,-1,-1
20,2,743,556,29,72,-1,-1,-1,-1
21,2,743,556,29,72,-1,-1,-1,-1
22,2,743,555,30,73,-1,-1,-1,-1
23,2,742,555,31,73,-1,-1,-1,-1
24,2,743,555,30,73,-1,-1,-1,-1
25,2,743,555,30,74,-1,-1,-1,-1
26,2,742,554,31,75,-1,-1,-1,-1
27,2,742,555,31,74,-1,-1,-1,-1
28,2,745,556,28,73,-1,-1,-1,-1
29,2,743,555,30,74,-1,-1,-1,-1
30,2,743,555,30,74,-1,-1,-1,-1
31,2,745,555,28,74,-1,-1,-1,-1
32,2,743,555,31,74,-1,-1,-1,-1
33,2,743,555,31,74,-1,-1,-1,-1
34,2,743,555,31,75,-1,-1,-1,-1
35,2,743,555,31,75,-1,-1,-1,-1
36,2,745,557,27,72,-1,-1,-1,-1
37,2,743,555,31,74,-1,-1,-1,-1
38,2,743,555,31,75,-1,-1,-1,-1
39,2,743,554,31,76,-1,-1,-1,-1
40,2,743,555,31,75,-1,-1,-1,-1
41,2,743,555,31,75,-1,-1,-1,-1
42,2,743,555,31,75,-1,-1,-1,-1
43,2,743,555,31,75,-1,-1,-1,-1
44,2,743,554,31,76,-1,-1,-1,-1
45,2,743,555,31,75,-1,-1,-1,-1
46,2,743,557,29,71,-1,-1,-1,-1
47,2,743,555,31,75,-1,-1,-1,-1
48,2,743,558,29,70,-1,-1,-1,-1
49,2,745,556,27,73,-1,-1,-1,-1
50,2,745,557,26,72,-1,-1,-1,-1
51,2,745,557,26,72,-1,-1,-1,-1
52,2,745,558,26,71,-1,-1,-1,-1
53,2,745,558,26,71,-1,-1,-1,-1
54,2,745,557,26,72,-1,-1,-1,-1
55,2,743,558,28,69,-1,-1,-1,-1
56,2,743,555,27,74,-1,-1,-1,-1
57,2,744,555,26,74,-1,-1,-1,-1
58,2,744,554,26,76,-1,-1,-1,-1
59,2,744,555,26,73,-1,-1,-1,-1
60,2,743,555,27,73,-1,-1,-1,-1
61,2,743,555,27,75,-1,-1,-1,-1
62,2,743,555,28,75,-1,-1,-1,-1
63,2,743,556,28,73,-1,-1,-1,-1
64,2,743,555,28,75,-1,-1,-1,-1
65,2,744,558,27,69,-1,-1,-1,-1
66,2,743,555,28,75,-1,-1,-1,-1
67,2,743,555,28,75,-1,-1,-1,-1
68,2,743,555,27,75,-1,-1,-1,-1
69,2,744,558,26,69,-1,-1,-1,-1
70,2,744,558,26,69,-1,-1,-1,-1
71,2,744,558,26,68,-1,-1,-1,-1
72,2,744,557,26,70,-1,-1,-1,-1
73,2,744,558,26,69,-1,-1,-1,-1
74,2,744,557,26,70,-1,-1,-1,-1
75,2,744,557,26,70,-1,-1,-1,-1
76,2,744,558,26,69,-1,-1,-1,-1
77,2,744,558,26,69,-1,-1,-1,-1
78,2,744,557,26,70,-1,-1,-1,-1
79,2,744,558,26,70,-1,-1,-1,-1
80,2,744,558,26,69,-1,-1,-1,-1
81,2,744,558,26,69,-1,-1,-1,-1
82,2,743,556,27,74,-1,-1,-1,-1
83,2,744,558,26,69,-1,-1,-1,-1
84,2,745,559,24,68,-1,-1,-1,-1
85,2,744,559,25,68,-1,-1,-1,-1
86,2,745,558,24,69,-1,-1,-1,-1
87,2,744,558,25,69,-1,-1,-1,-1
88,2,744,558,25,69,-1,-1,-1,-1
89,2,744,558,25,69,-1,-1,-1,-1
90,2,745,559,24,68,-1,-1,-1,-1
91,2,743,555,27,76,-1,-1,-1,-1
92,2,743,555,26,75,-1,-1,-1,-1
93,2,744,558,25,70,-1,-1,-1,-1
94,2,744,556,25,73,-1,-1,-1,-1
95,2,743,556,26,74,-1,-1,-1,-1
96,2,743,556,26,74,-1,-1,-1,-1
97,2,743,556,27,73,-1,-1,-1,-1
98,2,743,556,27,74,-1,-1,-1,-1
99,2,743,555,27,74,-1,-1,-1,-1
100,2,744,558,27,69,-1,-1,-1,-1
101,2,744,558,26,69,-1,-1,-1,-1
102,2,745,559,25,68,-1,-1,-1,-1
103,2,745,559,25,68,-1,-1,-1,-1
104,2,745,558,25,69,-1,-1,-1,-1
105,2,746,558,24,69,-1,-1,-1,-1
106,2,745,557,26,71,-1,-1,-1,-1
107,2,745,558,26,70,-1,-1,-1,-1
108,2,745,558,26,70,-1,-1,-1,-1
109,2,745,558,26,70,-1,-1,-1,-1
110,2,745,558,26,70,-1,-1,-1,-1
111,2,745,559,26,69,-1,-1,-1,-1
112,2,746,558,25,70,-1,-1,-1,-1
113,2,745,558,26,69,-1,-1,-1,-1
114,2,746,559,25,68,-1,-1,-1,-1
115,2,746,559,25,68,-1,-1,-1,-1
116,2,746,558,26,70,-1,-1,-1,-1
117,2,746,558,26,71,-1,-1,-1,-1
118,2,746,557,26,71,-1,-1,-1,-1
119,2,746,557,26,71,-1,-1,-1,-1
120,2,746,556,26,72,-1,-1,-1,-1
121,2,745,557,26,71,-1,-1,-1,-1
122,2,746,557,25,71,-1,-1,-1,-1
123,2,746,557,26,71,-1,-1,-1,-1
124,2,747,556,26,71,-1,-1,-1,-1
125,2,746,557,26,69,-1,-1,-1,-1
126,2,746,557,25,70,-1,-1,-1,-1
127,2,746,557,26,70,-1,-1,-1,-1
128,2,746,556,26,71,-1,-1,-1,-1
129,2,746,556,26,71,-1,-1,-1,-1
130,2,746,556,26,73,-1,-1,-1,-1
131,2,746,555,26,74,-1,-1,-1,-1
132,2,746,555,26,74,-1,-1,-1,-1
133,2,747,555,26,74,-1,-1,-1,-1
134,2,747,554,26,76,-1,-1,-1,-1
135,2,747,554,27,75,-1,-1,-1,-1
136,2,746,556,28,72,-1,-1,-1,-1
137,2,747,554,27,75,-1,-1,-1,-1
138,2,746,555,27,75,-1,-1,-1,-1
139,2,746,556,29,70,-1,-1,-1,-1
140,2,747,557,28,70,-1,-1,-1,-1
141,2,747,558,29,69,-1,-1,-1,-1
142,2,748,559,28,68,-1,-1,-1,-1
143,2,750,556,27,73,-1,-1,-1,-1
144,2,750,557,27,71,-1,-1,-1,-1
145,2,750,557,27,70,-1,-1,-1,-1
146,2,750,556,27,72,-1,-1,-1,-1
147,2,751,556,27,72,-1,-1,-1,-1
148,2,752,555,27,72,-1,-1,-1,-1
149,2,750,558,30,68,-1,-1,-1,-1
150,2,751,555,28,71,-1,-1,-1,-1
151,2,751,555,28,71,-1,-1,-1,-1
152,2,750,558,30,67,-1,-1,-1,-1
153,2,752,554,28,74,-1,-1,-1,-1
154,2,752,554,29,74,-1,-1,-1,-1
155,2,752,555,29,72,-1,-1,-1,-1
156,2,752,555,29,72,-1,-1,-1,-1
157,2,751,557,32,70,-1,-1,-1,-1
158,2,752,557,30,69,-1,-1,-1,-1
159,2,751,557,31,71,-1,-1,-1,-1
160,2,752,556,31,72,-1,-1,-1,-1
161,2,753,557,28,69,-1,-1,-1,-1
162,2,753,556,29,72,-1,-1,-1,-1
163,2,754,557,28,68,-1,-1,-1,-1
164,2,754,557,28,69,-1,-1,-1,-1
165,2,754,556,28,72,-1,-1,-1,-1
166,2,756,558,26,69,-1,-1,-1,-1
167,2,756,559,26,69,-1,-1,-1,-1
168,2,756,559,26,69,-1,-1,-1,-1
169,2,757,560,25,68,-1,-1,-1,-1
170,2,756,559,27,70,-1,-1,-1,-1
171,2,756,559,27,69,-1,-1,-1,-1
172,2,757,559,27,70,-1,-1,-1,-1
173,2,757,558,27,71,-1,-1,-1,-1
174,2,758,559,26,68,-1,-1,-1,-1
175,2,759,560,25,68,-1,-1,-1,-1
176,2,758,561,25,67,-1,-1,-1,-1
177,2,760,563,25,65,-1,-1,-1,-1
178,2,760,563,25,65,-1,-1,-1,-1
179,2,759,562,26,67,-1,-1,-1,-1
180,2,759,563,27,65,-1,-1,-1,-1
181,2,760,562,26,66,-1,-1,-1,-1
182,2,759,562,28,67,-1,-1,-1,-1
183,2,761,561,29,68,-1,-1,-1,-1
184,2,760,562,29,66,-1,-1,-1,-1
185,2,761,560,30,70,-1,-1,-1,-1
186,2,762,560,27,70,-1,-1,-1,-1
187,2,761,560,30,70,-1,-1,-1,-1
188,2,761,560,32,69,-1,-1,-1,-1
189,2,762,559,29,70,-1,-1,-1,-1
190,2,762,560,29,66,-1,-1,-1,-1
191,2,763,560,28,69,-1,-1,-1,-1
192,2,763,563,28,64,-1,-1,-1,-1
193,2,763,562,29,65,-1,-1,-1,-1
194,2,763,563,30,64,-1,-1,-1,-1
195,2,763,564,31,63,-1,-1,-1,-1
196,2,764,563,29,64,-1,-1,-1,-1
197,2,766,560,27,68,-1,-1,-1,-1
198,2,767,561,26,66,-1,-1,-1,-1
199,2,767,559,28,70,-1,-1,-1,-1
200,2,767,560,28,68,-1,-1,-1,-1
201,2,767,560,27,68,-1,-1,-1,-1
202,2,768,557,28,73,-1,-1,-1,-1
203,2,768,558,27,72,-1,-1,-1,-1
204,2,768,558,27,71,-1,-1,-1,-1
205,2,768,560,27,68,-1,-1,-1,-1
206,2,768,561,27,67,-1,-1,-1,-1
207,2,766,559,32,71,-1,-1,-1,-1
208,2,768,561,28,67,-1,-1,-1,-1
209,2,768,559,29,68,-1,-1,-1,-1
210,2,767,560,30,67,-1,-1,-1,-1
211,2,769,559,29,68,-1,-1,-1,-1
212,2,768,558,31,69,-1,-1,-1,-1
213,2,767,557,32,72,-1,-1,-1,-1
214,2,767,556,33,72,-1,-1,-1,-1
215,2,769,558,30,68,-1,-1,-1,-1
216,2,769,558,30,68,-1,-1,-1,-1
217,2,769,558,31,67,-1,-1,-1,-1
218,2,768,557,34,68,-1,-1,-1,-1
219,2,769,559,31,67,-1,-1,-1,-1
220,2,767,558,35,68,-1,-1,-1,-1
221,2,770,559,30,67,-1,-1,-1,-1
222,2,767,557,35,70,-1,-1,-1,-1
223,2,770,559,30,69,-1,-1,-1,-1
224,2,769,560,31,68,-1,-1,-1,-1
225,2,769,560,31,68,-1,-1,-1,-1
226,2,769,560,31,69,-1,-1,-1,-1
227,2,767,558,34,71,-1,-1,-1,-1
228,2,767,558,34,71,-1,-1,-1,-1
229,2,767,558,34,71,-1,-1,-1,-1
230,2,767,560,33,69,-1,-1,-1,-1
231,2,769,559,30,70,-1,-1,-1,-1
232,2,767,558,33,71,-1,-1,-1,-1
233,2,767,558,33,71,-1,-1,-1,-1
234,2,767,557,34,71,-1,-1,-1,-1
235,2,767,557,34,72,-1,-1,-1,-1
236,2,767,557,34,72,-1,-1,-1,-1
237,2,769,559,31,70,-1,-1,-1,-1
238,2,769,559,30,70,-1,-1,-1,-1
239,2,769,559,31,70,-1,-1,-1,-1
240,2,770,559,30,71,-1,-1,-1,-1
241,2,769,559,31,71,-1,-1,-1,-1
242,2,770,560,29,69,-1,-1,-1,-1
243,2,770,559,29,70,-1,-1,-1,-1
244,2,769,559,30,70,-1,-1,-1,-1
245,2,770,560,29,69,-1,-1,-1,-1
246,2,768,557,33,72,-1,-1,-1,-1
247,2,769,560,30,69,-1,-1,-1,-1
248,2,770,560,29,69,-1,-1,-1,-1
249,2,768,558,32,71,-1,-1,-1,-1
250,2,769,560,30,69,-1,-1,-1,-1
251,2,770,560,29,69,-1,-1,-1,-1
252,2,770,560,29,69,-1,-1,-1,-1
253,2,770,560,29,69,-1,-1,-1,-1
254,2,770,560,29,70,-1,-1,-1,-1
255,2,770,560,29,70,-1,-1,-1,-1
256,2,770,560,29,69,-1,-1,-1,-1
257,2,770,560,29,69,-1,-1,-1,-1
258,2,770,560,29,70,-1,-1,-1,-1
259,2,770,560,29,70,-1,-1,-1,-1
260,2,770,560,28,70,-1,-1,-1,-1
261,2,770,560,28,70,-1,-1,-1,-1
262,2,770,560,28,70,-1,-1,-1,-1
263,2,770,560,28,70,-1,-1,-1,-1
264,2,770,560,28,70,-1,-1,-1,-1
265,2,770,560,28,70,-1,-1,-1,-1
266,2,770,560,28,70,-1,-1,-1,-1
267,2,770,560,28,70,-1,-1,-1,-1
268,2,770,560,28,69,-1,-1,-1,-1
269,2,770,560,28,70,-1,-1,-1,-1
270,2,770,559,29,71,-1,-1,-1,-1
271,2,770,559,29,71,-1,-1,-1,-1
272,2,770,559,29,71,-1,-1,-1,-1
273,2,770,559,29,71,-1,-1,-1,-1
274,2,770,559,29,71,-1,-1,-1,-1
275,2,771,560,28,70,-1,-1,-1,-1
276,2,770,559,29,71,-1,-1,-1,-1
277,2,770,559,29,71,-1,-1,-1,-1
278,2,770,560,29,70,-1,-1,-1,-1
279,2,771,560,28,70,-1,-1,-1,-1
280,2,770,560,29,70,-1,-1,-1,-1
281,2,771,560,28,70,-1,-1,-1,-1
282,2,770,560,29,70,-1,-1,-1,-1
283,2,770,559,29,71,-1,-1,-1,-1
284,2,771,560,28,70,-1,-1,-1,-1
285,2,771,560,28,70,-1,-1,-1,-1
286,2,770,560,29,70,-1,-1,-1,-1
287,2,771,560,28,70,-1,-1,-1,-1
288,2,771,560,28,69,-1,-1,-1,-1
289,2,770,560,29,70,-1,-1,-1,-1
290,2,770,560,29,70,-1,-1,-1,-1
291,2,770,560,29,70,-1,-1,-1,-1
292,2,771,560,28,70,-1,-1,-1,-1
293,2,771,560,28,70,-1,-1,-1,-1
294,2,771,560,28,70,-1,-1,-1,-1
295,2,771,560,27,70,-1,-1,-1,-1
296,2,771,560,28,70,-1,-1,-1,-1
297,2,771,559,28,71,-1,-1,-1,-1
298,2,770,558,29,72,-1,-1,-1,-1
299,2,770,558,30,72,-1,-1,-1,-1
300,2,770,559,29,71,-1,-1,-1,-1
301,2,768,556,33,75,-1,-1,-1,-1
302,2,768,556,33,74,-1,-1,-1,-1
303,2,770,558,30,72,-1,-1,-1,-1
304,2,770,558,29,72,-1,-1,-1,-1
305,2,770,557,30,72,-1,-1,-1,-1
306,2,769,555,32,74,-1,-1,-1,-1
307,2,770,557,30,72,-1,-1,-1,-1
308,2,770,557,30,72,-1,-1,-1,-1
309,2,768,556,33,73,-1,-1,-1,-1
310,2,768,555,33,74,-1,-1,-1,-1
311,2,770,557,30,72,-1,-1,-1,-1
312,2,768,556,33,74,-1,-1,-1,-1
313,2,769,555,32,73,-1,-1,-1,-1
314,2,768,556,34,74,-1,-1,-1,-1
315,2,769,556,32,74,-1,-1,-1,-1
316,2,771,557,29,73,-1,-1,-1,-1
317,2,769,557,32,72,-1,-1,-1,-1
318,2,770,556,31,74,-1,-1,-1,-1
319,2,769,556,32,73,-1,-1,-1,-1
320,2,769,555,32,75,-1,-1,-1,-1
321,2,769,555,32,75,-1,-1,-1,-1
322,2,769,555,32,74,-1,-1,-1,-1
323,2,770,556,31,73,-1,-1,-1,-1
324,2,771,557,30,71,-1,-1,-1,-1
325,2,771,557,31,72,-1,-1,-1,-1
326,2,771,557,31,71,-1,-1,-1,-1
327,2,771,558,30,70,-1,-1,-1,-1
328,2,771,558,31,70,-1,-1,-1,-1
329,2,770,557,31,71,-1,-1,-1,-1
330,2,771,557,30,71,-1,-1,-1,-1
331,2,771,557,30,72,-1,-1,-1,-1
332,2,771,557,30,72,-1,-1,-1,-1
333,2,771,557,31,70,-1,-1,-1,-1
334,2,770,557,32,70,-1,-1,-1,-1
335,2,771,557,31,71,-1,-1,-1,-1
336,2,772,556,29,72,-1,-1,-1,-1
337,2,772,557,29,71,-1,-1,-1,-1
338,2,772,556,29,73,-1,-1,-1,-1
339,2,771,555,30,73,-1,-1,-1,-1
340,2,771,555,30,73,-1,-1,-1,-1
341,2,772,556,29,72,-1,-1,-1,-1
342,2,771,556,30,72,-1,-1,-1,-1
343,2,772,556,30,72,-1,-1,-1,-1
344,2,771,556,31,73,-1,-1,-1,-1
345,2,773,557,29,73,-1,-1,-1,-1
346,2,773,557,29,73,-1,-1,-1,-1
347,2,774,556,28,74,-1,-1,-1,-1
348,2,774,556,28,74,-1,-1,-1,-1
349,2,775,557,27,73,-1,-1,-1,-1
350,2,776,558,26,71,-1,-1,-1,-1
351,2,776,558,27,70,-1,-1,-1,-1
352,2,776,559,27,70,-1,-1,-1,-1
353,2,776,558,27,71,-1,-1,-1,-1
354,2,777,559,26,69,-1,-1,-1,-1
355,2,777,559,25,70,-1,-1,-1,-1
356,2,776,559,26,71,-1,-1,-1,-1
357,2,776,558,27,72,-1,-1,-1,-1
358,2,776,559,27,70,-1,-1,-1,-1
359,2,777,560,26,69,-1,-1,-1,-1
360,2,777,559,26,70,-1,-1,-1,-1
361,2,777,559,27,69,-1,-1,-1,-1
362,2,778,558,26,70,-1,-1,-1,-1
363,2,778,558,27,70,-1,-1,-1,-1
364,2,778,558,27,70,-1,-1,-1,-1
365,2,779,557,27,71,-1,-1,-1,-1
366,2,780,557,26,71,-1,-1,-1,-1
367,2,780,557,27,71,-1,-1,-1,-1
368,2,779,558,29,69,-1,-1,-1,-1
369,2,780,558,27,69,-1,-1,-1,-1
370,2,781,558,27,69,-1,-1,-1,-1
371,2,781,558,28,70,-1,-1,-1,-1
372,2,781,558,28,70,-1,-1,-1,-1
373,2,781,559,27,70,-1,-1,-1,-1
374,2,782,558,27,70,-1,-1,-1,-1
375,2,781,559,29,69,-1,-1,-1,-1
376,2,783,558,26,70,-1,-1,-1,-1
377,2,783,558,26,69,-1,-1,-1,-1
378,2,784,558,25,69,-1,-1,-1,-1
379,2,783,557,27,71,-1,-1,-1,-1
380,2,784,557,28,71,-1,-1,-1,-1
381,2,783,557,29,71,-1,-1,-1,-1
382,2,784,556,28,72,-1,-1,-1,-1
383,2,784,558,27,70,-1,-1,-1,-1
384,2,785,559,26,70,-1,-1,-1,-1
385,2,785,559,27,69,-1,-1,-1,-1
386,2,785,559,27,69,-1,-1,-1,-1
387,2,785,559,27,69,-1,-1,-1,-1
388,2,785,559,27,69,-1,-1,-1,-1
389,2,785,559,27,68,-1,-1,-1,-1
390,2,785,558,27,69,-1,-1,-1,-1
391,2,785,557,28,71,-1,-1,-1,-1
392,2,785,558,29,71,-1,-1,-1,-1
393,2,786,557,28,71,-1,-1,-1,-1
394,2,786,558,28,70,-1,-1,-1,-1
395,2,785,556,31,72,-1,-1,-1,-1
396,2,786,557,30,69,-1,-1,-1,-1
397,2,786,556,31,71,-1,-1,-1,-1
398,2,787,557,30,70,-1,-1,-1,-1
399,2,787,557,30,68,-1,-1,-1,-1
400,2,789,558,29,67,-1,-1,-1,-1
401,2,787,556,32,70,-1,-1,-1,-1
402,2,788,556,30,70,-1,-1,-1,-1
403,2,788,555,31,71,-1,-1,-1,-1
404,2,789,556,30,70,-1,-1,-1,-1
405,2,789,556,30,70,-1,-1,-1,-1
406,2,791,556,28,70,-1,-1,-1,-1
407,2,791,557,29,70,-1,-1,-1,-1
408,2,791,557,29,72,-1,-1,-1,-1
409,2,792,557,29,73,-1,-1,-1,-1
410,2,792,556,28,73,-1,-1,-1,-1
411,2,792,556,28,71,-1,-1,-1,-1
412,2,792,557,28,70,-1,-1,-1,-1
413,2,792,557,28,71,-1,-1,-1,-1
414,2,792,557,28,71,-1,-1,-1,-1
415,2,791,555,28,72,-1,-1,-1,-1
416,2,790,555,30,72,-1,-1,-1,-1
417,2,791,556,29,71,-1,-1,-1,-1
418,2,791,555,30,72,-1,-1,-1,-1
419,2,794,554,27,73,-1,-1,-1,-1
420,2,792,555,31,71,-1,-1,-1,-1
421,2,795,554,28,73,-1,-1,-1,-1
422,2,795,555,28,72,-1,-1,-1,-1
423,2,796,555,27,72,-1,-1,-1,-1
424,2,795,555,28,72,-1,-1,-1,-1
425,2,797,555,27,71,-1,-1,-1,-1
426,2,797,554,28,72,-1,-1,-1,-1
427,2,798,554,28,72,-1,-1,-1,-1
428,2,798,554,29,73,-1,-1,-1,-1
429,2,798,555,29,70,-1,-1,-1,-1
430,2,799,554,30,73,-1,-1,-1,-1
431,2,799,555,30,73,-1,-1,-1,-1
432,2,798,555,34,75,-1,-1,-1,-1
433,2,797,556,35,75,-1,-1,-1,-1
434,2,798,556,34,74,-1,-1,-1,-1
435,2,799,555,32,73,-1,-1,-1,-1
436,2,799,554,31,73,-1,-1,-1,-1
437,2,799,554,31,74,-1,-1,-1,-1
438,2,800,554,30,74,-1,-1,-1,-1
439,2,802,557,27,69,-1,-1,-1,-1
440,2,802,557,26,69,-1,-1,-1,-1
441,2,800,556,29,72,-1,-1,-1,-1
442,2,800,555,29,73,-1,-1,-1,-1
443,2,801,555,28,74,-1,-1,-1,-1
444,2,802,554,27,75,-1,-1,-1,-1
445,2,801,554,29,75,-1,-1,-1,-1
446,2,800,553,31,76,-1,-1,-1,-1
447,2,800,553,31,76,-1,-1,-1,-1
448,2,801,552,29,77,-1,-1,-1,-1
449,2,800,552,30,77,-1,-1,-1,-1
450,2,802,552,28,80,-1,-1,-1,-1
451,2,802,551,28,77,-1,-1,-1,-1
452,2,802,552,28,72,-1,-1,-1,-1
453,2,802,552,28,73,-1,-1,-1,-1
454,2,802,553,28,70,-1,-1,-1,-1
455,2,801,551,29,75,-1,-1,-1,-1
456,2,801,551,30,73,-1,-1,-1,-1
457,2,801,552,30,71,-1,-1,-1,-1
458,2,800,550,30,72,-1,-1,-1,-1
459,2,803,552,27,69,-1,-1,-1,-1
460,2,803,552,27,68,-1,-1,-1,-1
461,2,802,550,28,71,-1,-1,-1,-1
462,2,802,548,28,73,-1,-1,-1,-1
463,2,805,549,27,71,-1,-1,-1,-1
464,2,805,552,26,68,-1,-1,-1,-1
465,2,806,551,25,67,-1,-1,-1,-1
466,2,807,556,25,63,-1,-1,-1,-1
467,2,804,562,29,59,-1,-1,-1,-1
468,2,806,565,28,54,-1,-1,-1,-1
469,2,804,561,28,55,-1,-1,-1,-1
470,2,805,560,27,55,-1,-1,-1,-1
471,2,805,548,30,61,-1,-1,-1,-1
472,2,806,564,29,50,-1,-1,-1,-1
473,2,807,559,26,54,-1,-1,-1,-1
474,2,807,565,28,49,-1,-1,-1,-1
475,2,809,569,29,48,-1,-1,-1,-1
476,2,810,570,28,50,-1,-1,-1,-1
477,2,809,568,30,53,-1,-1,-1,-1
478,2,810,565,30,58,-1,-1,-1,-1
479,2,810,552,31,66,-1,-1,-1,-1
480,2,810,551,32,68,-1,-1,-1,-1
481,2,812,546,32,72,-1,-1,-1,-1
482,2,811,546,33,72,-1,-1,-1,-1
483,2,812,544,33,75,-1,-1,-1,-1
484,2,811,547,32,72,-1,-1,-1,-1
485,2,814,547,31,70,-1,-1,-1,-1
486,2,817,545,27,65,-1,-1,-1,-1
487,2,818,546,25,63,-1,-1,-1,-1
488,2,818,546,27,65,-1,-1,-1,-1
489,2,818,545,26,66,-1,-1,-1,-1
490,2,815,547,32,70,-1,-1,-1,-1
491,2,817,549,30,67,-1,-1,-1,-1
492,2,817,548,31,68,-1,-1,-1,-1
493,2,818,544,30,69,-1,-1,-1,-1
494,2,817,544,32,69,-1,-1,-1,-1
495,2,817,543,33,74,-1,-1,-1,-1
496,2,815,542,35,77,-1,-1,-1,-1
497,2,815,543,35,76,-1,-1,-1,-1
498,2,819,544,30,70,-1,-1,-1,-1
499,2,818,541,34,69,-1,-1,-1,-1
500,2,820,540,32,73,-1,-1,-1,-1
501,2,822,543,29,70,-1,-1,-1,-1
502,2,823,542,29,71,-1,-1,-1,-1
503,2,823,542,29,71,-1,-1,-1,-1
504,2,822,545,31,67,-1,-1,-1,-1
505,2,824,545,30,67,-1,-1,-1,-1
506,2,824,541,31,73,-1,-1,-1,-1
507,2,827,542,28,72,-1,-1,-1,-1
508,2,826,542,31,72,-1,-1,-1,-1
509,2,828,542,29,69,-1,-1,-1,-1
510,2,829,543,30,70,-1,-1,-1,-1
511,2,829,542,30,72,-1,-1,-1,-1
512,2,830,543,30,70,-1,-1,-1,-1
513,2,831,544,29,68,-1,-1,-1,-1
514,2,832,543,29,70,-1,-1,-1,-1
515,2,830,543,34,71,-1,-1,-1,-1
516,2,832,543,30,68,-1,-1,-1,-1
517,2,836,543,27,68,-1,-1,-1,-1
518,2,836,541,28,71,-1,-1,-1,-1
519,2,835,540,30,74,-1,-1,-1,-1
520,2,836,541,28,70,-1,-1,-1,-1
521,2,837,537,28,76,-1,-1,-1,-1
522,2,838,538,28,73,-1,-1,-1,-1
523,2,836,538,33,74,-1,-1,-1,-1
524,2,837,540,32,68,-1,-1,-1,-1
525,2,839,537,32,74,-1,-1,-1,-1
526,2,842,540,28,71,-1,-1,-1,-1
527,2,844,542,26,68,-1,-1,-1,-1
528,2,845,544,26,66,-1,-1,-1,-1
529,2,844,541,29,70,-1,-1,-1,-1
530,2,845,541,30,69,-1,-1,-1,-1
531,2,846,541,29,68,-1,-1,-1,-1
532,2,848,542,27,65,-1,-1,-1,-1
533,2,846,541,32,68,-1,-1,-1,-1
534,2,847,542,30,66,-1,-1,-1,-1
535,2,847,541,31,67,-1,-1,-1,-1
536,2,849,540,30,66,-1,-1,-1,-1
537,2,849,540,31,67,-1,-1,-1,-1
538,2,852,539,29,67,-1,-1,-1,-1
539,2,854,538,31,67,-1,-1,-1,-1
540,2,855,536,32,69,-1,-1,-1,-1
541,2,854,535,38,74,-1,-1,-1,-1
542,2,858,537,33,68,-1,-1,-1,-1
543,2,859,536,33,71,-1,-1,-1,-1
544,2,861,538,33,68,-1,-1,-1,-1
546,2,862,537,33,67,-1,-1,-1,-1
547,2,863,538,32,66,-1,-1,-1,-1
548,2,864,538,32,65,-1,-1,-1,-1
549,2,864,537,32,69,-1,-1,-1,-1
550,2,863,539,34,66,-1,-1,-1,-1
551,2,866,538,32,68,-1,-1,-1,-1
552,2,867,539,34,67,-1,-1,-1,-1
553,2,870,539,32,66,-1,-1,-1,-1
554,2,873,538,31,67,-1,-1,-1,-1
555,2,874,538,30,65,-1,-1,-1,-1
556,2,874,537,30,65,-1,-1,-1,-1
557,2,876,536,29,67,-1,-1,-1,-1
558,2,878,538,28,65,-1,-1,-1,-1
559,2,877,537,31,66,-1,-1,-1,-1
560,2,876,536,33,66,-1,-1,-1,-1
561,2,878,538,32,63,-1,-1,-1,-1
562,2,880,538,30,62,-1,-1,-1,-1
563,2,882,538,31,65,-1,-1,-1,-1
564,2,882,538,32,66,-1,-1,-1,-1
565,2,882,538,34,66,-1,-1,-1,-1
566,2,883,538,34,66,-1,-1,-1,-1
567,2,884,539,34,64,-1,-1,-1,-1
568,2,889,540,29,63,-1,-1,-1,-1
569,2,892,541,30,62,-1,-1,-1,-1
570,2,893,541,29,62,-1,-1,-1,-1
571,2,895,541,29,59,-1,-1,-1,-1
572,2,895,540,32,65,-1,-1,-1,-1
573,2,897,541,30,61,-1,-1,-1,-1
574,2,896,542,29,58,-1,-1,-1,-1
575,2,898,543,28,58,-1,-1,-1,-1
576,2,900,542,29,58,-1,-1,-1,-1
577,2,900,544,30,55,-1,-1,-1,-1
578,2,902,545,30,56,-1,-1,-1,-1
579,2,904,544,30,57,-1,-1,-1,-1
580,2,904,544,35,60,-1,-1,-1,-1
581,2,904,542,37,64,-1,-1,-1,-1
582,2,907,544,34,57,-1,-1,-1,-1
583,2,908,545,33,57,-1,-1,-1,-1
584,2,907,545,34,58,-1,-1,-1,-1
585,2,910,544,30,56,-1,-1,-1,-1
586,2,912,546,27,55,-1,-1,-1,-1
587,2,911,543,29,58,-1,-1,-1,-1
588,2,911,544,27,52,-1,-1,-1,-1
589,2,910,543,33,56,-1,-1,-1,-1
590,2,910,542,32,56,-1,-1,-1,-1
591,2,912,542,30,58,-1,-1,-1,-1
592,2,913,542,30,56,-1,-1,-1,-1
593,2,913,540,30,57,-1,-1,-1,-1
594,2,914,540,28,56,-1,-1,-1,-1
595,2,914,540,29,59,-1,-1,-1,-1
596,2,914,539,30,59,-1,-1,-1,-1
597,2,915,540,29,56,-1,-1,-1,-1
598,2,914,540,30,57,-1,-1,-1,-1
599,2,913,539,35,61,-1,-1,-1,-1
600,2,918,540,32,51,-1,-1,-1,-1
601,2,919,539,31,50,-1,-1,-1,-1
602,2,919,539,32,49,-1,-1,-1,-1
603,2,917,538,33,55,-1,-1,-1,-1
604,2,918,538,32,53,-1,-1,-1,-1
605,2,919,538,35,50,-1,-1,-1,-1
606,2,919,537,33,54,-1,-1,-1,-1
607,2,921,539,30,45,-1,-1,-1,-1
608,2,920,539,31,45,-1,-1,-1,-1
609,2,921,539,32,45,-1,-1,-1,-1
610,2,922,540,31,43,-1,-1,-1,-1
611,2,920,538,35,50,-1,-1,-1,-1
612,2,921,540,34,46,-1,-1,-1,-1
613,2,921,540,34,44,-1,-1,-1,-1
614,2,920,540,36,46,-1,-1,-1,-1
615,2,924,540,33,43,-1,-1,-1,-1
618,4,917,539,39,54,-1,-1,-1,-1
619,4,916,539,40,55,-1,-1,-1,-1
620,4,919,542,35,46,-1,-1,-1,-1
621,4,920,541,35,46,-1,-1,-1,-1
622,4,922,541,31,43,-1,-1,-1,-1
623,4,925,543,27,39,-1,-1,-1,-1
624,4,925,543,28,38,-1,-1,-1,-1
625,4,925,544,27,37,-1,-1,-1,-1
626,4,925,544,27,37,-1,-1,-1,-1
627,4,926,544,26,37,-1,-1,-1,-1
628,4,926,544,27,37,-1,-1,-1,-1
629,4,926,544,26,37,-1,-1,-1,-1
630,4,925,544,27,38,-1,-1,-1,-1
631,4,925,544,28,39,-1,-1,-1,-1
632,4,924,542,30,44,-1,-1,-1,-1
633,4,924,542,30,44,-1,-1,-1,-1
634,4,924,543,30,43,-1,-1,-1,-1
635,4,925,545,27,40,-1,-1,-1,-1
636,4,924,544,29,42,-1,-1,-1,-1
637,4,925,545,28,40,-1,-1,-1,-1
638,4,924,545,29,39,-1,-1,-1,-1
639,4,924,546,29,39,-1,-1,-1,-1
640,4,924,547,30,39,-1,-1,-1,-1
209,5,1048,427,19,41,-1,-1,-1,-1
210,5,1047,428,20,40,-1,-1,-1,-1
211,5,1044,428,21,42,-1,-1,-1,-1
212,5,1043,428,22,42,-1,-1,-1,-1
213,5,1043,428,22,41,-1,-1,-1,-1
214,5,1043,428,21,42,-1,-1,-1,-1
215,5,1043,427,21,42,-1,-1,-1,-1
216,5,1042,428,21,42,-1,-1,-1,-1
217,5,1041,428,20,41,-1,-1,-1,-1
218,5,1041,429,20,41,-1,-1,-1,-1
219,5,1039,431,21,39,-1,-1,-1,-1
220,5,1039,431,20,39,-1,-1,-1,-1
221,5,1038,430,21,41,-1,-1,-1,-1
222,5,1037,431,21,40,-1,-1,-1,-1
223,5,1036,431,22,41,-1,-1,-1,-1
224,5,1036,430,22,42,-1,-1,-1,-1
225,5,1035,432,22,41,-1,-1,-1,-1
226,5,1035,432,23,42,-1,-1,-1,-1
227,5,1034,432,23,41,-1,-1,-1,-1
228,5,1036,434,20,40,-1,-1,-1,-1
229,5,1035,435,20,39,-1,-1,-1,-1
230,5,1034,434,21,41,-1,-1,-1,-1
231,5,1034,434,21,41,-1,-1,-1,-1
232,5,1033,434,21,40,-1,-1,-1,-1
233,5,1033,434,20,41,-1,-1,-1,-1
234,5,1031,434,21,42,-1,-1,-1,-1
235,5,1031,435,20,41,-1,-1,-1,-1
236,5,1030,435,20,41,-1,-1,-1,-1
237,5,1030,434,20,43,-1,-1,-1,-1
238,5,1030,434,20,44,-1,-1,-1,-1
239,5,1029,433,22,46,-1,-1,-1,-1
240,5,1028,434,21,44,-1,-1,-1,-1
241,5,1029,434,19,38,-1,-1,-1,-1
242,5,1026,435,21,41,-1,-1,-1,-1
243,5,1025,436,21,40,-1,-1,-1,-1
244,5,1024,436,21,42,-1,-1,-1,-1
245,5,1024,436,22,44,-1,-1,-1,-1
246,5,1024,438,21,41,-1,-1,-1,-1
247,5,1024,440,19,36,-1,-1,-1,-1
248,5,1023,440,20,38,-1,-1,-1,-1
249,5,1021,439,21,41,-1,-1,-1,-1
250,5,1021,440,20,42,-1,-1,-1,-1
251,5,1020,442,22,39,-1,-1,-1,-1
252,5,1020,442,21,39,-1,-1,-1,-1
253,5,1019,442,22,39,-1,-1,-1,-1
254,5,1018,441,23,42,-1,-1,-1,-1
255,5,1018,442,22,41,-1,-1,-1,-1
256,5,1018,442,21,42,-1,-1,-1,-1
257,5,1017,441,22,45,-1,-1,-1,-1
258,5,1016,441,22,45,-1,-1,-1,-1
259,5,1015,442,22,45,-1,-1,-1,-1
260,5,1014,442,23,45,-1,-1,-1,-1
261,5,1014,442,22,45,-1,-1,-1,-1
262,5,1012,443,23,45,-1,-1,-1,-1
263,5,1012,444,23,43,-1,-1,-1,-1
264,5,1012,444,22,44,-1,-1,-1,-1
265,5,1011,445,22,43,-1,-1,-1,-1
266,5,1011,447,21,41,-1,-1,-1,-1
267,5,1010,446,23,43,-1,-1,-1,-1
268,5,1011,447,21,41,-1,-1,-1,-1
269,5,1010,446,22,43,-1,-1,-1,-1
270,5,1009,446,22,44,-1,-1,-1,-1
271,5,1008,447,22,43,-1,-1,-1,-1
272,5,1008,450,20,39,-1,-1,-1,-1
273,5,1008,450,19,39,-1,-1,-1,-1
274,5,1006,449,20,42,-1,-1,-1,-1
275,5,1006,451,20,39,-1,-1,-1,-1
276,5,1005,451,21,40,-1,-1,-1,-1
277,5,1004,450,22,42,-1,-1,-1,-1
278,5,1003,451,23,42,-1,-1,-1,-1
279,5,1004,452,21,41,-1,-1,-1,-1
280,5,1004,451,21,42,-1,-1,-1,-1
281,5,1003,452,21,41,-1,-1,-1,-1
282,5,1002,452,22,42,-1,-1,-1,-1
283,5,1002,452,21,43,-1,-1,-1,-1
284,5,1001,452,21,44,-1,-1,-1,-1
285,5,998,451,22,43,-1,-1,-1,-1
286,5,999,452,21,44,-1,-1,-1,-1
287,5,999,453,21,43,-1,-1,-1,-1
288,5,999,453,20,40,-1,-1,-1,-1
289,5,997,453,21,42,-1,-1,-1,-1
290,5,995,453,24,46,-1,-1,-1,-1
291,5,996,454,20,39,-1,-1,-1,-1
292,5,994,453,22,37,-1,-1,-1,-1
293,5,995,454,20,37,-1,-1,-1,-1
294,5,994,456,20,35,-1,-1,-1,-1
295,5,994,458,20,34,-1,-1,-1,-1
296,5,991,454,23,43,-1,-1,-1,-1
297,5,991,457,22,38,-1,-1,-1,-1
298,5,990,457,22,39,-1,-1,-1,-1
299,5,989,459,22,39,-1,-1,-1,-1
300,5,986,457,24,46,-1,-1,-1,-1
301,5,986,457,22,46,-1,-1,-1,-1
302,5,985,458,22,44,-1,-1,-1,-1
303,5,984,458,22,45,-1,-1,-1,-1
304,5,982,459,23,45,-1,-1,-1,-1
305,5,980,459,24,47,-1,-1,-1,-1
306,5,978,460,24,47,-1,-1,-1,-1
307,5,978,460,24,47,-1,-1,-1,-1
308,5,978,460,23,46,-1,-1,-1,-1
309,5,977,459,24,47,-1,-1,-1,-1
310,5,976,459,25,47,-1,-1,-1,-1
311,5,974,460,26,46,-1,-1,-1,-1
312,5,975,461,24,44,-1,-1,-1,-1
313,5,974,463,23,41,-1,-1,-1,-1
314,5,974,464,23,40,-1,-1,-1,-1
315,5,974,465,21,38,-1,-1,-1,-1
316,5,973,464,22,41,-1,-1,-1,-1
317,5,973,464,21,41,-1,-1,-1,-1
318,5,972,464,21,40,-1,-1,-1,-1
319,5,973,464,21,41,-1,-1,-1,-1
320,5,972,465,20,39,-1,-1,-1,-1
321,5,970,465,21,40,-1,-1,-1,-1
322,5,970,466,19,36,-1,-1,-1,-1
323,5,969,466,20,37,-1,-1,-1,-1
324,5,968,466,20,41,-1,-1,-1,-1
325,5,967,468,19,37,-1,-1,-1,-1
326,5,965,467,21,37,-1,-1,-1,-1
327,5,965,469,20,35,-1,-1,-1,-1
328,5,964,469,20,35,-1,-1,-1,-1
329,5,963,469,19,35,-1,-1,-1,-1
330,5,960,466,23,45,-1,-1,-1,-1
331,5,960,467,22,40,-1,-1,-1,-1
332,5,958,467,23,42,-1,-1,-1,-1
333,5,957,468,24,44,-1,-1,-1,-1
334,5,955,470,26,44,-1,-1,-1,-1
335,5,955,469,24,42,-1,-1,-1,-1
336,5,955,469,23,47,-1,-1,-1,-1
337,5,954,470,23,46,-1,-1,-1,-1
338,5,953,471,23,45,-1,-1,-1,-1
339,5,953,469,23,47,-1,-1,-1,-1
340,5,952,470,23,46,-1,-1,-1,-1
341,5,951,472,23,43,-1,-1,-1,-1
342,5,950,474,23,44,-1,-1,-1,-1
343,5,950,474,22,41,-1,-1,-1,-1
344,5,948,472,23,41,-1,-1,-1,-1
345,5,949,471,22,40,-1,-1,-1,-1
346,5,948,471,20,40,-1,-1,-1,-1
347,5,947,474,21,39,-1,-1,-1,-1
348,5,945,474,23,42,-1,-1,-1,-1
349,5,944,473,23,43,-1,-1,-1,-1
350,5,943,473,23,43,-1,-1,-1,-1
351,5,942,475,22,39,-1,-1,-1,-1
352,5,941,474,22,40,-1,-1,-1,-1
353,5,941,475,22,40,-1,-1,-1,-1
354,5,942,476,20,43,-1,-1,-1,-1
355,5,940,476,22,45,-1,-1,-1,-1
356,5,939,477,22,45,-1,-1,-1,-1
357,5,938,478,22,44,-1,-1,-1,-1
358,5,936,479,23,47,-1,-1,-1,-1
359,5,934,478,24,47,-1,-1,-1,-1
360,5,935,481,21,36,-1,-1,-1,-1
361,5,933,481,21,37,-1,-1,-1,-1
362,5,932,482,21,37,-1,-1,-1,-1
363,5,932,482,21,37,-1,-1,-1,-1
364,5,931,482,20,38,-1,-1,-1,-1
365,5,930,484,20,36,-1,-1,-1,-1
366,5,929,485,20,36,-1,-1,-1,-1
367,5,929,484,20,38,-1,-1,-1,-1
368,5,927,482,21,44,-1,-1,-1,-1
369,5,926,482,21,42,-1,-1,-1,-1
370,5,926,481,21,44,-1,-1,-1,-1
371,5,924,480,24,50,-1,-1,-1,-1
372,5,924,479,23,50,-1,-1,-1,-1
373,5,922,480,24,51,-1,-1,-1,-1
374,5,922,479,24,52,-1,-1,-1,-1
375,5,921,483,23,48,-1,-1,-1,-1
376,5,920,485,23,47,-1,-1,-1,-1
377,5,919,484,24,49,-1,-1,-1,-1
378,5,917,482,23,45,-1,-1,-1,-1
379,5,918,483,22,41,-1,-1,-1,-1
380,5,917,483,22,43,-1,-1,-1,-1
381,5,913,486,26,47,-1,-1,-1,-1
382,5,911,486,27,48,-1,-1,-1,-1
383,5,911,486,26,49,-1,-1,-1,-1
384,5,910,484,27,51,-1,-1,-1,-1
385,5,910,485,27,51,-1,-1,-1,-1
386,5,910,485,25,49,-1,-1,-1,-1
387,5,909,486,25,46,-1,-1,-1,-1
388,5,908,483,24,48,-1,-1,-1,-1
389,5,909,485,22,47,-1,-1,-1,-1
390,5,908,487,23,45,-1,-1,-1,-1
391,5,905,487,25,50,-1,-1,-1,-1
392,5,903,487,26,49,-1,-1,-1,-1
393,5,903,489,23,44,-1,-1,-1,-1
394,5,903,491,22,40,-1,-1,-1,-1
395,5,903,492,22,41,-1,-1,-1,-1
396,5,901,491,23,45,-1,-1,-1,-1
397,5,902,493,21,40,-1,-1,-1,-1
398,5,901,493,21,41,-1,-1,-1,-1
399,5,900,493,22,41,-1,-1,-1,-1
400,5,898,495,22,41,-1,-1,-1,-1
401,5,896,496,23,39,-1,-1,-1,-1
402,5,895,496,23,45,-1,-1,-1,-1
403,5,894,495,23,48,-1,-1,-1,-1
404,5,893,495,24,48,-1,-1,-1,-1
405,5,892,494,25,50,-1,-1,-1,-1
406,5,891,495,26,51,-1,-1,-1,-1
407,5,891,497,24,47,-1,-1,-1,-1
408,5,888,497,26,50,-1,-1,-1,-1
409,5,887,496,24,44,-1,-1,-1,-1
410,5,887,496,23,44,-1,-1,-1,-1
411,5,886,496,22,41,-1,-1,-1,-1
412,5,886,496,22,42,-1,-1,-1,-1
413,5,885,497,22,43,-1,-1,-1,-1
414,5,883,497,23,44,-1,-1,-1,-1
415,5,881,497,24,48,-1,-1,-1,-1
416,5,881,499,26,48,-1,-1,-1,-1
417,5,880,498,24,45,-1,-1,-1,-1
418,5,880,499,23,43,-1,-1,-1,-1
419,5,879,499,23,44,-1,-1,-1,-1
420,5,877,501,24,44,-1,-1,-1,-1
421,5,876,501,24,46,-1,-1,-1,-1
422,5,873,504,24,42,-1,-1,-1,-1
423,5,871,503,26,47,-1,-1,-1,-1
424,5,870,501,27,53,-1,-1,-1,-1
425,5,871,502,25,51,-1,-1,-1,-1
426,5,868,502,27,50,-1,-1,-1,-1
427,5,869,506,24,44,-1,-1,-1,-1
428,5,868,506,24,44,-1,-1,-1,-1
429,5,866,505,24,45,-1,-1,-1,-1
430,5,864,507,24,44,-1,-1,-1,-1
431,5,862,509,26,47,-1,-1,-1,-1
432,5,862,509,24,48,-1,-1,-1,-1
433,5,860,509,26,51,-1,-1,-1,-1
434,5,860,508,27,53,-1,-1,-1,-1
435,5,858,509,27,51,-1,-1,-1,-1
436,5,857,510,26,50,-1,-1,-1,-1
437,5,855,509,27,53,-1,-1,-1,-1
438,5,855,510,25,47,-1,-1,-1,-1
439,5,855,509,24,46,-1,-1,-1,-1
440,5,854,508,26,48,-1,-1,-1,-1
441,5,854,511,24,45,-1,-1,-1,-1
442,5,851,509,26,51,-1,-1,-1,-1
443,5,850,509,28,54,-1,-1,-1,-1
444,5,848,509,28,53,-1,-1,-1,-1
445,5,847,511,29,54,-1,-1,-1,-1
446,5,846,512,27,53,-1,-1,-1,-1
447,5,846,514,25,47,-1,-1,-1,-1
448,5,846,513,25,48,-1,-1,-1,-1
449,5,845,517,25,45,-1,-1,-1,-1
450,5,841,514,26,51,-1,-1,-1,-1
451,5,840,515,25,48,-1,-1,-1,-1
452,5,839,516,25,49,-1,-1,-1,-1
453,5,836,517,24,48,-1,-1,-1,-1
454,5,835,515,24,46,-1,-1,-1,-1
455,5,832,514,29,58,-1,-1,-1,-1
456,5,832,515,27,56,-1,-1,-1,-1
457,5,831,514,28,58,-1,-1,-1,-1
458,5,830,515,29,57,-1,-1,-1,-1
459,5,828,517,27,54,-1,-1,-1,-1
460,5,828,517,26,51,-1,-1,-1,-1
461,5,825,516,29,56,-1,-1,-1,-1
462,5,824,517,30,55,-1,-1,-1,-1
463,5,823,520,31,54,-1,-1,-1,-1
464,5,824,522,28,51,-1,-1,-1,-1
465,5,824,521,26,52,-1,-1,-1,-1
466,5,823,520,26,55,-1,-1,-1,-1
467,5,828,524,23,49,-1,-1,-1,-1
468,5,825,525,25,54,-1,-1,-1,-1
469,5,813,521,32,69,-1,-1,-1,-1
470,5,808,521,33,72,-1,-1,-1,-1
471,5,805,522,33,71,-1,-1,-1,-1
472,5,805,523,34,74,-1,-1,-1,-1
473,5,803,521,35,73,-1,-1,-1,-1
474,5,802,522,29,66,-1,-1,-1,-1
475,5,801,522,31,59,-1,-1,-1,-1
476,5,800,522,31,62,-1,-1,-1,-1
477,5,803,527,25,54,-1,-1,-1,-1
478,5,801,530,24,54,-1,-1,-1,-1
479,5,793,530,27,50,-1,-1,-1,-1
480,5,792,529,26,49,-1,-1,-1,-1
481,5,791,532,25,47,-1,-1,-1,-1
482,5,789,533,26,47,-1,-1,-1,-1
483,5,787,531,26,48,-1,-1,-1,-1
484,5,786,532,24,47,-1,-1,-1,-1
485,5,785,534,23,43,-1,-1,-1,-1
486,5,782,532,25,49,-1,-1,-1,-1
487,5,780,532,27,51,-1,-1,-1,-1
488,5,779,533,28,50,-1,-1,-1,-1
489,5,779,536,25,46,-1,-1,-1,-1
490,5,776,536,28,45,-1,-1,-1,-1
491,5,776,537,27,44,-1,-1,-1,-1
492,5,775,539,26,44,-1,-1,-1,-1
493,5,772,538,24,44,-1,-1,-1,-1
494,5,771,541,25,43,-1,-1,-1,-1
495,5,771,540,23,45,-1,-1,-1,-1
496,5,770,540,23,44,-1,-1,-1,-1
497,5,768,540,22,43,-1,-1,-1,-1
498,5,766,539,24,46,-1,-1,-1,-1
499,5,766,539,23,45,-1,-1,-1,-1
500,5,766,542,24,48,-1,-1,-1,-1
501,5,761,542,23,47,-1,-1,-1,-1
502,5,759,543,24,51,-1,-1,-1,-1
503,5,759,544,24,48,-1,-1,-1,-1
504,5,758,545,24,44,-1,-1,-1,-1
505,5,756,546,23,47,-1,-1,-1,-1
506,5,755,544,25,49,-1,-1,-1,-1
507,5,751,543,26,52,-1,-1,-1,-1
508,5,750,547,27,53,-1,-1,-1,-1
509,5,748,548,27,51,-1,-1,-1,-1
510,5,745,546,30,57,-1,-1,-1,-1
511,5,742,549,29,51,-1,-1,-1,-1
512,5,742,548,26,52,-1,-1,-1,-1
513,5,739,546,29,65,-1,-1,-1,-1
514,5,737,547,29,64,-1,-1,-1,-1
515,5,737,554,25,50,-1,-1,-1,-1
516,5,736,555,24,48,-1,-1,-1,-1
517,5,736,553,26,54,-1,-1,-1,-1
518,5,731,551,30,58,-1,-1,-1,-1
519,5,732,555,25,52,-1,-1,-1,-1
520,5,729,555,29,52,-1,-1,-1,-1
521,5,729,554,27,54,-1,-1,-1,-1
522,5,729,555,26,52,-1,-1,-1,-1
523,5,728,558,26,51,-1,-1,-1,-1
524,5,725,555,26,54,-1,-1,-1,-1
525,5,723,558,26,53,-1,-1,-1,-1
526,5,722,560,27,50,-1,-1,-1,-1
527,5,722,565,24,44,-1,-1,-1,-1
528,5,720,566,24,43,-1,-1,-1,-1
529,5,718,563,26,48,-1,-1,-1,-1
530,5,715,563,26,49,-1,-1,-1,-1
531,5,715,563,25,50,-1,-1,-1,-1
532,5,719,564,24,52,-1,-1,-1,-1
533,5,718,566,23,50,-1,-1,-1,-1
534,5,715,564,24,54,-1,-1,-1,-1
535,5,710,565,27,55,-1,-1,-1,-1
536,5,708,569,22,48,-1,-1,-1,-1
537,5,707,568,25,49,-1,-1,-1,-1
538,5,705,568,27,51,-1,-1,-1,-1
539,5,698,568,31,60,-1,-1,-1,-1
540,5,697,569,28,57,-1,-1,-1,-1
541,5,697,570,26,55,-1,-1,-1,-1
542,5,695,571,26,55,-1,-1,-1,-1
543,5,695,572,27,54,-1,-1,-1,-1
544,5,694,572,27,55,-1,-1,-1,-1
545,5,693,573,26,52,-1,-1,-1,-1
546,5,693,573,24,54,-1,-1,-1,-1
547,5,693,575,24,51,-1,-1,-1,-1
548,5,690,576,27,52,-1,-1,-1,-1
549,5,688,577,25,55,-1,-1,-1,-1
550,5,687,582,25,48,-1,-1,-1,-1
551,5,684,582,30,57,-1,-1,-1,-1
552,5,685,584,25,48,-1,-1,-1,-1
553,5,684,586,26,48,-1,-1,-1,-1
554,5,682,583,26,51,-1,-1,-1,-1
555,5,680,588,23,49,-1,-1,-1,-1
556,5,678,586,25,53,-1,-1,-1,-1
557,5,678,586,26,53,-1,-1,-1,-1
558,5,677,587,30,52,-1,-1,-1,-1
559,5,677,588,25,51,-1,-1,-1,-1
560,5,676,589,26,51,-1,-1,-1,-1
561,5,673,589,27,51,-1,-1,-1,-1
562,5,672,588,27,54,-1,-1,-1,-1
563,5,670,586,28,57,-1,-1,-1,-1
564,5,670,592,26,50,-1,-1,-1,-1
565,5,675,595,23,50,-1,-1,-1,-1
566,5,674,593,23,53,-1,-1,-1,-1
567,5,666,590,28,57,-1,-1,-1,-1
568,5,665,590,29,56,-1,-1,-1,-1
569,5,663,591,30,56,-1,-1,-1,-1
570,5,663,591,30,58,-1,-1,-1,-1
571,5,658,593,32,63,-1,-1,-1,-1
572,5,657,595,31,60,-1,-1,-1,-1
573,5,655,599,30,59,-1,-1,-1,-1
574,5,655,599,30,58,-1,-1,-1,-1
575,5,655,599,30,59,-1,-1,-1,-1
576,5,654,601,26,56,-1,-1,-1,-1
577,5,654,601,28,57,-1,-1,-1,-1
578,5,653,602,25,57,-1,-1,-1,-1
579,5,649,603,31,68,-1,-1,-1,-1
580,5,650,603,28,65,-1,-1,-1,-1
581,5,649,605,31,69,-1,-1,-1,-1
582,5,646,603,33,73,-1,-1,-1,-1
583,5,645,604,33,74,-1,-1,-1,-1
584,5,643,605,35,74,-1,-1,-1,-1
585,5,642,605,35,75,-1,-1,-1,-1
586,5,642,607,34,73,-1,-1,-1,-1
587,5,640,608,35,74,-1,-1,-1,-1
588,5,640,613,31,63,-1,-1,-1,-1
589,5,640,614,29,60,-1,-1,-1,-1
590,5,639,615,30,59,-1,-1,-1,-1
591,5,635,614,31,63,-1,-1,-1,-1
592,5,635,617,30,56,-1,-1,-1,-1
593,5,636,619,25,58,-1,-1,-1,-1
594,5,634,617,28,59,-1,-1,-1,-1
595,5,634,618,29,56,-1,-1,-1,-1
596,5,634,621,27,58,-1,-1,-1,-1
597,5,634,621,28,58,-1,-1,-1,-1
598,5,630,620,32,59,-1,-1,-1,-1
599,5,626,622,32,63,-1,-1,-1,-1
600,5,621,624,33,62,-1,-1,-1,-1
601,5,621,629,29,57,-1,-1,-1,-1
602,5,618,629,32,60,-1,-1,-1,-1
603,5,617,630,31,59,-1,-1,-1,-1
604,5,616,630,33,60,-1,-1,-1,-1
605,5,615,631,33,60,-1,-1,-1,-1
606,5,612,631,33,63,-1,-1,-1,-1
607,5,609,632,39,63,-1,-1,-1,-1
608,5,609,633,35,67,-1,-1,-1,-1
609,5,607,632,37,65,-1,-1,-1,-1
610,5,605,634,35,63,-1,-1,-1,-1
611,5,604,633,32,61,-1,-1,-1,-1
612,5,603,634,32,61,-1,-1,-1,-1
613,5,602,636,34,60,-1,-1,-1,-1
614,5,598,635,36,66,-1,-1,-1,-1
615,5,599,638,33,62,-1,-1,-1,-1
616,5,592,640,40,64,-1,-1,-1,-1
617,5,591,643,37,58,-1,-1,-1,-1
618,5,593,646,34,60,-1,-1,-1,-1
619,5,590,644,36,70,-1,-1,-1,-1
620,5,588,646,36,71,-1,-1,-1,-1
621,5,584,647,39,69,-1,-1,-1,-1
622,5,583,647,37,68,-1,-1,-1,-1
623,5,575,646,48,71,-1,-1,-1,-1
624,5,578,648,42,67,-1,-1,-1,-1
625,5,576,650,42,66,-1,-1,-1,-1
626,5,572,650,43,66,-1,-1,-1,-1
627,5,571,650,41,66,-1,-1,-1,-1
628,5,568,651,42,64,-1,-1,-1,-1
629,5,565,654,41,64,-1,-1,-1,-1
630,5,566,657,37,60,-1,-1,-1,-1
631,5,562,658,45,59,-1,-1,-1,-1
632,5,558,660,49,57,-1,-1,-1,-1
633,5,557,660,43,57,-1,-1,-1,-1
634,5,555,662,41,56,-1,-1,-1,-1
635,5,549,663,46,55,-1,-1,-1,-1
636,5,551,663,40,56,-1,-1,-1,-1
637,5,549,664,40,55,-1,-1,-1,-1
638,5,548,664,41,54,-1,-1,-1,-1
639,5,544,668,46,48,-1,-1,-1,-1
640,5,542,668,43,46,-1,-1,-1,-1
641,5,542,668,37,50,-1,-1,-1,-1
642,5,540,667,37,52,-1,-1,-1,-1
643,5,536,670,39,49,-1,-1,-1,-1
644,5,533,673,41,46,-1,-1,-1,-1
645,5,530,674,43,44,-1,-1,-1,-1
646,5,530,676,41,42,-1,-1,-1,-1
647,5,525,675,46,40,-1,-1,-1,-1
648,5,524,677,43,41,-1,-1,-1,-1
649,5,520,677,48,38,-1,-1,-1,-1
650,5,521,678,41,39,-1,-1,-1,-1
651,5,519,681,42,36,-1,-1,-1,-1
652,5,517,682,42,34,-1,-1,-1,-1
653,5,514,686,46,29,-1,-1,-1,-1
654,5,510,684,43,31,-1,-1,-1,-1
655,5,510,689,38,27,-1,-1,-1,-1
656,5,509,690,36,26,-1,-1,-1,-1
657,5,507,690,36,27,-1,-1,-1,-1
658,5,506,692,35,24,-1,-1,-1,-1
659,5,498,695,33,22,-1,-1,-1,-1
660,5,496,695,33,22,-1,-1,-1,-1
661,5,495,694,31,23,-1,-1,-1,-1
662,5,491,695,33,22,-1,-1,-1,-1
663,5,489,694,32,23,-1,-1,-1,-1
664,5,485,697,35,21,-1,-1,-1,-1
729,6,830,271,16,24,-1,-1,-1,-1
730,6,830,270,16,25,-1,-1,-1,-1
731,6,830,269,16,26,-1,-1,-1,-1
732,6,831,268,17,26,-1,-1,-1,-1
733,6,828,267,18,25,-1,-1,-1,-1
734,6,830,268,19,26,-1,-1,-1,-1
735,6,831,267,18,27,-1,-1,-1,-1
736,6,832,267,17,28,-1,-1,-1,-1
737,6,830,266,19,26,-1,-1,-1,-1
738,6,832,266,18,29,-1,-1,-1,-1
739,6,830,265,18,29,-1,-1,-1,-1
740,6,831,265,18,30,-1,-1,-1,-1
741,6,831,265,17,30,-1,-1,-1,-1
742,6,832,265,16,30,-1,-1,-1,-1
743,6,832,265,16,31,-1,-1,-1,-1
744,6,832,265,17,30,-1,-1,-1,-1
745,6,833,266,17,29,-1,-1,-1,-1
746,6,834,267,15,26,-1,-1,-1,-1
747,6,833,267,16,27,-1,-1,-1,-1
748,6,834,266,15,25,-1,-1,-1,-1
749,6,834,267,16,23,-1,-1,-1,-1
763,7,832,263,18,29,-1,-1,-1,-1
764,7,831,263,18,29,-1,-1,-1,-1
765,7,831,264,17,28,-1,-1,-1,-1
766,7,831,264,18,28,-1,-1,-1,-1
767,7,831,265,18,26,-1,-1,-1,-1
769,7,832,264,18,27,-1,-1,-1,-1
770,7,832,264,18,28,-1,-1,-1,-1
771,7,832,264,18,29,-1,-1,-1,-1
772,7,832,265,18,29,-1,-1,-1,-1
773,7,832,264,19,30,-1,-1,-1,-1
774,7,833,263,18,31,-1,-1,-1,-1
775,7,834,266,18,28,-1,-1,-1,-1
881,9,1005,278,16,24,-1,-1,-1,-1
882,9,1004,278,18,25,-1,-1,-1,-1
883,9,1006,278,17,27,-1,-1,-1,-1
884,9,1007,278,17,27,-1,-1,-1,-1
901,9,1006,279,19,26,-1,-1,-1,-1
902,9,1007,279,20,27,-1,-1,-1,-1
903,9,1009,279,18,27,-1,-1,-1,-1
901,11,1044,277,15,27,-1,-1,-1,-1
902,11,1041,278,15,27,-1,-1,-1,-1
903,11,1045,277,14,28,-1,-1,-1,-1
904,11,1043,277,16,26,-1,-1,-1,-1
