1,0,1860,1034,48,40,-1,-1,-1,-1
2,0,1860,1032,48,42,-1,-1,-1,-1
3,0,1859,1033,50,42,-1,-1,-1,-1
4,0,1858,1033,51,41,-1,-1,-1,-1
5,0,1856,1037,55,38,-1,-1,-1,-1
6,0,1857,1033,52,42,-1,-1,-1,-1
7,0,1857,1033,52,42,-1,-1,-1,-1
8,0,1855,1039,57,36,-1,-1,-1,-1
9,0,1856,1035,53,41,-1,-1,-1,-1
10,0,1855,1039,57,36,-1,-1,-1,-1
11,0,1854,1035,55,42,-1,-1,-1,-1
12,0,1853,1034,57,43,-1,-1,-1,-1
13,0,1855,1042,56,34,-1,-1,-1,-1
14,0,1850,1034,57,42,-1,-1,-1,-1
1,1,1424,664,49,99,-1,-1,-1,-1
2,1,1424,663,50,100,-1,-1,-1,-1
3,1,1426,664,48,97,-1,-1,-1,-1
4,1,1427,662,47,99,-1,-1,-1,-1
5,1,1426,665,48,96,-1,-1,-1,-1
6,1,1427,664,48,97,-1,-1,-1,-1
7,1,1428,665,49,98,-1,-1,-1,-1
8,1,1429,668,49,94,-1,-1,-1,-1
9,1,1429,670,49,92,-1,-1,-1,-1
10,1,1428,669,50,101,-1,-1,-1,-1
11,1,1426,669,53,105,-1,-1,-1,-1
12,1,1427,670,53,103,-1,-1,-1,-1
13,1,1428,672,51,107,-1,-1,-1,-1
14,1,1430,672,51,108,-1,-1,-1,-1
15,1,1428,671,54,109,-1,-1,-1,-1
16,1,1429,674,54,107,-1,-1,-1,-1
17,1,1431,676,55,106,-1,-1,-1,-1
18,1,1431,676,56,107,-1,-1,-1,-1
19,1,1432,677,57,107,-1,-1,-1,-1
20,1,1433,678,58,108,-1,-1,-1,-1
21,1,1434,677,58,108,-1,-1,-1,-1
22,1,1437,682,56,103,-1,-1,-1,-1
23,1,1434,681,59,105,-1,-1,-1,-1
24,1,1433,679,60,107,-1,-1,-1,-1
25,1,1432,680,62,104,-1,-1,-1,-1
26,1,1443,684,56,102,-1,-1,-1,-1
27,1,1444,684,60,101,-1,-1,-1,-1
28,1,1443,684,54,100,-1,-1,-1,-1
29,1,1448,686,51,101,-1,-1,-1,-1
30,1,1448,685,53,102,-1,-1,-1,-1
31,1,1446,686,53,101,-1,-1,-1,-1
32,1,1449,685,51,100,-1,-1,-1,-1
33,1,1452,687,49,97,-1,-1,-1,-1
34,1,1453,689,48,97,-1,-1,-1,-1
35,1,1451,687,52,102,-1,-1,-1,-1
36,1,1452,688,49,101,-1,-1,-1,-1
37,1,1452,689,51,102,-1,-1,-1,-1
38,1,1453,690,51,103,-1,-1,-1,-1
39,1,1456,691,51,104,-1,-1,-1,-1
40,1,1458,691,50,105,-1,-1,-1,-1
41,1,1459,691,50,105,-1,-1,-1,-1
42,1,1458,690,52,108,-1,-1,-1,-1
43,1,1458,690,53,107,-1,-1,-1,-1
44,1,1457,691,56,105,-1,-1,-1,-1
45,1,1460,690,51,106,-1,-1,-1,-1
46,1,1459,692,55,106,-1,-1,-1,-1
47,1,1461,693,53,105,-1,-1,-1,-1
48,1,1460,693,54,104,-1,-1,-1,-1
49,1,1459,693,58,104,-1,-1,-1,-1
50,1,1460,693,55,105,-1,-1,-1,-1
51,1,1461,694,55,103,-1,-1,-1,-1
52,1,1462,697,52,98,-1,-1,-1,-1
53,1,1467,695,46,99,-1,-1,-1,-1
54,1,1466,695,47,104,-1,-1,-1,-1
55,1,1466,699,50,101,-1,-1,-1,-1
56,1,1467,701,48,98,-1,-1,-1,-1
57,1,1470,703,52,100,-1,-1,-1,-1
58,1,1473,702,51,101,-1,-1,-1,-1
59,1,1473,707,51,98,-1,-1,-1,-1
60,1,1473,707,54,96,-1,-1,-1,-1
61,1,1476,707,48,96,-1,-1,-1,-1
62,1,1475,708,50,94,-1,-1,-1,-1
63,1,1477,708,48,93,-1,-1,-1,-1
64,1,1477,707,50,95,-1,-1,-1,-1
65,1,1474,707,56,96,-1,-1,-1,-1
66,1,1475,706,58,97,-1,-1,-1,-1
67,1,1474,707,60,96,-1,-1,-1,-1
68,1,1475,706,60,97,-1,-1,-1,-1
69,1,1477,706,60,97,-1,-1,-1,-1
70,1,1476,708,61,97,-1,-1,-1,-1
71,1,1479,707,57,98,-1,-1,-1,-1
72,1,1480,707,57,98,-1,-1,-1,-1
73,1,1478,707,60,102,-1,-1,-1,-1
74,1,1481,707,60,101,-1,-1,-1,-1
75,1,1481,707,60,103,-1,-1,-1,-1
76,1,1482,707,61,106,-1,-1,-1,-1
77,1,1484,706,59,106,-1,-1,-1,-1
78,1,1485,705,57,108,-1,-1,-1,-1
79,1,1487,706,53,106,-1,-1,-1,-1
80,1,1488,706,54,106,-1,-1,-1,-1
81,1,1491,708,47,105,-1,-1,-1,-1
82,1,1488,709,52,104,-1,-1,-1,-1
83,1,1490,708,57,105,-1,-1,-1,-1
84,1,1491,708,53,104,-1,-1,-1,-1
85,1,1491,708,53,105,-1,-1,-1,-1
86,1,1493,710,52,105,-1,-1,-1,-1
87,1,1495,711,50,105,-1,-1,-1,-1
88,1,1496,714,49,103,-1,-1,-1,-1
89,1,1497,720,49,98,-1,-1,-1,-1
90,1,1496,716,52,105,-1,-1,-1,-1
91,1,1499,717,50,105,-1,-1,-1,-1
92,1,1499,721,52,98,-1,-1,-1,-1
93,1,1498,722,54,98,-1,-1,-1,-1
94,1,1498,721,52,100,-1,-1,-1,-1
95,1,1498,720,53,101,-1,-1,-1,-1
96,1,1497,721,58,100,-1,-1,-1,-1
97,1,1496,724,61,99,-1,-1,-1,-1
98,1,1496,724,63,99,-1,-1,-1,-1
99,1,1501,727,59,96,-1,-1,-1,-1
100,1,1501,726,57,101,-1,-1,-1,-1
101,1,1502,730,57,101,-1,-1,-1,-1
102,1,1502,730,60,100,-1,-1,-1,-1
103,1,1504,728,57,101,-1,-1,-1,-1
104,1,1505,728,57,106,-1,-1,-1,-1
105,1,1504,727,58,108,-1,-1,-1,-1
106,1,1505,729,58,105,-1,-1,-1,-1
107,1,1505,728,57,106,-1,-1,-1,-1
108,1,1506,729,55,105,-1,-1,-1,-1
109,1,1505,727,56,108,-1,-1,-1,-1
110,1,1505,730,56,104,-1,-1,-1,-1
111,1,1505,728,58,107,-1,-1,-1,-1
112,1,1506,728,58,106,-1,-1,-1,-1
113,1,1506,729,58,106,-1,-1,-1,-1
114,1,1506,729,56,106,-1,-1,-1,-1
115,1,1505,728,57,107,-1,-1,-1,-1
116,1,1508,731,54,102,-1,-1,-1,-1
117,1,1506,731,54,104,-1,-1,-1,-1
118,1,1510,738,52,98,-1,-1,-1,-1
119,1,1507,739,49,98,-1,-1,-1,-1
120,1,1508,735,57,101,-1,-1,-1,-1
121,1,1511,737,54,97,-1,-1,-1,-1
122,1,1512,739,54,98,-1,-1,-1,-1
123,1,1514,742,51,96,-1,-1,-1,-1
124,1,1515,744,53,96,-1,-1,-1,-1
125,1,1516,748,54,94,-1,-1,-1,-1
126,1,1516,747,53,96,-1,-1,-1,-1
127,1,1518,747,52,98,-1,-1,-1,-1
128,1,1522,746,48,98,-1,-1,-1,-1
129,1,1520,749,50,99,-1,-1,-1,-1
130,1,1519,743,51,108,-1,-1,-1,-1
131,1,1520,744,52,108,-1,-1,-1,-1
132,1,1522,745,52,107,-1,-1,-1,-1
133,1,1522,745,56,108,-1,-1,-1,-1
134,1,1520,747,58,106,-1,-1,-1,-1
135,1,1522,750,56,104,-1,-1,-1,-1
136,1,1524,752,53,104,-1,-1,-1,-1
137,1,1527,755,49,101,-1,-1,-1,-1
138,1,1527,756,50,99,-1,-1,-1,-1
139,1,1528,755,48,101,-1,-1,-1,-1
140,1,1525,754,51,103,-1,-1,-1,-1
141,1,1526,755,50,103,-1,-1,-1,-1
142,1,1527,756,50,102,-1,-1,-1,-1
143,1,1528,758,50,99,-1,-1,-1,-1
144,1,1530,758,49,98,-1,-1,-1,-1
145,1,1531,765,47,91,-1,-1,-1,-1
146,1,1531,769,45,88,-1,-1,-1,-1
147,1,1530,768,46,88,-1,-1,-1,-1
148,1,1531,769,47,87,-1,-1,-1,-1
149,1,1534,764,47,93,-1,-1,-1,-1
150,1,1535,761,50,97,-1,-1,-1,-1
151,1,1537,762,47,96,-1,-1,-1,-1
152,1,1537,762,56,98,-1,-1,-1,-1
153,1,1545,760,47,96,-1,-1,-1,-1
154,1,1546,762,49,99,-1,-1,-1,-1
155,1,1542,763,56,104,-1,-1,-1,-1
156,1,1541,763,55,103,-1,-1,-1,-1
157,1,1541,761,52,103,-1,-1,-1,-1
158,1,1544,761,53,110,-1,-1,-1,-1
159,1,1544,761,54,112,-1,-1,-1,-1
160,1,1547,761,52,113,-1,-1,-1,-1
161,1,1550,765,49,109,-1,-1,-1,-1
162,1,1552,766,47,100,-1,-1,-1,-1
163,1,1552,767,48,102,-1,-1,-1,-1
164,1,1551,769,52,105,-1,-1,-1,-1
165,1,1552,769,51,110,-1,-1,-1,-1
166,1,1552,769,51,112,-1,-1,-1,-1
167,1,1555,768,52,111,-1,-1,-1,-1
168,1,1554,772,55,108,-1,-1,-1,-1
169,1,1558,772,54,109,-1,-1,-1,-1
170,1,1558,770,55,113,-1,-1,-1,-1
171,1,1560,771,54,112,-1,-1,-1,-1
172,1,1562,772,53,110,-1,-1,-1,-1
173,1,1561,771,54,112,-1,-1,-1,-1
174,1,1562,772,55,107,-1,-1,-1,-1
175,1,1565,772,52,109,-1,-1,-1,-1
176,1,1565,775,53,108,-1,-1,-1,-1
177,1,1566,775,52,108,-1,-1,-1,-1
178,1,1566,780,54,102,-1,-1,-1,-1
179,1,1567,780,50,103,-1,-1,-1,-1
180,1,1567,779,50,104,-1,-1,-1,-1
181,1,1569,781,46,105,-1,-1,-1,-1
182,1,1571,785,45,101,-1,-1,-1,-1
183,1,1573,781,46,102,-1,-1,-1,-1
184,1,1573,782,46,102,-1,-1,-1,-1
185,1,1569,785,49,103,-1,-1,-1,-1
186,1,1570,784,53,101,-1,-1,-1,-1
187,1,1570,781,54,105,-1,-1,-1,-1
188,1,1570,779,51,103,-1,-1,-1,-1
189,1,1568,777,51,104,-1,-1,-1,-1
190,1,1569,781,52,102,-1,-1,-1,-1
191,1,1572,780,47,104,-1,-1,-1,-1
192,1,1575,779,49,108,-1,-1,-1,-1
200,2,1605,818,57,97,-1,-1,-1,-1
201,2,1612,809,53,105,-1,-1,-1,-1
202,2,1610,810,55,106,-1,-1,-1,-1
203,2,1611,808,55,106,-1,-1,-1,-1
204,2,1613,808,53,105,-1,-1,-1,-1
205,2,1611,807,53,97,-1,-1,-1,-1
206,2,1615,807,51,102,-1,-1,-1,-1
207,2,1612,805,55,105,-1,-1,-1,-1
208,2,1612,806,51,104,-1,-1,-1,-1
209,2,1609,804,57,108,-1,-1,-1,-1
210,2,1615,800,52,113,-1,-1,-1,-1
211,2,1616,804,52,107,-1,-1,-1,-1
212,2,1615,811,56,103,-1,-1,-1,-1
213,2,1617,812,54,105,-1,-1,-1,-1
214,2,1619,810,54,106,-1,-1,-1,-1
215,2,1619,808,54,105,-1,-1,-1,-1
216,2,1623,811,50,104,-1,-1,-1,-1
436,3,1347,1045,46,33,-1,-1,-1,-1
437,3,1353,1045,51,31,-1,-1,-1,-1
438,3,1351,1047,55,27,-1,-1,-1,-1
439,3,1350,1046,57,30,-1,-1,-1,-1
440,3,1333,1044,56,32,-1,-1,-1,-1
441,3,1333,1044,56,33,-1,-1,-1,-1
442,3,1341,1046,58,29,-1,-1,-1,-1
457,4,1311,1018,82,60,-1,-1,-1,-1
458,4,1302,1018,90,60,-1,-1,-1,-1
459,4,1308,1020,59,55,-1,-1,-1,-1
471,5,1213,1048,44,30,-1,-1,-1,-1
472,5,1212,1041,43,36,-1,-1,-1,-1
473,5,1212,1044,47,33,-1,-1,-1,-1
474,5,1210,1042,45,34,-1,-1,-1,-1
475,5,1210,1040,45,36,-1,-1,-1,-1
476,5,1211,1038,44,39,-1,-1,-1,-1
477,5,1209,1038,47,41,-1,-1,-1,-1
438,6,755,464,42,59,-1,-1,-1,-1
439,6,756,464,41,59,-1,-1,-1,-1
440,6,757,463,40,59,-1,-1,-1,-1
441,6,754,465,42,58,-1,-1,-1,-1
442,6,754,464,43,59,-1,-1,-1,-1
443,6,757,459,43,62,-1,-1,-1,-1
444,6,758,460,45,64,-1,-1,-1,-1
445,6,756,461,49,60,-1,-1,-1,-1
446,6,759,464,46,65,-1,-1,-1,-1
447,6,759,465,47,66,-1,-1,-1,-1
448,6,759,464,46,66,-1,-1,-1,-1
449,6,760,464,44,67,-1,-1,-1,-1
450,6,759,465,44,66,-1,-1,-1,-1
451,6,761,465,42,67,-1,-1,-1,-1
452,6,758,462,47,63,-1,-1,-1,-1
453,6,760,462,45,65,-1,-1,-1,-1
454,6,759,462,46,66,-1,-1,-1,-1
455,6,760,463,43,70,-1,-1,-1,-1
456,6,760,463,43,69,-1,-1,-1,-1
457,6,753,459,51,61,-1,-1,-1,-1
458,6,754,458,50,63,-1,-1,-1,-1
459,6,757,460,45,65,-1,-1,-1,-1
460,6,754,458,50,63,-1,-1,-1,-1
461,6,758,460,45,68,-1,-1,-1,-1
462,6,758,459,46,72,-1,-1,-1,-1
463,6,758,458,46,70,-1,-1,-1,-1
464,6,757,459,48,68,-1,-1,-1,-1
465,6,758,460,49,71,-1,-1,-1,-1
466,6,756,457,50,70,-1,-1,-1,-1
467,6,756,457,49,67,-1,-1,-1,-1
468,6,756,457,49,68,-1,-1,-1,-1
469,6,757,457,49,68,-1,-1,-1,-1
470,6,759,459,47,72,-1,-1,-1,-1
471,6,758,458,48,67,-1,-1,-1,-1
472,6,758,458,48,66,-1,-1,-1,-1
473,6,759,458,47,66,-1,-1,-1,-1
474,6,758,459,48,65,-1,-1,-1,-1
475,6,759,458,47,67,-1,-1,-1,-1
476,6,759,458,47,68,-1,-1,-1,-1
477,6,759,458,45,66,-1,-1,-1,-1
478,6,758,459,45,63,-1,-1,-1,-1
479,6,757,459,45,62,-1,-1,-1,-1
480,6,757,458,46,63,-1,-1,-1,-1
481,6,758,459,45,64,-1,-1,-1,-1
482,6,757,460,47,66,-1,-1,-1,-1
483,6,759,465,47,73,-1,-1,-1,-1
484,6,761,467,43,69,-1,-1,-1,-1
485,6,762,469,42,68,-1,-1,-1,-1
486,6,762,470,43,68,-1,-1,-1,-1
487,6,761,467,43,68,-1,-1,-1,-1
488,6,762,470,45,69,-1,-1,-1,-1
489,6,762,470,45,71,-1,-1,-1,-1
490,6,762,471,44,65,-1,-1,-1,-1
491,6,766,477,43,67,-1,-1,-1,-1
492,6,764,477,45,64,-1,-1,-1,-1
493,6,762,471,49,69,-1,-1,-1,-1
494,6,763,475,56,83,-1,-1,-1,-1
495,6,763,471,54,76,-1,-1,-1,-1
496,6,766,473,53,76,-1,-1,-1,-1
497,6,766,476,60,91,-1,-1,-1,-1
498,6,772,484,59,92,-1,-1,-1,-1
499,6,780,488,48,85,-1,-1,-1,-1
522,7,536,788,37,72,-1,-1,-1,-1
523,7,534,790,39,74,-1,-1,-1,-1
524,7,533,789,40,79,-1,-1,-1,-1
525,7,535,789,40,78,-1,-1,-1,-1
526,7,538,795,43,89,-1,-1,-1,-1
222,8,1636,811,52,101,-1,-1,-1,-1
223,8,1643,812,49,96,-1,-1,-1,-1
224,8,1647,811,48,98,-1,-1,-1,-1
225,8,1648,809,49,106,-1,-1,-1,-1
226,8,1646,806,52,109,-1,-1,-1,-1
227,8,1647,806,51,112,-1,-1,-1,-1
228,8,1643,807,54,109,-1,-1,-1,-1
229,8,1645,807,52,110,-1,-1,-1,-1
230,8,1645,805,53,111,-1,-1,-1,-1
231,8,1647,805,54,112,-1,-1,-1,-1
232,8,1649,807,52,111,-1,-1,-1,-1
233,8,1649,806,52,113,-1,-1,-1,-1
234,8,1649,804,55,116,-1,-1,-1,-1
235,8,1650,805,55,115,-1,-1,-1,-1
236,8,1652,804,55,115,-1,-1,-1,-1
237,8,1653,805,54,114,-1,-1,-1,-1
238,8,1656,807,52,110,-1,-1,-1,-1
239,8,1655,809,55,111,-1,-1,-1,-1
240,8,1657,811,54,110,-1,-1,-1,-1
241,8,1659,809,52,113,-1,-1,-1,-1
242,8,1659,812,53,110,-1,-1,-1,-1
243,8,1658,811,55,112,-1,-1,-1,-1
244,8,1659,811,55,113,-1,-1,-1,-1
245,8,1660,813,56,113,-1,-1,-1,-1
246,8,1662,813,55,114,-1,-1,-1,-1
247,8,1663,813,55,115,-1,-1,-1,-1
248,8,1664,812,54,112,-1,-1,-1,-1
249,8,1664,815,55,111,-1,-1,-1,-1
250,8,1667,816,54,110,-1,-1,-1,-1
251,8,1669,818,56,110,-1,-1,-1,-1
252,8,1671,820,58,109,-1,-1,-1,-1
253,8,1671,819,58,110,-1,-1,-1,-1
254,8,1671,820,57,108,-1,-1,-1,-1
255,8,1671,820,57,110,-1,-1,-1,-1
256,8,1671,819,57,112,-1,-1,-1,-1
257,8,1671,820,58,110,-1,-1,-1,-1
258,8,1670,820,58,111,-1,-1,-1,-1
259,8,1671,820,59,111,-1,-1,-1,-1
260,8,1671,820,59,113,-1,-1,-1,-1
261,8,1673,820,58,114,-1,-1,-1,-1
262,8,1673,820,58,114,-1,-1,-1,-1
263,8,1673,820,59,115,-1,-1,-1,-1
264,8,1673,822,58,112,-1,-1,-1,-1
265,8,1673,823,57,112,-1,-1,-1,-1
266,8,1673,822,57,115,-1,-1,-1,-1
267,8,1673,823,57,112,-1,-1,-1,-1
268,8,1674,824,55,111,-1,-1,-1,-1
269,8,1674,824,55,112,-1,-1,-1,-1
270,8,1673,824,56,112,-1,-1,-1,-1
271,8,1676,825,57,111,-1,-1,-1,-1
272,8,1675,826,56,113,-1,-1,-1,-1
273,8,1674,827,57,113,-1,-1,-1,-1
274,8,1677,828,56,114,-1,-1,-1,-1
275,8,1677,830,57,115,-1,-1,-1,-1
276,8,1677,830,57,117,-1,-1,-1,-1
277,8,1676,829,59,119,-1,-1,-1,-1
278,8,1676,830,59,118,-1,-1,-1,-1
279,8,1676,833,59,117,-1,-1,-1,-1
280,8,1677,834,58,116,-1,-1,-1,-1
281,8,1677,834,58,116,-1,-1,-1,-1
282,8,1677,835,58,115,-1,-1,-1,-1
283,8,1679,835,55,114,-1,-1,-1,-1
284,8,1679,836,55,113,-1,-1,-1,-1
285,8,1679,837,56,114,-1,-1,-1,-1
286,8,1678,838,56,113,-1,-1,-1,-1
287,8,1678,838,55,113,-1,-1,-1,-1
288,8,1677,839,56,113,-1,-1,-1,-1
289,8,1678,839,55,113,-1,-1,-1,-1
290,8,1678,842,54,112,-1,-1,-1,-1
291,8,1677,842,55,112,-1,-1,-1,-1
292,8,1677,842,55,112,-1,-1,-1,-1
293,8,1678,840,55,114,-1,-1,-1,-1
294,8,1677,841,55,112,-1,-1,-1,-1
295,8,1677,842,54,111,-1,-1,-1,-1
296,8,1676,843,55,111,-1,-1,-1,-1
297,8,1675,844,56,109,-1,-1,-1,-1
298,8,1674,845,56,109,-1,-1,-1,-1
299,8,1673,845,56,110,-1,-1,-1,-1
300,8,1672,845,55,111,-1,-1,-1,-1
301,8,1672,846,56,111,-1,-1,-1,-1
302,8,1673,847,54,111,-1,-1,-1,-1
303,8,1674,849,54,110,-1,-1,-1,-1
304,8,1674,848,54,112,-1,-1,-1,-1
305,8,1671,849,57,113,-1,-1,-1,-1
306,8,1671,849,56,113,-1,-1,-1,-1
307,8,1669,849,56,114,-1,-1,-1,-1
308,8,1669,850,55,115,-1,-1,-1,-1
309,8,1669,850,54,115,-1,-1,-1,-1
310,8,1669,852,54,113,-1,-1,-1,-1
311,8,1669,854,52,109,-1,-1,-1,-1
312,8,1667,855,54,111,-1,-1,-1,-1
313,8,1667,856,55,110,-1,-1,-1,-1
314,8,1665,858,55,107,-1,-1,-1,-1
315,8,1663,856,56,109,-1,-1,-1,-1
316,8,1661,855,57,110,-1,-1,-1,-1
317,8,1662,856,56,111,-1,-1,-1,-1
318,8,1662,855,54,112,-1,-1,-1,-1
319,8,1661,855,55,113,-1,-1,-1,-1
320,8,1658,856,58,113,-1,-1,-1,-1
321,8,1656,857,58,113,-1,-1,-1,-1
322,8,1656,858,57,114,-1,-1,-1,-1
323,8,1655,862,58,112,-1,-1,-1,-1
324,8,1655,861,58,114,-1,-1,-1,-1
325,8,1656,862,56,115,-1,-1,-1,-1
326,8,1655,862,57,117,-1,-1,-1,-1
327,8,1655,864,56,117,-1,-1,-1,-1
328,8,1655,867,54,114,-1,-1,-1,-1
329,8,1654,869,55,110,-1,-1,-1,-1
330,8,1653,869,55,111,-1,-1,-1,-1
331,8,1653,869,54,112,-1,-1,-1,-1
332,8,1652,868,54,114,-1,-1,-1,-1
333,8,1651,869,55,113,-1,-1,-1,-1
334,8,1650,869,54,113,-1,-1,-1,-1
335,8,1652,869,54,108,-1,-1,-1,-1
336,8,1652,870,54,111,-1,-1,-1,-1
337,8,1650,873,55,112,-1,-1,-1,-1
338,8,1650,876,56,113,-1,-1,-1,-1
339,8,1649,879,58,111,-1,-1,-1,-1
340,8,1649,878,58,113,-1,-1,-1,-1
341,8,1649,879,57,113,-1,-1,-1,-1
342,8,1650,880,55,113,-1,-1,-1,-1
343,8,1649,885,56,110,-1,-1,-1,-1
344,8,1650,886,57,109,-1,-1,-1,-1
345,8,1651,886,56,110,-1,-1,-1,-1
346,8,1650,885,56,110,-1,-1,-1,-1
347,8,1650,885,56,110,-1,-1,-1,-1
348,8,1650,886,56,108,-1,-1,-1,-1
349,8,1652,886,53,109,-1,-1,-1,-1
350,8,1652,887,52,109,-1,-1,-1,-1
351,8,1651,887,54,108,-1,-1,-1,-1
352,8,1652,888,54,110,-1,-1,-1,-1
353,8,1652,887,54,111,-1,-1,-1,-1
354,8,1652,888,53,111,-1,-1,-1,-1
355,8,1652,888,53,111,-1,-1,-1,-1
356,8,1651,889,54,111,-1,-1,-1,-1
357,8,1651,889,55,111,-1,-1,-1,-1
358,8,1651,889,54,111,-1,-1,-1,-1
359,8,1651,890,53,112,-1,-1,-1,-1
360,8,1652,891,53,112,-1,-1,-1,-1
361,8,1651,892,53,112,-1,-1,-1,-1
362,8,1650,893,56,112,-1,-1,-1,-1
363,8,1650,892,55,114,-1,-1,-1,-1
364,8,1650,892,56,115,-1,-1,-1,-1
365,8,1650,893,56,112,-1,-1,-1,-1
366,8,1650,893,54,113,-1,-1,-1,-1
367,8,1651,894,55,110,-1,-1,-1,-1
368,8,1649,894,55,113,-1,-1,-1,-1
369,8,1648,894,56,115,-1,-1,-1,-1
370,8,1650,897,54,111,-1,-1,-1,-1
371,8,1651,896,53,116,-1,-1,-1,-1
372,8,1652,897,52,115,-1,-1,-1,-1
373,8,1651,899,53,114,-1,-1,-1,-1
374,8,1650,900,56,115,-1,-1,-1,-1
375,8,1650,902,55,115,-1,-1,-1,-1
376,8,1651,902,56,116,-1,-1,-1,-1
377,8,1652,902,54,118,-1,-1,-1,-1
378,8,1654,904,54,116,-1,-1,-1,-1
379,8,1654,904,55,116,-1,-1,-1,-1
380,8,1653,904,55,115,-1,-1,-1,-1
381,8,1653,903,56,117,-1,-1,-1,-1
382,8,1654,904,54,116,-1,-1,-1,-1
383,8,1654,905,54,115,-1,-1,-1,-1
384,8,1653,906,56,116,-1,-1,-1,-1
385,8,1653,905,57,117,-1,-1,-1,-1
386,8,1654,907,56,117,-1,-1,-1,-1
387,8,1653,909,57,115,-1,-1,-1,-1
388,8,1655,911,54,111,-1,-1,-1,-1
389,8,1654,911,54,113,-1,-1,-1,-1
390,8,1654,911,54,113,-1,-1,-1,-1
391,8,1655,912,53,114,-1,-1,-1,-1
392,8,1655,912,54,116,-1,-1,-1,-1
393,8,1655,913,54,114,-1,-1,-1,-1
394,8,1655,913,54,115,-1,-1,-1,-1
395,8,1655,915,54,114,-1,-1,-1,-1
396,8,1655,915,54,113,-1,-1,-1,-1
397,8,1655,915,54,114,-1,-1,-1,-1
398,8,1655,917,54,112,-1,-1,-1,-1
399,8,1655,918,54,111,-1,-1,-1,-1
400,8,1654,917,57,113,-1,-1,-1,-1
401,8,1656,917,57,114,-1,-1,-1,-1
402,8,1658,917,55,114,-1,-1,-1,-1
403,8,1656,920,56,112,-1,-1,-1,-1
404,8,1657,922,56,112,-1,-1,-1,-1
405,8,1658,921,56,115,-1,-1,-1,-1
406,8,1659,922,55,114,-1,-1,-1,-1
407,8,1661,924,53,113,-1,-1,-1,-1
408,8,1661,924,55,113,-1,-1,-1,-1
409,8,1664,925,56,115,-1,-1,-1,-1
410,8,1666,924,54,116,-1,-1,-1,-1
411,8,1666,925,56,115,-1,-1,-1,-1
412,8,1666,926,56,114,-1,-1,-1,-1
413,8,1667,926,55,112,-1,-1,-1,-1
414,8,1668,927,56,112,-1,-1,-1,-1
415,8,1668,927,58,113,-1,-1,-1,-1
416,8,1667,929,59,110,-1,-1,-1,-1
417,8,1667,931,62,111,-1,-1,-1,-1
418,8,1668,933,62,111,-1,-1,-1,-1
419,8,1670,934,58,111,-1,-1,-1,-1
420,8,1670,934,58,112,-1,-1,-1,-1
421,8,1674,936,57,111,-1,-1,-1,-1
422,8,1673,936,57,113,-1,-1,-1,-1
423,8,1671,937,58,114,-1,-1,-1,-1
424,8,1670,938,58,113,-1,-1,-1,-1
425,8,1670,940,58,111,-1,-1,-1,-1
426,8,1672,940,58,111,-1,-1,-1,-1
427,8,1671,940,58,110,-1,-1,-1,-1
428,8,1671,940,59,109,-1,-1,-1,-1
429,8,1671,940,58,110,-1,-1,-1,-1
430,8,1671,940,59,111,-1,-1,-1,-1
431,8,1671,940,60,113,-1,-1,-1,-1
432,8,1672,939,61,116,-1,-1,-1,-1
433,8,1673,940,60,116,-1,-1,-1,-1
434,8,1673,942,61,116,-1,-1,-1,-1
435,8,1674,945,59,113,-1,-1,-1,-1
436,8,1674,946,60,114,-1,-1,-1,-1
437,8,1674,947,61,114,-1,-1,-1,-1
438,8,1674,947,62,115,-1,-1,-1,-1
439,8,1676,946,61,117,-1,-1,-1,-1
440,8,1676,948,61,115,-1,-1,-1,-1
441,8,1677,950,60,113,-1,-1,-1,-1
442,8,1677,952,60,111,-1,-1,-1,-1
443,8,1676,952,61,110,-1,-1,-1,-1
444,8,1676,951,61,112,-1,-1,-1,-1
445,8,1677,951,60,112,-1,-1,-1,-1
446,8,1678,951,59,112,-1,-1,-1,-1
447,8,1678,952,60,111,-1,-1,-1,-1
448,8,1679,953,58,111,-1,-1,-1,-1
449,8,1679,954,58,112,-1,-1,-1,-1
450,8,1678,956,58,111,-1,-1,-1,-1
451,8,1677,958,59,110,-1,-1,-1,-1
452,8,1677,959,59,110,-1,-1,-1,-1
453,8,1677,960,57,109,-1,-1,-1,-1
454,8,1676,961,58,110,-1,-1,-1,-1
455,8,1677,961,58,109,-1,-1,-1,-1
456,8,1676,961,59,109,-1,-1,-1,-1
457,8,1675,961,60,110,-1,-1,-1,-1
458,8,1671,964,67,112,-1,-1,-1,-1
459,8,1672,965,68,111,-1,-1,-1,-1
460,8,1676,964,60,111,-1,-1,-1,-1
461,8,1676,965,60,109,-1,-1,-1,-1
462,8,1678,965,57,109,-1,-1,-1,-1
463,8,1678,965,58,107,-1,-1,-1,-1
464,8,1679,967,57,107,-1,-1,-1,-1
465,8,1680,968,56,105,-1,-1,-1,-1
466,8,1679,969,56,106,-1,-1,-1,-1
467,8,1680,969,56,105,-1,-1,-1,-1
468,8,1677,970,60,104,-1,-1,-1,-1
469,8,1673,974,68,103,-1,-1,-1,-1
470,8,1679,976,61,98,-1,-1,-1,-1
471,8,1683,975,58,101,-1,-1,-1,-1
472,8,1683,974,56,103,-1,-1,-1,-1
473,8,1686,974,55,100,-1,-1,-1,-1
474,8,1685,975,55,98,-1,-1,-1,-1
475,8,1687,976,55,97,-1,-1,-1,-1
476,8,1689,978,54,98,-1,-1,-1,-1
477,8,1688,980,55,95,-1,-1,-1,-1
478,8,1686,980,56,95,-1,-1,-1,-1
479,8,1687,982,55,92,-1,-1,-1,-1
480,8,1689,984,53,91,-1,-1,-1,-1
481,8,1688,987,54,90,-1,-1,-1,-1
482,8,1689,989,54,86,-1,-1,-1,-1
483,8,1684,991,54,86,-1,-1,-1,-1
484,8,1686,992,52,85,-1,-1,-1,-1
485,8,1687,993,55,85,-1,-1,-1,-1
486,8,1687,997,55,81,-1,-1,-1,-1
487,8,1689,1000,54,80,-1,-1,-1,-1
488,8,1688,1003,53,76,-1,-1,-1,-1
489,8,1689,1004,51,74,-1,-1,-1,-1
490,8,1689,1007,51,72,-1,-1,-1,-1
491,8,1690,1011,50,65,-1,-1,-1,-1
492,8,1691,1009,50,68,-1,-1,-1,-1
493,8,1689,1010,51,67,-1,-1,-1,-1
494,8,1690,1009,51,70,-1,-1,-1,-1
495,8,1689,1012,52,65,-1,-1,-1,-1
496,8,1690,1014,52,63,-1,-1,-1,-1
497,8,1690,1018,52,58,-1,-1,-1,-1
498,8,1691,1019,52,57,-1,-1,-1,-1
499,8,1692,1019,51,57,-1,-1,-1,-1
500,8,1691,1021,51,55,-1,-1,-1,-1
501,8,1692,1020,50,56,-1,-1,-1,-1
502,8,1691,1022,52,54,-1,-1,-1,-1
503,8,1691,1021,52,55,-1,-1,-1,-1
504,8,1690,1023,54,52,-1,-1,-1,-1
505,8,1687,1022,59,56,-1,-1,-1,-1
506,8,1689,1023,59,55,-1,-1,-1,-1
507,8,1693,1026,58,49,-1,-1,-1,-1
508,8,1696,1031,51,45,-1,-1,-1,-1
509,8,1696,1032,52,44,-1,-1,-1,-1
510,8,1697,1032,51,44,-1,-1,-1,-1
511,8,1697,1032,50,44,-1,-1,-1,-1
512,8,1698,1033,48,43,-1,-1,-1,-1
513,8,1698,1034,48,42,-1,-1,-1,-1
514,8,1699,1034,47,42,-1,-1,-1,-1
515,8,1699,1034,48,42,-1,-1,-1,-1
516,8,1700,1035,47,41,-1,-1,-1,-1
517,8,1701,1035,47,40,-1,-1,-1,-1
518,8,1698,1035,55,43,-1,-1,-1,-1
519,8,1701,1037,49,39,-1,-1,-1,-1
520,8,1701,1037,47,38,-1,-1,-1,-1
521,8,1701,1039,47,37,-1,-1,-1,-1
522,8,1703,1040,46,36,-1,-1,-1,-1
523,8,1703,1042,46,34,-1,-1,-1,-1
524,8,1707,1041,45,34,-1,-1,-1,-1
525,8,1705,1042,47,33,-1,-1,-1,-1
526,8,1705,1042,47,33,-1,-1,-1,-1
527,8,1704,1043,48,33,-1,-1,-1,-1
528,8,1705,1042,47,34,-1,-1,-1,-1
529,8,1706,1044,46,34,-1,-1,-1,-1
530,8,1707,1041,46,37,-1,-1,-1,-1
531,8,1707,1041,46,37,-1,-1,-1,-1
532,8,1707,1041,46,37,-1,-1,-1,-1
533,8,1705,1042,53,36,-1,-1,-1,-1
534,8,1708,1042,47,37,-1,-1,-1,-1
528,9,535,796,57,105,-1,-1,-1,-1
529,9,541,789,56,115,-1,-1,-1,-1
530,9,549,804,46,93,-1,-1,-1,-1
531,9,545,817,47,86,-1,-1,-1,-1
532,9,547,795,54,104,-1,-1,-1,-1
533,9,551,810,49,85,-1,-1,-1,-1
534,9,561,807,46,93,-1,-1,-1,-1
535,9,562,810,49,105,-1,-1,-1,-1
536,9,565,810,50,114,-1,-1,-1,-1
537,9,568,812,53,109,-1,-1,-1,-1
538,9,570,825,55,114,-1,-1,-1,-1
539,9,579,836,47,93,-1,-1,-1,-1
540,9,578,837,53,114,-1,-1,-1,-1
541,9,578,838,57,113,-1,-1,-1,-1
542,9,581,846,57,118,-1,-1,-1,-1
543,9,586,852,54,111,-1,-1,-1,-1
544,9,585,858,60,118,-1,-1,-1,-1
545,9,587,861,62,118,-1,-1,-1,-1
546,9,590,870,61,121,-1,-1,-1,-1
547,9,598,878,55,113,-1,-1,-1,-1
548,9,603,880,52,104,-1,-1,-1,-1
549,9,603,883,55,103,-1,-1,-1,-1
550,9,606,890,53,119,-1,-1,-1,-1
551,9,610,900,52,101,-1,-1,-1,-1
552,9,609,905,58,117,-1,-1,-1,-1
553,9,610,905,62,123,-1,-1,-1,-1
554,9,615,912,63,127,-1,-1,-1,-1
555,9,625,926,55,97,-1,-1,-1,-1
556,9,624,924,57,111,-1,-1,-1,-1
557,9,624,929,60,113,-1,-1,-1,-1
558,9,628,934,61,120,-1,-1,-1,-1
559,9,633,944,57,112,-1,-1,-1,-1
560,9,636,943,59,118,-1,-1,-1,-1
561,9,637,949,60,105,-1,-1,-1,-1
562,9,641,955,61,103,-1,-1,-1,-1
563,9,644,964,60,103,-1,-1,-1,-1
564,9,643,968,60,102,-1,-1,-1,-1
565,9,651,974,57,95,-1,-1,-1,-1
566,9,654,983,60,90,-1,-1,-1,-1
567,9,658,984,59,89,-1,-1,-1,-1
568,9,654,990,65,87,-1,-1,-1,-1
569,9,667,998,56,76,-1,-1,-1,-1
570,9,671,1002,54,74,-1,-1,-1,-1
571,9,674,1012,51,64,-1,-1,-1,-1
572,9,681,1017,49,60,-1,-1,-1,-1
573,9,685,1020,50,57,-1,-1,-1,-1
574,9,693,1034,49,42,-1,-1,-1,-1
575,9,695,1040,47,35,-1,-1,-1,-1
576,9,698,1040,44,36,-1,-1,-1,-1
1,10,1788,929,57,109,-1,-1,-1,-1
2,10,1790,926,60,118,-1,-1,-1,-1
3,10,1792,927,60,119,-1,-1,-1,-1
4,10,1793,928,60,120,-1,-1,-1,-1
5,10,1794,931,62,118,-1,-1,-1,-1
6,10,1798,934,58,115,-1,-1,-1,-1
7,10,1803,936,56,111,-1,-1,-1,-1
8,10,1804,936,58,115,-1,-1,-1,-1
9,10,1812,935,51,114,-1,-1,-1,-1
10,10,1812,937,54,110,-1,-1,-1,-1
11,10,1813,940,56,110,-1,-1,-1,-1
12,10,1810,941,58,112,-1,-1,-1,-1
13,10,1814,941,58,114,-1,-1,-1,-1
14,10,1815,943,61,115,-1,-1,-1,-1
15,10,1815,946,62,112,-1,-1,-1,-1
16,10,1819,947,62,111,-1,-1,-1,-1
17,10,1830,949,57,112,-1,-1,-1,-1
18,10,1828,951,64,110,-1,-1,-1,-1
19,10,1829,953,65,107,-1,-1,-1,-1
20,10,1835,953,63,109,-1,-1,-1,-1
21,10,1839,955,60,110,-1,-1,-1,-1
22,10,1843,959,57,107,-1,-1,-1,-1
23,10,1841,958,61,108,-1,-1,-1,-1
24,10,1845,962,58,101,-1,-1,-1,-1
25,10,1843,966,56,107,-1,-1,-1,-1
26,10,1845,970,57,99,-1,-1,-1,-1
27,10,1850,969,55,96,-1,-1,-1,-1
28,10,1848,979,64,87,-1,-1,-1,-1
29,10,1849,974,67,97,-1,-1,-1,-1
30,10,1854,974,64,98,-1,-1,-1,-1
31,10,1856,969,62,98,-1,-1,-1,-1
32,10,1869,967,48,101,-1,-1,-1,-1
33,10,1862,970,57,97,-1,-1,-1,-1
34,10,1868,969,51,104,-1,-1,-1,-1
35,10,1863,969,56,106,-1,-1,-1,-1
36,10,1871,972,48,103,-1,-1,-1,-1
37,10,1863,981,56,99,-1,-1,-1,-1
38,10,1874,982,45,87,-1,-1,-1,-1
39,10,1875,989,44,86,-1,-1,-1,-1
40,10,1864,1019,49,58,-1,-1,-1,-1
41,10,1875,1015,41,60,-1,-1,-1,-1
42,10,1861,1011,56,61,-1,-1,-1,-1
43,10,1870,1004,43,73,-1,-1,-1,-1
44,10,1850,1029,59,49,-1,-1,-1,-1
45,10,1849,1034,58,41,-1,-1,-1,-1
46,10,1850,1034,57,41,-1,-1,-1,-1
47,10,1851,1035,56,40,-1,-1,-1,-1
48,10,1850,1034,57,41,-1,-1,-1,-1
49,10,1849,1035,58,41,-1,-1,-1,-1
50,10,1850,1034,58,42,-1,-1,-1,-1
51,10,1850,1033,58,42,-1,-1,-1,-1
52,10,1851,1033,57,43,-1,-1,-1,-1
53,10,1851,1033,57,43,-1,-1,-1,-1
54,10,1850,1033,58,43,-1,-1,-1,-1
55,10,1851,1034,55,42,-1,-1,-1,-1
56,10,1852,1034,55,41,-1,-1,-1,-1
57,10,1852,1035,55,40,-1,-1,-1,-1
58,10,1852,1034,55,41,-1,-1,-1,-1
59,10,1852,1034,56,41,-1,-1,-1,-1
60,10,1852,1034,55,41,-1,-1,-1,-1
61,10,1851,1035,56,41,-1,-1,-1,-1
62,10,1851,1035,57,40,-1,-1,-1,-1
63,10,1852,1034,56,41,-1,-1,-1,-1
64,10,1851,1035,57,41,-1,-1,-1,-1
65,10,1851,1034,58,41,-1,-1,-1,-1
66,10,1850,1033,58,42,-1,-1,-1,-1
67,10,1848,1039,64,36,-1,-1,-1,-1
68,10,1846,1037,65,38,-1,-1,-1,-1
69,10,1849,1038,61,38,-1,-1,-1,-1
70,10,1849,1038,62,38,-1,-1,-1,-1
71,10,1850,1037,60,39,-1,-1,-1,-1
72,10,1850,1035,60,40,-1,-1,-1,-1
73,10,1848,1035,61,41,-1,-1,-1,-1
74,10,1848,1035,61,41,-1,-1,-1,-1
75,10,1848,1035,62,41,-1,-1,-1,-1
76,10,1848,1035,61,41,-1,-1,-1,-1
77,10,1848,1034,61,42,-1,-1,-1,-1
78,10,1848,1034,62,42,-1,-1,-1,-1
79,10,1847,1033,63,42,-1,-1,-1,-1
80,10,1851,1028,56,47,-1,-1,-1,-1
81,10,1851,1029,55,46,-1,-1,-1,-1
82,10,1848,1032,61,44,-1,-1,-1,-1
83,10,1848,1033,62,43,-1,-1,-1,-1
84,10,1848,1034,62,43,-1,-1,-1,-1
85,10,1852,1033,55,43,-1,-1,-1,-1
86,10,1848,1035,61,39,-1,-1,-1,-1
87,10,1850,1031,58,44,-1,-1,-1,-1
88,10,1847,1037,62,37,-1,-1,-1,-1
89,10,1848,1036,61,38,-1,-1,-1,-1
90,10,1848,1035,61,39,-1,-1,-1,-1
91,10,1848,1036,61,38,-1,-1,-1,-1
92,10,1849,1031,58,44,-1,-1,-1,-1
93,10,1848,1036,60,38,-1,-1,-1,-1
94,10,1848,1036,60,38,-1,-1,-1,-1
95,10,1849,1031,58,44,-1,-1,-1,-1
96,10,1849,1032,57,43,-1,-1,-1,-1
97,10,1849,1033,58,43,-1,-1,-1,-1
98,10,1849,1033,57,43,-1,-1,-1,-1
99,10,1850,1033,56,43,-1,-1,-1,-1
100,10,1850,1033,57,43,-1,-1,-1,-1
101,10,1849,1034,58,42,-1,-1,-1,-1
102,10,1850,1034,57,42,-1,-1,-1,-1
103,10,1850,1034,58,42,-1,-1,-1,-1
104,10,1850,1034,58,41,-1,-1,-1,-1
105,10,1849,1034,59,41,-1,-1,-1,-1
106,10,1850,1033,58,42,-1,-1,-1,-1
107,10,1851,1033,55,42,-1,-1,-1,-1
108,10,1850,1033,57,43,-1,-1,-1,-1
109,10,1852,1033,57,42,-1,-1,-1,-1
110,10,1852,1033,57,42,-1,-1,-1,-1
111,10,1852,1033,56,43,-1,-1,-1,-1
112,10,1852,1033,56,42,-1,-1,-1,-1
113,10,1852,1033,56,42,-1,-1,-1,-1
114,10,1852,1033,56,42,-1,-1,-1,-1
115,10,1852,1033,57,42,-1,-1,-1,-1
116,10,1853,1033,56,42,-1,-1,-1,-1
117,10,1852,1033,56,42,-1,-1,-1,-1
118,10,1853,1033,56,42,-1,-1,-1,-1
119,10,1852,1033,56,42,-1,-1,-1,-1
120,10,1852,1033,56,42,-1,-1,-1,-1
121,10,1852,1033,56,42,-1,-1,-1,-1
122,10,1852,1033,56,42,-1,-1,-1,-1
123,10,1852,1033,56,42,-1,-1,-1,-1
124,10,1852,1032,56,43,-1,-1,-1,-1
125,10,1852,1032,57,43,-1,-1,-1,-1
126,10,1852,1032,57,43,-1,-1,-1,-1
127,10,1852,1032,57,43,-1,-1,-1,-1
128,10,1852,1032,56,43,-1,-1,-1,-1
129,10,1852,1033,56,42,-1,-1,-1,-1
130,10,1852,1032,56,43,-1,-1,-1,-1
131,10,1853,1033,55,42,-1,-1,-1,-1
132,10,1852,1033,56,42,-1,-1,-1,-1
133,10,1853,1033,55,42,-1,-1,-1,-1
134,10,1852,1033,57,42,-1,-1,-1,-1
135,10,1852,1033,56,42,-1,-1,-1,-1
136,10,1852,1033,57,42,-1,-1,-1,-1
137,10,1852,1033,57,42,-1,-1,-1,-1
138,10,1852,1033,56,42,-1,-1,-1,-1
139,10,1852,1033,56,42,-1,-1,-1,-1
140,10,1851,1033,58,42,-1,-1,-1,-1
141,10,1851,1032,58,43,-1,-1,-1,-1
142,10,1851,1032,57,43,-1,-1,-1,-1
143,10,1851,1032,57,43,-1,-1,-1,-1
144,10,1851,1032,57,43,-1,-1,-1,-1
145,10,1852,1032,58,43,-1,-1,-1,-1
146,10,1852,1032,57,43,-1,-1,-1,-1
147,10,1847,1035,64,39,-1,-1,-1,-1
148,10,1847,1035,64,40,-1,-1,-1,-1
149,10,1852,1033,57,42,-1,-1,-1,-1
150,10,1852,1033,57,42,-1,-1,-1,-1
151,10,1852,1032,57,43,-1,-1,-1,-1
152,10,1852,1032,56,43,-1,-1,-1,-1
153,10,1852,1032,56,43,-1,-1,-1,-1
154,10,1852,1032,57,43,-1,-1,-1,-1
155,10,1853,1032,55,43,-1,-1,-1,-1
156,10,1853,1032,56,43,-1,-1,-1,-1
157,10,1853,1032,56,43,-1,-1,-1,-1
158,10,1853,1032,56,43,-1,-1,-1,-1
159,10,1853,1032,56,43,-1,-1,-1,-1
160,10,1853,1032,56,43,-1,-1,-1,-1
161,10,1852,1032,58,43,-1,-1,-1,-1
162,10,1852,1032,58,43,-1,-1,-1,-1
163,10,1852,1032,57,43,-1,-1,-1,-1
164,10,1853,1032,56,43,-1,-1,-1,-1
165,10,1853,1033,56,42,-1,-1,-1,-1
166,10,1853,1033,56,42,-1,-1,-1,-1
167,10,1853,1033,56,42,-1,-1,-1,-1
168,10,1854,1033,55,42,-1,-1,-1,-1
169,10,1853,1033,55,43,-1,-1,-1,-1
170,10,1853,1033,55,43,-1,-1,-1,-1
171,10,1853,1033,55,43,-1,-1,-1,-1
172,10,1852,1033,56,42,-1,-1,-1,-1
173,10,1853,1033,55,43,-1,-1,-1,-1
174,10,1853,1033,55,43,-1,-1,-1,-1
175,10,1852,1033,55,42,-1,-1,-1,-1
176,10,1851,1032,56,43,-1,-1,-1,-1
177,10,1851,1033,55,42,-1,-1,-1,-1
178,10,1851,1033,55,42,-1,-1,-1,-1
179,10,1851,1033,55,42,-1,-1,-1,-1
180,10,1851,1033,55,42,-1,-1,-1,-1
181,10,1851,1034,55,41,-1,-1,-1,-1
182,10,1851,1033,55,42,-1,-1,-1,-1
183,10,1851,1033,55,42,-1,-1,-1,-1
184,10,1851,1033,55,42,-1,-1,-1,-1
185,10,1851,1033,55,42,-1,-1,-1,-1
186,10,1851,1033,55,42,-1,-1,-1,-1
187,10,1851,1033,55,42,-1,-1,-1,-1
188,10,1851,1033,55,42,-1,-1,-1,-1
189,10,1849,1034,59,41,-1,-1,-1,-1
190,10,1851,1034,55,41,-1,-1,-1,-1
191,10,1850,1034,58,41,-1,-1,-1,-1
192,10,1850,1034,58,41,-1,-1,-1,-1
193,10,1850,1034,56,41,-1,-1,-1,-1
194,10,1850,1034,56,41,-1,-1,-1,-1
195,10,1849,1034,59,41,-1,-1,-1,-1
196,10,1850,1034,56,41,-1,-1,-1,-1
197,10,1850,1034,57,41,-1,-1,-1,-1
198,10,1850,1034,57,41,-1,-1,-1,-1
199,10,1849,1033,59,42,-1,-1,-1,-1
200,10,1849,1033,57,42,-1,-1,-1,-1
201,10,1849,1033,58,42,-1,-1,-1,-1
202,10,1850,1033,57,42,-1,-1,-1,-1
203,10,1849,1033,58,42,-1,-1,-1,-1
204,10,1849,1033,58,42,-1,-1,-1,-1
205,10,1851,1033,55,42,-1,-1,-1,-1
206,10,1851,1033,56,42,-1,-1,-1,-1
207,10,1851,1033,56,42,-1,-1,-1,-1
208,10,1851,1033,56,42,-1,-1,-1,-1
209,10,1851,1033,56,42,-1,-1,-1,-1
210,10,1851,1033,55,42,-1,-1,-1,-1
211,10,1849,1033,59,42,-1,-1,-1,-1
212,10,1849,1034,58,42,-1,-1,-1,-1
213,10,1849,1034,58,42,-1,-1,-1,-1
214,10,1849,1034,58,42,-1,-1,-1,-1
215,10,1849,1033,58,43,-1,-1,-1,-1
216,10,1849,1033,58,43,-1,-1,-1,-1
217,10,1850,1033,58,43,-1,-1,-1,-1
218,10,1850,1033,58,43,-1,-1,-1,-1
219,10,1851,1033,55,42,-1,-1,-1,-1
220,10,1851,1033,56,42,-1,-1,-1,-1
221,10,1851,1033,55,43,-1,-1,-1,-1
222,10,1851,1033,55,43,-1,-1,-1,-1
223,10,1851,1033,56,43,-1,-1,-1,-1
224,10,1852,1033,55,43,-1,-1,-1,-1
225,10,1852,1033,56,43,-1,-1,-1,-1
226,10,1852,1033,56,42,-1,-1,-1,-1
227,10,1852,1033,56,42,-1,-1,-1,-1
228,10,1851,1033,56,42,-1,-1,-1,-1
229,10,1851,1033,56,42,-1,-1,-1,-1
230,10,1851,1032,56,43,-1,-1,-1,-1
231,10,1851,1032,56,43,-1,-1,-1,-1
232,10,1851,1033,56,42,-1,-1,-1,-1
233,10,1851,1032,56,43,-1,-1,-1,-1
234,10,1851,1033,56,42,-1,-1,-1,-1
235,10,1850,1033,58,42,-1,-1,-1,-1
236,10,1850,1032,58,43,-1,-1,-1,-1
237,10,1850,1032,58,43,-1,-1,-1,-1
238,10,1849,1032,58,43,-1,-1,-1,-1
239,10,1849,1032,58,43,-1,-1,-1,-1
240,10,1849,1032,58,43,-1,-1,-1,-1
241,10,1849,1033,58,42,-1,-1,-1,-1
242,10,1849,1033,58,42,-1,-1,-1,-1
243,10,1849,1032,58,43,-1,-1,-1,-1
244,10,1849,1032,58,43,-1,-1,-1,-1
245,10,1849,1032,58,43,-1,-1,-1,-1
246,10,1849,1033,58,42,-1,-1,-1,-1
247,10,1849,1033,59,42,-1,-1,-1,-1
248,10,1849,1033,58,42,-1,-1,-1,-1
249,10,1849,1033,59,42,-1,-1,-1,-1
250,10,1850,1033,58,42,-1,-1,-1,-1
251,10,1850,1034,58,41,-1,-1,-1,-1
252,10,1849,1034,59,41,-1,-1,-1,-1
253,10,1851,1033,57,43,-1,-1,-1,-1
254,10,1851,1033,57,43,-1,-1,-1,-1
255,10,1851,1033,57,43,-1,-1,-1,-1
256,10,1850,1033,58,43,-1,-1,-1,-1
257,10,1850,1033,58,43,-1,-1,-1,-1
258,10,1850,1033,58,43,-1,-1,-1,-1
259,10,1850,1034,58,42,-1,-1,-1,-1
260,10,1850,1033,57,42,-1,-1,-1,-1
261,10,1850,1033,57,42,-1,-1,-1,-1
262,10,1850,1034,58,42,-1,-1,-1,-1
263,10,1851,1034,57,41,-1,-1,-1,-1
264,10,1851,1034,56,41,-1,-1,-1,-1
265,10,1851,1034,57,41,-1,-1,-1,-1
266,10,1851,1034,57,41,-1,-1,-1,-1
267,10,1850,1034,58,41,-1,-1,-1,-1
268,10,1850,1034,57,41,-1,-1,-1,-1
269,10,1850,1034,58,42,-1,-1,-1,-1
270,10,1850,1034,58,41,-1,-1,-1,-1
271,10,1852,1034,54,41,-1,-1,-1,-1
272,10,1852,1034,55,41,-1,-1,-1,-1
273,10,1851,1034,57,41,-1,-1,-1,-1
274,10,1852,1034,54,41,-1,-1,-1,-1
275,10,1852,1034,55,41,-1,-1,-1,-1
276,10,1852,1034,55,41,-1,-1,-1,-1
277,10,1852,1034,54,41,-1,-1,-1,-1
278,10,1852,1034,55,41,-1,-1,-1,-1
279,10,1852,1034,55,41,-1,-1,-1,-1
280,10,1852,1034,54,41,-1,-1,-1,-1
281,10,1852,1034,55,41,-1,-1,-1,-1
282,10,1852,1034,55,41,-1,-1,-1,-1
283,10,1852,1034,55,41,-1,-1,-1,-1
284,10,1852,1033,55,42,-1,-1,-1,-1
285,10,1852,1033,55,42,-1,-1,-1,-1
286,10,1851,1033,56,42,-1,-1,-1,-1
287,10,1852,1034,55,41,-1,-1,-1,-1
288,10,1852,1034,55,41,-1,-1,-1,-1
289,10,1849,1033,60,42,-1,-1,-1,-1
290,10,1849,1033,60,42,-1,-1,-1,-1
291,10,1849,1033,59,42,-1,-1,-1,-1
292,10,1851,1033,55,42,-1,-1,-1,-1
293,10,1849,1033,59,42,-1,-1,-1,-1
294,10,1850,1033,58,42,-1,-1,-1,-1
295,10,1852,1032,55,43,-1,-1,-1,-1
296,10,1850,1032,58,44,-1,-1,-1,-1
297,10,1850,1032,58,44,-1,-1,-1,-1
298,10,1849,1032,58,44,-1,-1,-1,-1
299,10,1849,1033,58,42,-1,-1,-1,-1
300,10,1848,1033,59,42,-1,-1,-1,-1
301,10,1848,1033,60,42,-1,-1,-1,-1
302,10,1848,1033,60,43,-1,-1,-1,-1
303,10,1848,1033,60,43,-1,-1,-1,-1
304,10,1848,1033,60,43,-1,-1,-1,-1
305,10,1848,1033,60,43,-1,-1,-1,-1
306,10,1848,1033,60,43,-1,-1,-1,-1
307,10,1848,1033,60,43,-1,-1,-1,-1
308,10,1849,1034,58,42,-1,-1,-1,-1
309,10,1849,1034,57,42,-1,-1,-1,-1
310,10,1848,1034,59,42,-1,-1,-1,-1
311,10,1848,1034,60,42,-1,-1,-1,-1
312,10,1848,1034,60,42,-1,-1,-1,-1
313,10,1849,1034,58,42,-1,-1,-1,-1
314,10,1849,1034,58,42,-1,-1,-1,-1
315,10,1849,1034,58,42,-1,-1,-1,-1
316,10,1849,1034,58,42,-1,-1,-1,-1
317,10,1848,1034,59,42,-1,-1,-1,-1
318,10,1849,1034,58,42,-1,-1,-1,-1
319,10,1849,1034,57,42,-1,-1,-1,-1
320,10,1849,1034,58,42,-1,-1,-1,-1
321,10,1849,1034,59,42,-1,-1,-1,-1
322,10,1849,1034,59,42,-1,-1,-1,-1
323,10,1849,1034,59,42,-1,-1,-1,-1
324,10,1850,1034,57,42,-1,-1,-1,-1
325,10,1851,1034,56,43,-1,-1,-1,-1
326,10,1851,1034,56,43,-1,-1,-1,-1
327,10,1851,1034,56,43,-1,-1,-1,-1
328,10,1850,1034,57,42,-1,-1,-1,-1
329,10,1850,1034,57,42,-1,-1,-1,-1
330,10,1850,1034,57,42,-1,-1,-1,-1
331,10,1850,1034,57,42,-1,-1,-1,-1
332,10,1850,1034,57,42,-1,-1,-1,-1
333,10,1850,1034,57,42,-1,-1,-1,-1
334,10,1850,1034,57,42,-1,-1,-1,-1
335,10,1850,1034,57,42,-1,-1,-1,-1
336,10,1850,1034,57,42,-1,-1,-1,-1
337,10,1850,1034,56,42,-1,-1,-1,-1
338,10,1850,1034,56,42,-1,-1,-1,-1
339,10,1850,1034,56,42,-1,-1,-1,-1
340,10,1849,1035,58,42,-1,-1,-1,-1
341,10,1849,1034,57,42,-1,-1,-1,-1
342,10,1849,1034,57,42,-1,-1,-1,-1
343,10,1849,1034,57,42,-1,-1,-1,-1
344,10,1848,1034,60,42,-1,-1,-1,-1
345,10,1848,1034,60,42,-1,-1,-1,-1
346,10,1848,1034,60,42,-1,-1,-1,-1
347,10,1848,1034,60,42,-1,-1,-1,-1
348,10,1848,1034,60,42,-1,-1,-1,-1
349,10,1849,1034,58,42,-1,-1,-1,-1
350,10,1849,1033,58,43,-1,-1,-1,-1
351,10,1849,1033,58,43,-1,-1,-1,-1
352,10,1849,1033,58,43,-1,-1,-1,-1
353,10,1849,1033,58,43,-1,-1,-1,-1
354,10,1849,1033,58,43,-1,-1,-1,-1
355,10,1849,1033,58,43,-1,-1,-1,-1
356,10,1849,1034,58,42,-1,-1,-1,-1
357,10,1849,1034,58,42,-1,-1,-1,-1
358,10,1849,1033,58,43,-1,-1,-1,-1
359,10,1849,1033,58,43,-1,-1,-1,-1
360,10,1849,1033,58,43,-1,-1,-1,-1
361,10,1849,1033,58,42,-1,-1,-1,-1
362,10,1849,1033,58,42,-1,-1,-1,-1
363,10,1849,1033,58,42,-1,-1,-1,-1
364,10,1849,1033,58,42,-1,-1,-1,-1
365,10,1849,1033,58,42,-1,-1,-1,-1
366,10,1849,1033,58,42,-1,-1,-1,-1
367,10,1849,1033,58,42,-1,-1,-1,-1
368,10,1849,1033,58,42,-1,-1,-1,-1
369,10,1850,1033,57,42,-1,-1,-1,-1
370,10,1850,1033,57,42,-1,-1,-1,-1
371,10,1850,1033,58,43,-1,-1,-1,-1
372,10,1850,1033,58,43,-1,-1,-1,-1
373,10,1851,1033,56,42,-1,-1,-1,-1
374,10,1851,1033,56,42,-1,-1,-1,-1
375,10,1851,1033,56,42,-1,-1,-1,-1
376,10,1851,1033,56,42,-1,-1,-1,-1
377,10,1850,1033,59,42,-1,-1,-1,-1
378,10,1851,1033,56,42,-1,-1,-1,-1
379,10,1851,1033,56,42,-1,-1,-1,-1
380,10,1851,1033,56,42,-1,-1,-1,-1
381,10,1851,1033,56,42,-1,-1,-1,-1
382,10,1851,1033,56,42,-1,-1,-1,-1
383,10,1851,1033,55,42,-1,-1,-1,-1
384,10,1851,1033,56,42,-1,-1,-1,-1
385,10,1852,1034,54,41,-1,-1,-1,-1
386,10,1852,1034,54,41,-1,-1,-1,-1
387,10,1851,1034,55,41,-1,-1,-1,-1
388,10,1852,1034,54,41,-1,-1,-1,-1
389,10,1850,1034,58,41,-1,-1,-1,-1
390,10,1852,1034,54,41,-1,-1,-1,-1
391,10,1852,1034,54,41,-1,-1,-1,-1
392,10,1852,1034,54,42,-1,-1,-1,-1
393,10,1852,1034,54,42,-1,-1,-1,-1
394,10,1851,1034,57,42,-1,-1,-1,-1
395,10,1851,1034,55,41,-1,-1,-1,-1
396,10,1852,1034,54,41,-1,-1,-1,-1
397,10,1851,1034,55,41,-1,-1,-1,-1
398,10,1850,1034,58,42,-1,-1,-1,-1
399,10,1851,1034,57,41,-1,-1,-1,-1
400,10,1851,1034,55,41,-1,-1,-1,-1
401,10,1852,1034,54,42,-1,-1,-1,-1
402,10,1852,1034,54,41,-1,-1,-1,-1
403,10,1848,1039,63,36,-1,-1,-1,-1
404,10,1852,1035,54,40,-1,-1,-1,-1
405,10,1848,1039,63,35,-1,-1,-1,-1
406,10,1851,1035,55,40,-1,-1,-1,-1
407,10,1848,1039,63,35,-1,-1,-1,-1
408,10,1849,1039,62,35,-1,-1,-1,-1
409,10,1852,1035,54,40,-1,-1,-1,-1
410,10,1852,1035,54,40,-1,-1,-1,-1
411,10,1852,1035,54,40,-1,-1,-1,-1
412,10,1852,1035,54,40,-1,-1,-1,-1
413,10,1851,1034,56,41,-1,-1,-1,-1
414,10,1850,1034,57,41,-1,-1,-1,-1
415,10,1851,1034,57,41,-1,-1,-1,-1
416,10,1851,1034,57,42,-1,-1,-1,-1
417,10,1851,1034,57,42,-1,-1,-1,-1
418,10,1851,1034,57,42,-1,-1,-1,-1
419,10,1851,1034,57,41,-1,-1,-1,-1
420,10,1851,1034,57,42,-1,-1,-1,-1
421,10,1851,1035,56,41,-1,-1,-1,-1
422,10,1851,1035,56,41,-1,-1,-1,-1
423,10,1851,1035,56,41,-1,-1,-1,-1
424,10,1851,1035,55,41,-1,-1,-1,-1
425,10,1851,1035,55,41,-1,-1,-1,-1
426,10,1851,1035,55,40,-1,-1,-1,-1
427,10,1851,1035,55,41,-1,-1,-1,-1
428,10,1851,1035,55,40,-1,-1,-1,-1
429,10,1850,1035,56,40,-1,-1,-1,-1
430,10,1850,1034,56,41,-1,-1,-1,-1
431,10,1849,1035,57,40,-1,-1,-1,-1
432,10,1850,1035,56,40,-1,-1,-1,-1
433,10,1851,1034,57,42,-1,-1,-1,-1
434,10,1851,1034,57,41,-1,-1,-1,-1
435,10,1851,1034,57,42,-1,-1,-1,-1
436,10,1850,1034,57,42,-1,-1,-1,-1
437,10,1850,1034,57,41,-1,-1,-1,-1
438,10,1850,1034,57,41,-1,-1,-1,-1
439,10,1850,1034,57,41,-1,-1,-1,-1
440,10,1850,1034,58,42,-1,-1,-1,-1
441,10,1850,1034,58,41,-1,-1,-1,-1
442,10,1850,1034,58,42,-1,-1,-1,-1
443,10,1850,1034,58,42,-1,-1,-1,-1
444,10,1850,1034,58,42,-1,-1,-1,-1
445,10,1850,1034,57,42,-1,-1,-1,-1
446,10,1850,1034,57,42,-1,-1,-1,-1
447,10,1849,1034,58,42,-1,-1,-1,-1
448,10,1849,1034,59,42,-1,-1,-1,-1
449,10,1849,1034,58,41,-1,-1,-1,-1
450,10,1849,1034,58,42,-1,-1,-1,-1
451,10,1849,1034,58,42,-1,-1,-1,-1
452,10,1850,1033,58,43,-1,-1,-1,-1
453,10,1850,1033,58,42,-1,-1,-1,-1
454,10,1850,1033,58,43,-1,-1,-1,-1
455,10,1850,1033,58,42,-1,-1,-1,-1
456,10,1850,1033,58,42,-1,-1,-1,-1
457,10,1849,1034,59,41,-1,-1,-1,-1
458,10,1849,1034,59,41,-1,-1,-1,-1
459,10,1849,1034,59,42,-1,-1,-1,-1
460,10,1849,1034,58,41,-1,-1,-1,-1
461,10,1849,1034,58,41,-1,-1,-1,-1
462,10,1849,1034,58,41,-1,-1,-1,-1
463,10,1849,1034,58,41,-1,-1,-1,-1
464,10,1849,1034,58,41,-1,-1,-1,-1
465,10,1849,1034,58,41,-1,-1,-1,-1
466,10,1849,1034,58,41,-1,-1,-1,-1
467,10,1849,1034,58,41,-1,-1,-1,-1
468,10,1849,1034,57,41,-1,-1,-1,-1
469,10,1848,1034,59,41,-1,-1,-1,-1
470,10,1848,1034,59,42,-1,-1,-1,-1
471,10,1848,1034,59,42,-1,-1,-1,-1
472,10,1848,1034,59,42,-1,-1,-1,-1
473,10,1848,1034,58,42,-1,-1,-1,-1
474,10,1848,1034,58,42,-1,-1,-1,-1
475,10,1848,1034,58,42,-1,-1,-1,-1
476,10,1849,1035,57,41,-1,-1,-1,-1
477,10,1849,1035,57,41,-1,-1,-1,-1
478,10,1849,1035,57,41,-1,-1,-1,-1
479,10,1848,1035,58,41,-1,-1,-1,-1
480,10,1848,1035,58,41,-1,-1,-1,-1
481,10,1848,1034,59,41,-1,-1,-1,-1
482,10,1848,1034,59,41,-1,-1,-1,-1
483,10,1848,1034,59,41,-1,-1,-1,-1
484,10,1848,1034,59,41,-1,-1,-1,-1
485,10,1849,1034,58,42,-1,-1,-1,-1
486,10,1849,1034,58,41,-1,-1,-1,-1
487,10,1849,1034,58,41,-1,-1,-1,-1
488,10,1848,1034,59,41,-1,-1,-1,-1
489,10,1848,1034,59,41,-1,-1,-1,-1
490,10,1849,1034,58,41,-1,-1,-1,-1
491,10,1849,1034,58,42,-1,-1,-1,-1
492,10,1849,1034,58,42,-1,-1,-1,-1
493,10,1850,1034,58,41,-1,-1,-1,-1
494,10,1850,1034,58,41,-1,-1,-1,-1
495,10,1850,1034,58,41,-1,-1,-1,-1
496,10,1852,1034,53,41,-1,-1,-1,-1
497,10,1852,1034,54,41,-1,-1,-1,-1
498,10,1852,1034,54,41,-1,-1,-1,-1
499,10,1852,1034,54,41,-1,-1,-1,-1
500,10,1850,1034,58,41,-1,-1,-1,-1
501,10,1850,1034,58,41,-1,-1,-1,-1
502,10,1850,1034,57,41,-1,-1,-1,-1
503,10,1850,1034,57,41,-1,-1,-1,-1
504,10,1850,1034,58,41,-1,-1,-1,-1
505,10,1851,1034,56,41,-1,-1,-1,-1
506,10,1851,1034,55,41,-1,-1,-1,-1
507,10,1851,1034,55,41,-1,-1,-1,-1
508,10,1851,1034,55,41,-1,-1,-1,-1
509,10,1851,1034,55,41,-1,-1,-1,-1
510,10,1851,1034,55,41,-1,-1,-1,-1
511,10,1851,1034,55,41,-1,-1,-1,-1
512,10,1851,1035,55,40,-1,-1,-1,-1
513,10,1851,1035,55,40,-1,-1,-1,-1
514,10,1851,1035,55,40,-1,-1,-1,-1
515,10,1850,1035,58,40,-1,-1,-1,-1
516,10,1850,1035,58,40,-1,-1,-1,-1
517,10,1852,1034,55,41,-1,-1,-1,-1
518,10,1852,1034,55,41,-1,-1,-1,-1
519,10,1852,1034,55,41,-1,-1,-1,-1
520,10,1852,1034,55,41,-1,-1,-1,-1
521,10,1852,1034,55,41,-1,-1,-1,-1
522,10,1852,1034,55,41,-1,-1,-1,-1
523,10,1852,1034,55,41,-1,-1,-1,-1
524,10,1852,1034,54,42,-1,-1,-1,-1
525,10,1852,1034,54,42,-1,-1,-1,-1
526,10,1852,1034,54,41,-1,-1,-1,-1
527,10,1853,1034,54,42,-1,-1,-1,-1
528,10,1851,1039,57,37,-1,-1,-1,-1
529,10,1853,1034,53,41,-1,-1,-1,-1
530,10,1853,1034,53,41,-1,-1,-1,-1
531,10,1853,1034,53,41,-1,-1,-1,-1
532,10,1853,1034,53,41,-1,-1,-1,-1
533,10,1853,1034,53,41,-1,-1,-1,-1
534,10,1853,1034,53,41,-1,-1,-1,-1
535,10,1851,1034,56,41,-1,-1,-1,-1
536,10,1852,1034,56,41,-1,-1,-1,-1
537,10,1851,1034,57,41,-1,-1,-1,-1
538,10,1852,1034,55,41,-1,-1,-1,-1
539,10,1851,1035,56,41,-1,-1,-1,-1
540,10,1851,1035,56,40,-1,-1,-1,-1
541,10,1850,1034,57,41,-1,-1,-1,-1
542,10,1850,1034,57,41,-1,-1,-1,-1
543,10,1850,1034,57,41,-1,-1,-1,-1
544,10,1851,1034,56,41,-1,-1,-1,-1
545,10,1850,1034,57,41,-1,-1,-1,-1
546,10,1850,1034,57,41,-1,-1,-1,-1
547,10,1850,1034,57,41,-1,-1,-1,-1
548,10,1850,1034,57,41,-1,-1,-1,-1
549,10,1850,1034,57,41,-1,-1,-1,-1
550,10,1851,1034,56,41,-1,-1,-1,-1
551,10,1850,1034,58,42,-1,-1,-1,-1
552,10,1850,1034,58,42,-1,-1,-1,-1
553,10,1852,1034,54,41,-1,-1,-1,-1
554,10,1852,1034,55,41,-1,-1,-1,-1
555,10,1852,1034,55,41,-1,-1,-1,-1
556,10,1852,1034,54,42,-1,-1,-1,-1
557,10,1852,1034,55,41,-1,-1,-1,-1
558,10,1852,1034,55,42,-1,-1,-1,-1
559,10,1852,1034,55,42,-1,-1,-1,-1
560,10,1853,1034,54,42,-1,-1,-1,-1
561,10,1853,1034,54,41,-1,-1,-1,-1
562,10,1853,1034,54,41,-1,-1,-1,-1
563,10,1852,1034,54,41,-1,-1,-1,-1
564,10,1852,1034,54,41,-1,-1,-1,-1
565,10,1850,1034,57,41,-1,-1,-1,-1
566,10,1850,1034,57,41,-1,-1,-1,-1
567,10,1850,1034,57,41,-1,-1,-1,-1
568,10,1850,1034,57,41,-1,-1,-1,-1
569,10,1850,1034,57,41,-1,-1,-1,-1
570,10,1850,1034,57,41,-1,-1,-1,-1
571,10,1850,1034,57,41,-1,-1,-1,-1
572,10,1850,1034,57,41,-1,-1,-1,-1
573,10,1850,1034,57,41,-1,-1,-1,-1
574,10,1850,1034,57,41,-1,-1,-1,-1
575,10,1850,1034,57,41,-1,-1,-1,-1
576,10,1849,1034,59,41,-1,-1,-1,-1
577,10,1851,1034,57,41,-1,-1,-1,-1
578,10,1851,1034,57,41,-1,-1,-1,-1
579,10,1852,1034,54,41,-1,-1,-1,-1
580,10,1849,1039,61,34,-1,-1,-1,-1
581,10,1852,1034,54,42,-1,-1,-1,-1
582,10,1852,1034,54,42,-1,-1,-1,-1
583,10,1852,1034,54,41,-1,-1,-1,-1
584,10,1852,1034,54,41,-1,-1,-1,-1
585,10,1852,1034,54,41,-1,-1,-1,-1
586,10,1852,1034,54,41,-1,-1,-1,-1
587,10,1852,1034,54,41,-1,-1,-1,-1
588,10,1852,1034,54,41,-1,-1,-1,-1
589,10,1852,1034,54,41,-1,-1,-1,-1
590,10,1851,1034,55,41,-1,-1,-1,-1
591,10,1852,1034,54,41,-1,-1,-1,-1
592,10,1852,1034,54,41,-1,-1,-1,-1
593,10,1852,1034,54,41,-1,-1,-1,-1
594,10,1852,1034,54,41,-1,-1,-1,-1
595,10,1851,1034,56,41,-1,-1,-1,-1
596,10,1850,1034,57,41,-1,-1,-1,-1
597,10,1850,1034,57,41,-1,-1,-1,-1
598,10,1850,1034,57,41,-1,-1,-1,-1
599,10,1850,1035,57,40,-1,-1,-1,-1
600,10,1850,1035,57,40,-1,-1,-1,-1
601,10,1850,1034,57,41,-1,-1,-1,-1
602,10,1850,1034,57,41,-1,-1,-1,-1
603,10,1850,1034,57,41,-1,-1,-1,-1
604,10,1850,1034,57,41,-1,-1,-1,-1
605,10,1850,1034,57,41,-1,-1,-1,-1
606,10,1850,1034,57,41,-1,-1,-1,-1
607,10,1849,1034,59,42,-1,-1,-1,-1
608,10,1850,1035,56,40,-1,-1,-1,-1
609,10,1849,1034,59,42,-1,-1,-1,-1
610,10,1850,1034,57,42,-1,-1,-1,-1
611,10,1851,1034,56,42,-1,-1,-1,-1
612,10,1849,1035,58,41,-1,-1,-1,-1
613,10,1850,1034,57,42,-1,-1,-1,-1
614,10,1849,1035,58,41,-1,-1,-1,-1
615,10,1849,1034,58,42,-1,-1,-1,-1
616,10,1849,1034,58,42,-1,-1,-1,-1
617,10,1850,1034,58,42,-1,-1,-1,-1
618,10,1850,1034,58,42,-1,-1,-1,-1
619,10,1850,1035,58,41,-1,-1,-1,-1
620,10,1850,1034,57,42,-1,-1,-1,-1
621,10,1849,1034,58,42,-1,-1,-1,-1
622,10,1849,1034,58,42,-1,-1,-1,-1
623,10,1848,1035,59,41,-1,-1,-1,-1
624,10,1848,1035,58,41,-1,-1,-1,-1
625,10,1847,1035,60,42,-1,-1,-1,-1
626,10,1845,1035,61,41,-1,-1,-1,-1
627,10,1845,1034,61,42,-1,-1,-1,-1
628,10,1848,1036,56,40,-1,-1,-1,-1
629,10,1850,1039,58,37,-1,-1,-1,-1
630,10,1850,1039,56,36,-1,-1,-1,-1
631,10,1846,1036,55,40,-1,-1,-1,-1
632,10,1843,1035,61,42,-1,-1,-1,-1
633,10,1846,1037,53,39,-1,-1,-1,-1
634,10,1845,1037,53,39,-1,-1,-1,-1
635,10,1845,1036,53,41,-1,-1,-1,-1
636,10,1843,1035,59,43,-1,-1,-1,-1
637,10,1846,1037,53,39,-1,-1,-1,-1
638,10,1846,1037,53,39,-1,-1,-1,-1
639,10,1844,1036,58,41,-1,-1,-1,-1
640,10,1846,1038,52,37,-1,-1,-1,-1
641,10,1844,1039,54,36,-1,-1,-1,-1
642,10,1845,1039,53,36,-1,-1,-1,-1
643,10,1845,1040,53,35,-1,-1,-1,-1
644,10,1845,1040,52,35,-1,-1,-1,-1
645,10,1844,1040,53,34,-1,-1,-1,-1
672,11,671,910,48,100,-1,-1,-1,-1
673,11,671,914,50,100,-1,-1,-1,-1
674,11,667,919,57,109,-1,-1,-1,-1
675,11,671,928,57,91,-1,-1,-1,-1
813,12,681,381,42,54,-1,-1,-1,-1
814,12,681,380,42,52,-1,-1,-1,-1
815,12,680,379,44,50,-1,-1,-1,-1
816,12,680,378,43,52,-1,-1,-1,-1
818,12,680,378,43,51,-1,-1,-1,-1
819,12,680,379,44,52,-1,-1,-1,-1
820,12,681,379,43,53,-1,-1,-1,-1
821,12,677,372,44,48,-1,-1,-1,-1
822,12,681,378,43,53,-1,-1,-1,-1
831,14,1083,274,50,101,-1,-1,-1,-1
832,14,1083,274,50,102,-1,-1,-1,-1
833,14,1081,274,53,101,-1,-1,-1,-1
834,14,1081,273,54,103,-1,-1,-1,-1
835,14,1076,278,61,93,-1,-1,-1,-1
1,15,1581,912,45,111,-1,-1,-1,-1
2,15,1581,914,46,108,-1,-1,-1,-1
3,15,1581,913,45,111,-1,-1,-1,-1
4,15,1581,913,44,111,-1,-1,-1,-1
5,15,1581,914,45,111,-1,-1,-1,-1
6,15,1582,913,43,111,-1,-1,-1,-1
7,15,1582,912,43,112,-1,-1,-1,-1
8,15,1582,914,42,111,-1,-1,-1,-1
9,15,1582,914,42,111,-1,-1,-1,-1
10,15,1582,913,41,111,-1,-1,-1,-1
11,15,1582,916,41,109,-1,-1,-1,-1
12,15,1583,917,40,108,-1,-1,-1,-1
13,15,1583,918,41,107,-1,-1,-1,-1
14,15,1583,918,40,108,-1,-1,-1,-1
15,15,1582,917,42,110,-1,-1,-1,-1
16,15,1582,918,42,107,-1,-1,-1,-1
17,15,1582,919,42,106,-1,-1,-1,-1
18,15,1584,919,42,107,-1,-1,-1,-1
19,15,1581,919,43,105,-1,-1,-1,-1
20,15,1583,921,42,104,-1,-1,-1,-1
21,15,1582,919,42,104,-1,-1,-1,-1
22,15,1582,919,42,105,-1,-1,-1,-1
23,15,1581,919,43,104,-1,-1,-1,-1
24,15,1581,919,43,105,-1,-1,-1,-1
25,15,1582,919,42,109,-1,-1,-1,-1
26,15,1582,919,42,109,-1,-1,-1,-1
27,15,1583,919,41,109,-1,-1,-1,-1
28,15,1582,919,42,108,-1,-1,-1,-1
29,15,1581,920,43,107,-1,-1,-1,-1
30,15,1581,920,43,108,-1,-1,-1,-1
31,15,1582,921,41,105,-1,-1,-1,-1
32,15,1580,918,43,108,-1,-1,-1,-1
33,15,1580,918,43,107,-1,-1,-1,-1
34,15,1580,917,44,108,-1,-1,-1,-1
35,15,1580,917,44,109,-1,-1,-1,-1
36,15,1581,918,42,106,-1,-1,-1,-1
37,15,1580,920,45,104,-1,-1,-1,-1
38,15,1580,919,45,103,-1,-1,-1,-1
39,15,1580,919,44,103,-1,-1,-1,-1
40,15,1580,918,44,104,-1,-1,-1,-1
41,15,1581,919,43,102,-1,-1,-1,-1
42,15,1581,919,43,103,-1,-1,-1,-1
43,15,1582,920,42,103,-1,-1,-1,-1
44,15,1582,920,42,103,-1,-1,-1,-1
45,15,1582,919,42,105,-1,-1,-1,-1
46,15,1582,919,42,106,-1,-1,-1,-1
47,15,1582,919,41,105,-1,-1,-1,-1
48,15,1582,919,41,105,-1,-1,-1,-1
49,15,1581,916,43,110,-1,-1,-1,-1
50,15,1581,916,43,110,-1,-1,-1,-1
51,15,1581,915,43,110,-1,-1,-1,-1
52,15,1581,917,43,109,-1,-1,-1,-1
53,15,1581,917,42,109,-1,-1,-1,-1
54,15,1581,917,43,109,-1,-1,-1,-1
55,15,1581,916,42,112,-1,-1,-1,-1
56,15,1581,917,43,110,-1,-1,-1,-1
57,15,1582,916,41,111,-1,-1,-1,-1
58,15,1581,916,42,111,-1,-1,-1,-1
59,15,1582,916,41,109,-1,-1,-1,-1
60,15,1581,917,42,108,-1,-1,-1,-1
61,15,1581,917,43,108,-1,-1,-1,-1
62,15,1581,916,43,110,-1,-1,-1,-1
63,15,1581,915,43,111,-1,-1,-1,-1
64,15,1581,914,43,111,-1,-1,-1,-1
65,15,1581,914,43,111,-1,-1,-1,-1
66,15,1581,915,42,109,-1,-1,-1,-1
67,15,1581,916,42,107,-1,-1,-1,-1
68,15,1581,913,42,112,-1,-1,-1,-1
69,15,1581,915,43,108,-1,-1,-1,-1
70,15,1581,914,44,110,-1,-1,-1,-1
71,15,1584,916,41,105,-1,-1,-1,-1
72,15,1584,914,39,110,-1,-1,-1,-1
73,15,1581,914,43,110,-1,-1,-1,-1
74,15,1580,914,44,110,-1,-1,-1,-1
75,15,1580,914,44,110,-1,-1,-1,-1
76,15,1580,914,44,110,-1,-1,-1,-1
77,15,1580,914,44,110,-1,-1,-1,-1
78,15,1580,915,44,109,-1,-1,-1,-1
79,15,1580,914,44,110,-1,-1,-1,-1
80,15,1581,914,45,108,-1,-1,-1,-1
81,15,1582,913,44,109,-1,-1,-1,-1
82,15,1582,913,44,109,-1,-1,-1,-1
83,15,1581,915,43,109,-1,-1,-1,-1
84,15,1580,915,44,108,-1,-1,-1,-1
85,15,1581,914,42,111,-1,-1,-1,-1
86,15,1581,915,42,111,-1,-1,-1,-1
87,15,1581,914,43,112,-1,-1,-1,-1
88,15,1581,912,44,113,-1,-1,-1,-1
89,15,1581,913,43,113,-1,-1,-1,-1
90,15,1581,913,43,113,-1,-1,-1,-1
91,15,1581,913,43,113,-1,-1,-1,-1
92,15,1582,914,42,112,-1,-1,-1,-1
93,15,1582,913,42,112,-1,-1,-1,-1
94,15,1582,913,42,112,-1,-1,-1,-1
95,15,1582,913,42,112,-1,-1,-1,-1
96,15,1581,913,43,112,-1,-1,-1,-1
97,15,1584,916,39,108,-1,-1,-1,-1
98,15,1584,916,39,108,-1,-1,-1,-1
99,15,1584,916,39,108,-1,-1,-1,-1
100,15,1584,916,39,108,-1,-1,-1,-1
101,15,1584,916,39,108,-1,-1,-1,-1
102,15,1584,916,39,108,-1,-1,-1,-1
103,15,1584,916,39,108,-1,-1,-1,-1
104,15,1584,916,39,108,-1,-1,-1,-1
105,15,1584,916,39,108,-1,-1,-1,-1
106,15,1584,917,39,106,-1,-1,-1,-1
107,15,1584,917,39,107,-1,-1,-1,-1
108,15,1583,917,40,107,-1,-1,-1,-1
109,15,1584,916,40,108,-1,-1,-1,-1
110,15,1584,916,40,108,-1,-1,-1,-1
111,15,1582,915,42,110,-1,-1,-1,-1
112,15,1582,915,42,110,-1,-1,-1,-1
113,15,1584,916,40,108,-1,-1,-1,-1
114,15,1584,918,38,108,-1,-1,-1,-1
115,15,1584,919,37,107,-1,-1,-1,-1
116,15,1583,916,40,108,-1,-1,-1,-1
117,15,1583,916,40,108,-1,-1,-1,-1
118,15,1583,916,40,108,-1,-1,-1,-1
119,15,1583,917,40,107,-1,-1,-1,-1
120,15,1584,918,37,108,-1,-1,-1,-1
121,15,1584,917,39,107,-1,-1,-1,-1
122,15,1584,917,39,106,-1,-1,-1,-1
123,15,1584,917,39,106,-1,-1,-1,-1
124,15,1584,917,39,106,-1,-1,-1,-1
125,15,1584,917,39,107,-1,-1,-1,-1
126,15,1584,917,39,107,-1,-1,-1,-1
127,15,1584,917,39,107,-1,-1,-1,-1
128,15,1584,917,39,107,-1,-1,-1,-1
129,15,1584,917,39,106,-1,-1,-1,-1
130,15,1583,918,40,106,-1,-1,-1,-1
131,15,1583,918,40,106,-1,-1,-1,-1
132,15,1583,918,40,106,-1,-1,-1,-1
133,15,1583,918,40,105,-1,-1,-1,-1
134,15,1583,918,40,105,-1,-1,-1,-1
135,15,1583,918,40,105,-1,-1,-1,-1
136,15,1583,918,40,105,-1,-1,-1,-1
137,15,1583,918,39,105,-1,-1,-1,-1
138,15,1583,918,39,105,-1,-1,-1,-1
139,15,1583,918,39,105,-1,-1,-1,-1
140,15,1583,918,40,106,-1,-1,-1,-1
141,15,1583,918,40,106,-1,-1,-1,-1
142,15,1583,918,40,106,-1,-1,-1,-1
143,15,1582,918,41,105,-1,-1,-1,-1
144,15,1582,918,41,105,-1,-1,-1,-1
145,15,1582,915,41,111,-1,-1,-1,-1
146,15,1582,915,41,111,-1,-1,-1,-1
147,15,1582,915,41,111,-1,-1,-1,-1
148,15,1582,915,41,111,-1,-1,-1,-1
149,15,1582,915,41,111,-1,-1,-1,-1
150,15,1582,915,41,111,-1,-1,-1,-1
151,15,1582,916,41,110,-1,-1,-1,-1
152,15,1582,916,41,109,-1,-1,-1,-1
153,15,1582,916,42,109,-1,-1,-1,-1
154,15,1583,917,40,107,-1,-1,-1,-1
155,15,1582,916,41,110,-1,-1,-1,-1
156,15,1582,916,41,110,-1,-1,-1,-1
157,15,1581,916,42,110,-1,-1,-1,-1
158,15,1581,916,42,109,-1,-1,-1,-1
159,15,1581,916,42,109,-1,-1,-1,-1
160,15,1582,917,41,109,-1,-1,-1,-1
161,15,1583,918,40,106,-1,-1,-1,-1
162,15,1582,917,40,108,-1,-1,-1,-1
163,15,1583,917,40,107,-1,-1,-1,-1
164,15,1583,917,40,107,-1,-1,-1,-1
165,15,1583,918,40,106,-1,-1,-1,-1
166,15,1583,918,40,106,-1,-1,-1,-1
167,15,1583,918,40,106,-1,-1,-1,-1
168,15,1583,918,40,106,-1,-1,-1,-1
169,15,1583,917,40,107,-1,-1,-1,-1
170,15,1583,917,40,107,-1,-1,-1,-1
171,15,1583,917,40,107,-1,-1,-1,-1
172,15,1583,917,40,107,-1,-1,-1,-1
173,15,1583,917,40,107,-1,-1,-1,-1
174,15,1582,917,41,106,-1,-1,-1,-1
175,15,1583,917,40,107,-1,-1,-1,-1
176,15,1583,918,40,106,-1,-1,-1,-1
177,15,1583,918,40,106,-1,-1,-1,-1
178,15,1583,918,40,106,-1,-1,-1,-1
179,15,1583,918,40,106,-1,-1,-1,-1
180,15,1583,918,40,106,-1,-1,-1,-1
181,15,1583,917,40,107,-1,-1,-1,-1
182,15,1583,917,40,107,-1,-1,-1,-1
183,15,1583,917,40,107,-1,-1,-1,-1
184,15,1583,917,40,107,-1,-1,-1,-1
185,15,1584,919,38,105,-1,-1,-1,-1
186,15,1583,917,40,107,-1,-1,-1,-1
187,15,1584,920,38,104,-1,-1,-1,-1
188,15,1582,917,41,106,-1,-1,-1,-1
189,15,1581,917,42,106,-1,-1,-1,-1
190,15,1582,916,41,107,-1,-1,-1,-1
191,15,1582,916,40,110,-1,-1,-1,-1
192,15,1582,916,40,110,-1,-1,-1,-1
193,15,1582,917,41,107,-1,-1,-1,-1
194,15,1582,917,41,107,-1,-1,-1,-1
195,15,1582,917,41,107,-1,-1,-1,-1
196,15,1582,917,41,107,-1,-1,-1,-1
197,15,1582,917,41,107,-1,-1,-1,-1
198,15,1582,917,41,107,-1,-1,-1,-1
199,15,1582,917,41,107,-1,-1,-1,-1
200,15,1582,917,41,107,-1,-1,-1,-1
201,15,1582,917,41,107,-1,-1,-1,-1
202,15,1582,917,41,107,-1,-1,-1,-1
203,15,1582,916,41,110,-1,-1,-1,-1
204,15,1582,916,40,111,-1,-1,-1,-1
205,15,1582,917,41,109,-1,-1,-1,-1
206,15,1582,916,41,110,-1,-1,-1,-1
207,15,1584,919,38,105,-1,-1,-1,-1
208,15,1582,917,41,106,-1,-1,-1,-1
209,15,1582,917,41,109,-1,-1,-1,-1
210,15,1582,916,41,110,-1,-1,-1,-1
211,15,1582,917,41,106,-1,-1,-1,-1
212,15,1583,917,40,107,-1,-1,-1,-1
213,15,1582,917,41,106,-1,-1,-1,-1
214,15,1582,917,41,106,-1,-1,-1,-1
215,15,1582,917,41,108,-1,-1,-1,-1
216,15,1582,916,41,109,-1,-1,-1,-1
217,15,1582,917,41,107,-1,-1,-1,-1
218,15,1582,917,41,107,-1,-1,-1,-1
219,15,1582,917,41,107,-1,-1,-1,-1
220,15,1582,917,41,107,-1,-1,-1,-1
221,15,1583,918,40,106,-1,-1,-1,-1
222,15,1583,918,40,106,-1,-1,-1,-1
223,15,1583,918,40,106,-1,-1,-1,-1
224,15,1582,917,41,107,-1,-1,-1,-1
225,15,1582,917,41,107,-1,-1,-1,-1
226,15,1582,917,41,107,-1,-1,-1,-1
227,15,1582,917,41,107,-1,-1,-1,-1
228,15,1582,917,41,107,-1,-1,-1,-1
229,15,1582,917,41,107,-1,-1,-1,-1
230,15,1582,917,41,107,-1,-1,-1,-1
231,15,1582,917,41,107,-1,-1,-1,-1
232,15,1582,917,41,107,-1,-1,-1,-1
233,15,1582,917,41,107,-1,-1,-1,-1
234,15,1582,916,41,108,-1,-1,-1,-1
235,15,1582,917,41,107,-1,-1,-1,-1
236,15,1583,917,40,107,-1,-1,-1,-1
237,15,1583,917,40,107,-1,-1,-1,-1
238,15,1583,917,40,107,-1,-1,-1,-1
239,15,1582,917,41,106,-1,-1,-1,-1
240,15,1582,917,41,106,-1,-1,-1,-1
241,15,1582,917,40,107,-1,-1,-1,-1
242,15,1582,917,41,107,-1,-1,-1,-1
243,15,1582,917,41,107,-1,-1,-1,-1
244,15,1582,917,40,107,-1,-1,-1,-1
245,15,1582,917,40,106,-1,-1,-1,-1
246,15,1582,917,40,106,-1,-1,-1,-1
247,15,1582,917,40,106,-1,-1,-1,-1
248,15,1582,917,40,106,-1,-1,-1,-1
249,15,1582,917,40,107,-1,-1,-1,-1
250,15,1582,917,40,106,-1,-1,-1,-1
251,15,1582,917,40,107,-1,-1,-1,-1
252,15,1582,917,41,107,-1,-1,-1,-1
253,15,1582,917,41,107,-1,-1,-1,-1
254,15,1582,917,41,107,-1,-1,-1,-1
255,15,1582,917,41,107,-1,-1,-1,-1
256,15,1582,917,41,107,-1,-1,-1,-1
257,15,1582,917,41,107,-1,-1,-1,-1
258,15,1582,918,41,106,-1,-1,-1,-1
259,15,1582,918,41,106,-1,-1,-1,-1
260,15,1582,918,41,106,-1,-1,-1,-1
261,15,1582,918,41,106,-1,-1,-1,-1
262,15,1582,918,41,106,-1,-1,-1,-1
263,15,1582,918,41,106,-1,-1,-1,-1
264,15,1582,918,41,105,-1,-1,-1,-1
265,15,1583,918,40,107,-1,-1,-1,-1
266,15,1583,918,40,107,-1,-1,-1,-1
267,15,1583,918,40,107,-1,-1,-1,-1
268,15,1583,918,40,107,-1,-1,-1,-1
269,15,1583,918,40,106,-1,-1,-1,-1
270,15,1582,918,40,106,-1,-1,-1,-1
271,15,1583,918,40,106,-1,-1,-1,-1
272,15,1583,918,40,106,-1,-1,-1,-1
273,15,1582,918,40,106,-1,-1,-1,-1
274,15,1582,918,40,106,-1,-1,-1,-1
275,15,1583,918,40,106,-1,-1,-1,-1
276,15,1583,918,40,106,-1,-1,-1,-1
277,15,1582,917,41,110,-1,-1,-1,-1
278,15,1582,917,41,110,-1,-1,-1,-1
279,15,1582,917,41,110,-1,-1,-1,-1
280,15,1582,917,41,110,-1,-1,-1,-1
281,15,1582,916,41,110,-1,-1,-1,-1
282,15,1581,914,42,111,-1,-1,-1,-1
283,15,1582,916,41,110,-1,-1,-1,-1
284,15,1582,916,41,110,-1,-1,-1,-1
285,15,1582,917,41,109,-1,-1,-1,-1
286,15,1582,917,41,109,-1,-1,-1,-1
287,15,1582,917,41,109,-1,-1,-1,-1
288,15,1582,917,41,109,-1,-1,-1,-1
289,15,1582,917,40,107,-1,-1,-1,-1
290,15,1582,917,40,107,-1,-1,-1,-1
291,15,1582,917,40,107,-1,-1,-1,-1
292,15,1582,917,40,107,-1,-1,-1,-1
293,15,1582,917,41,107,-1,-1,-1,-1
294,15,1582,916,41,108,-1,-1,-1,-1
295,15,1582,916,40,108,-1,-1,-1,-1
296,15,1581,917,42,106,-1,-1,-1,-1
297,15,1582,917,41,106,-1,-1,-1,-1
298,15,1581,917,41,106,-1,-1,-1,-1
299,15,1581,917,42,106,-1,-1,-1,-1
300,15,1581,917,42,107,-1,-1,-1,-1
301,15,1582,918,41,106,-1,-1,-1,-1
302,15,1582,918,41,105,-1,-1,-1,-1
303,15,1582,918,41,106,-1,-1,-1,-1
304,15,1582,918,41,105,-1,-1,-1,-1
305,15,1583,918,40,106,-1,-1,-1,-1
306,15,1583,918,40,106,-1,-1,-1,-1
307,15,1583,918,40,106,-1,-1,-1,-1
308,15,1582,918,41,106,-1,-1,-1,-1
309,15,1583,918,40,106,-1,-1,-1,-1
310,15,1583,918,40,106,-1,-1,-1,-1
311,15,1582,917,41,107,-1,-1,-1,-1
312,15,1582,917,41,107,-1,-1,-1,-1
313,15,1582,918,41,105,-1,-1,-1,-1
314,15,1582,917,41,106,-1,-1,-1,-1
315,15,1582,918,41,105,-1,-1,-1,-1
316,15,1582,918,41,106,-1,-1,-1,-1
317,15,1582,918,41,105,-1,-1,-1,-1
318,15,1582,918,41,105,-1,-1,-1,-1
319,15,1582,918,41,105,-1,-1,-1,-1
320,15,1582,918,41,105,-1,-1,-1,-1
321,15,1582,917,41,106,-1,-1,-1,-1
322,15,1582,917,41,106,-1,-1,-1,-1
323,15,1582,917,41,106,-1,-1,-1,-1
324,15,1582,917,41,107,-1,-1,-1,-1
325,15,1582,916,41,110,-1,-1,-1,-1
326,15,1582,916,41,110,-1,-1,-1,-1
327,15,1582,917,41,109,-1,-1,-1,-1
328,15,1582,917,41,106,-1,-1,-1,-1
329,15,1582,916,41,108,-1,-1,-1,-1
330,15,1582,916,41,108,-1,-1,-1,-1
331,15,1582,915,41,109,-1,-1,-1,-1
332,15,1582,916,41,108,-1,-1,-1,-1
333,15,1582,916,41,109,-1,-1,-1,-1
334,15,1582,917,41,109,-1,-1,-1,-1
335,15,1581,916,42,109,-1,-1,-1,-1
336,15,1582,915,41,111,-1,-1,-1,-1
337,15,1582,914,42,110,-1,-1,-1,-1
338,15,1582,915,42,109,-1,-1,-1,-1
339,15,1581,915,43,109,-1,-1,-1,-1
340,15,1581,915,43,108,-1,-1,-1,-1
341,15,1581,916,43,110,-1,-1,-1,-1
342,15,1583,917,40,108,-1,-1,-1,-1
343,15,1583,918,40,107,-1,-1,-1,-1
344,15,1581,915,43,108,-1,-1,-1,-1
345,15,1582,916,42,110,-1,-1,-1,-1
346,15,1581,915,44,111,-1,-1,-1,-1
347,15,1581,916,43,111,-1,-1,-1,-1
348,15,1581,916,43,111,-1,-1,-1,-1
349,15,1583,915,42,109,-1,-1,-1,-1
350,15,1583,916,42,108,-1,-1,-1,-1
351,15,1583,915,41,110,-1,-1,-1,-1
352,15,1583,915,41,110,-1,-1,-1,-1
353,15,1583,914,42,111,-1,-1,-1,-1
354,15,1583,916,41,109,-1,-1,-1,-1
355,15,1582,916,42,111,-1,-1,-1,-1
356,15,1583,916,41,109,-1,-1,-1,-1
357,15,1581,916,43,109,-1,-1,-1,-1
358,15,1582,917,42,106,-1,-1,-1,-1
359,15,1582,917,42,106,-1,-1,-1,-1
360,15,1582,917,42,107,-1,-1,-1,-1
361,15,1582,916,42,108,-1,-1,-1,-1
362,15,1582,916,42,108,-1,-1,-1,-1
363,15,1582,916,42,108,-1,-1,-1,-1
364,15,1582,916,42,108,-1,-1,-1,-1
365,15,1582,916,42,108,-1,-1,-1,-1
366,15,1582,916,42,108,-1,-1,-1,-1
367,15,1582,916,42,108,-1,-1,-1,-1
368,15,1582,916,42,108,-1,-1,-1,-1
369,15,1582,915,41,110,-1,-1,-1,-1
370,15,1582,917,42,108,-1,-1,-1,-1
371,15,1582,918,42,106,-1,-1,-1,-1
372,15,1583,918,42,105,-1,-1,-1,-1
373,15,1582,916,42,108,-1,-1,-1,-1
374,15,1582,916,43,108,-1,-1,-1,-1
375,15,1582,917,43,107,-1,-1,-1,-1
376,15,1582,917,43,107,-1,-1,-1,-1
377,15,1582,917,43,106,-1,-1,-1,-1
378,15,1582,917,43,105,-1,-1,-1,-1
379,15,1582,917,44,105,-1,-1,-1,-1
380,15,1582,918,43,105,-1,-1,-1,-1
381,15,1582,917,43,106,-1,-1,-1,-1
382,15,1582,917,43,106,-1,-1,-1,-1
383,15,1582,917,43,106,-1,-1,-1,-1
384,15,1582,916,42,108,-1,-1,-1,-1
385,15,1582,917,41,107,-1,-1,-1,-1
386,15,1582,918,41,106,-1,-1,-1,-1
387,15,1582,917,42,106,-1,-1,-1,-1
388,15,1583,918,41,106,-1,-1,-1,-1
389,15,1582,918,42,106,-1,-1,-1,-1
390,15,1582,918,42,106,-1,-1,-1,-1
391,15,1582,918,41,106,-1,-1,-1,-1
392,15,1583,918,40,106,-1,-1,-1,-1
393,15,1583,917,40,107,-1,-1,-1,-1
394,15,1583,918,41,106,-1,-1,-1,-1
395,15,1582,917,42,107,-1,-1,-1,-1
396,15,1582,917,42,107,-1,-1,-1,-1
397,15,1582,917,42,107,-1,-1,-1,-1
398,15,1582,917,42,107,-1,-1,-1,-1
399,15,1582,917,42,108,-1,-1,-1,-1
400,15,1582,917,42,108,-1,-1,-1,-1
401,15,1582,917,41,107,-1,-1,-1,-1
402,15,1582,917,42,107,-1,-1,-1,-1
403,15,1582,917,41,107,-1,-1,-1,-1
404,15,1582,917,41,107,-1,-1,-1,-1
405,15,1582,917,41,107,-1,-1,-1,-1
406,15,1582,918,41,106,-1,-1,-1,-1
407,15,1582,918,41,106,-1,-1,-1,-1
408,15,1582,918,41,106,-1,-1,-1,-1
409,15,1582,917,41,108,-1,-1,-1,-1
410,15,1582,916,41,109,-1,-1,-1,-1
411,15,1582,917,41,108,-1,-1,-1,-1
412,15,1582,917,41,108,-1,-1,-1,-1
413,15,1582,917,41,108,-1,-1,-1,-1
414,15,1583,917,40,108,-1,-1,-1,-1
415,15,1583,917,40,108,-1,-1,-1,-1
416,15,1581,918,41,106,-1,-1,-1,-1
417,15,1581,918,42,106,-1,-1,-1,-1
418,15,1583,918,40,107,-1,-1,-1,-1
419,15,1583,918,40,107,-1,-1,-1,-1
420,15,1583,918,40,107,-1,-1,-1,-1
421,15,1583,917,41,107,-1,-1,-1,-1
422,15,1582,917,42,107,-1,-1,-1,-1
423,15,1582,917,41,107,-1,-1,-1,-1
424,15,1582,917,41,107,-1,-1,-1,-1
425,15,1582,917,41,108,-1,-1,-1,-1
426,15,1582,917,41,108,-1,-1,-1,-1
427,15,1582,917,41,108,-1,-1,-1,-1
428,15,1583,918,41,106,-1,-1,-1,-1
429,15,1583,917,40,107,-1,-1,-1,-1
430,15,1582,917,41,107,-1,-1,-1,-1
431,15,1583,917,40,106,-1,-1,-1,-1
432,15,1583,917,40,106,-1,-1,-1,-1
433,15,1582,916,41,108,-1,-1,-1,-1
434,15,1582,916,41,107,-1,-1,-1,-1
435,15,1582,916,41,108,-1,-1,-1,-1
436,15,1582,916,41,107,-1,-1,-1,-1
437,15,1582,917,41,106,-1,-1,-1,-1
438,15,1582,917,41,106,-1,-1,-1,-1
439,15,1583,917,40,107,-1,-1,-1,-1
440,15,1583,917,40,107,-1,-1,-1,-1
441,15,1583,917,40,107,-1,-1,-1,-1
442,15,1583,917,40,107,-1,-1,-1,-1
443,15,1583,917,40,107,-1,-1,-1,-1
444,15,1582,917,41,107,-1,-1,-1,-1
445,15,1583,918,40,106,-1,-1,-1,-1
446,15,1583,918,40,106,-1,-1,-1,-1
447,15,1583,918,40,106,-1,-1,-1,-1
448,15,1583,918,40,106,-1,-1,-1,-1
449,15,1583,918,40,106,-1,-1,-1,-1
450,15,1583,918,40,106,-1,-1,-1,-1
451,15,1583,918,40,106,-1,-1,-1,-1
452,15,1583,917,40,107,-1,-1,-1,-1
453,15,1583,917,40,107,-1,-1,-1,-1
454,15,1583,917,40,107,-1,-1,-1,-1
455,15,1583,918,40,106,-1,-1,-1,-1
456,15,1583,917,40,107,-1,-1,-1,-1
457,15,1583,918,41,106,-1,-1,-1,-1
458,15,1583,918,41,106,-1,-1,-1,-1
459,15,1583,918,41,106,-1,-1,-1,-1
460,15,1583,918,41,106,-1,-1,-1,-1
461,15,1582,918,41,106,-1,-1,-1,-1
462,15,1582,918,41,106,-1,-1,-1,-1
463,15,1583,918,40,106,-1,-1,-1,-1
464,15,1583,918,40,106,-1,-1,-1,-1
465,15,1582,918,41,106,-1,-1,-1,-1
466,15,1583,918,40,106,-1,-1,-1,-1
467,15,1583,918,40,106,-1,-1,-1,-1
468,15,1583,918,40,106,-1,-1,-1,-1
469,15,1583,918,40,106,-1,-1,-1,-1
470,15,1583,918,40,106,-1,-1,-1,-1
471,15,1583,918,40,106,-1,-1,-1,-1
472,15,1583,918,40,106,-1,-1,-1,-1
473,15,1583,918,40,106,-1,-1,-1,-1
474,15,1583,918,40,106,-1,-1,-1,-1
475,15,1582,918,41,106,-1,-1,-1,-1
476,15,1583,918,40,106,-1,-1,-1,-1
477,15,1583,918,40,106,-1,-1,-1,-1
478,15,1583,918,40,106,-1,-1,-1,-1
479,15,1583,918,40,107,-1,-1,-1,-1
480,15,1583,918,40,107,-1,-1,-1,-1
481,15,1583,918,39,106,-1,-1,-1,-1
482,15,1582,918,40,106,-1,-1,-1,-1
483,15,1582,918,40,106,-1,-1,-1,-1
484,15,1582,918,40,106,-1,-1,-1,-1
485,15,1583,918,40,106,-1,-1,-1,-1
486,15,1581,918,41,106,-1,-1,-1,-1
487,15,1582,918,40,106,-1,-1,-1,-1
488,15,1583,918,40,106,-1,-1,-1,-1
489,15,1583,918,40,106,-1,-1,-1,-1
490,15,1582,918,41,106,-1,-1,-1,-1
491,15,1583,918,40,106,-1,-1,-1,-1
492,15,1583,918,40,106,-1,-1,-1,-1
493,15,1581,918,42,105,-1,-1,-1,-1
494,15,1581,918,42,105,-1,-1,-1,-1
495,15,1581,918,42,105,-1,-1,-1,-1
496,15,1581,918,42,105,-1,-1,-1,-1
497,15,1581,918,42,105,-1,-1,-1,-1
498,15,1582,918,41,105,-1,-1,-1,-1
499,15,1582,918,41,105,-1,-1,-1,-1
500,15,1582,918,42,105,-1,-1,-1,-1
501,15,1582,917,42,106,-1,-1,-1,-1
502,15,1582,917,42,106,-1,-1,-1,-1
503,15,1582,917,42,106,-1,-1,-1,-1
504,15,1582,917,41,106,-1,-1,-1,-1
505,15,1583,918,40,106,-1,-1,-1,-1
506,15,1583,918,40,106,-1,-1,-1,-1
507,15,1582,918,40,105,-1,-1,-1,-1
508,15,1582,918,40,105,-1,-1,-1,-1
509,15,1582,918,40,105,-1,-1,-1,-1
510,15,1582,918,40,105,-1,-1,-1,-1
511,15,1583,918,40,106,-1,-1,-1,-1
512,15,1582,918,40,105,-1,-1,-1,-1
513,15,1582,918,40,105,-1,-1,-1,-1
514,15,1582,918,40,105,-1,-1,-1,-1
515,15,1583,918,40,106,-1,-1,-1,-1
516,15,1583,918,40,106,-1,-1,-1,-1
517,15,1583,918,40,106,-1,-1,-1,-1
518,15,1582,918,41,106,-1,-1,-1,-1
519,15,1582,918,41,106,-1,-1,-1,-1
520,15,1583,918,40,106,-1,-1,-1,-1
521,15,1583,918,40,106,-1,-1,-1,-1
522,15,1582,918,41,106,-1,-1,-1,-1
523,15,1582,918,41,106,-1,-1,-1,-1
524,15,1583,918,40,106,-1,-1,-1,-1
525,15,1583,918,40,106,-1,-1,-1,-1
526,15,1583,918,40,106,-1,-1,-1,-1
527,15,1583,918,40,106,-1,-1,-1,-1
528,15,1583,918,40,106,-1,-1,-1,-1
529,15,1582,917,41,106,-1,-1,-1,-1
530,15,1582,917,41,106,-1,-1,-1,-1
531,15,1582,917,41,106,-1,-1,-1,-1
532,15,1582,917,41,106,-1,-1,-1,-1
533,15,1582,917,40,106,-1,-1,-1,-1
534,15,1582,917,41,106,-1,-1,-1,-1
535,15,1583,917,40,107,-1,-1,-1,-1
536,15,1583,918,40,106,-1,-1,-1,-1
537,15,1583,918,40,106,-1,-1,-1,-1
538,15,1583,918,40,106,-1,-1,-1,-1
539,15,1582,918,41,105,-1,-1,-1,-1
540,15,1582,918,41,105,-1,-1,-1,-1
541,15,1583,917,40,108,-1,-1,-1,-1
542,15,1583,917,40,108,-1,-1,-1,-1
543,15,1583,917,40,108,-1,-1,-1,-1
544,15,1583,917,40,108,-1,-1,-1,-1
545,15,1583,917,40,108,-1,-1,-1,-1
546,15,1583,917,41,108,-1,-1,-1,-1
547,15,1583,917,41,108,-1,-1,-1,-1
548,15,1583,917,41,108,-1,-1,-1,-1
549,15,1583,917,41,108,-1,-1,-1,-1
550,15,1583,917,40,108,-1,-1,-1,-1
551,15,1583,917,40,107,-1,-1,-1,-1
552,15,1583,917,40,107,-1,-1,-1,-1
553,15,1582,917,41,107,-1,-1,-1,-1
554,15,1582,917,41,107,-1,-1,-1,-1
555,15,1582,917,41,107,-1,-1,-1,-1
556,15,1582,917,41,107,-1,-1,-1,-1
557,15,1582,917,41,106,-1,-1,-1,-1
558,15,1582,917,41,106,-1,-1,-1,-1
559,15,1582,917,41,107,-1,-1,-1,-1
560,15,1583,917,40,107,-1,-1,-1,-1
561,15,1583,917,40,107,-1,-1,-1,-1
562,15,1583,917,40,107,-1,-1,-1,-1
563,15,1583,917,40,107,-1,-1,-1,-1
564,15,1582,917,41,107,-1,-1,-1,-1
565,15,1582,917,41,107,-1,-1,-1,-1
566,15,1582,917,41,107,-1,-1,-1,-1
567,15,1582,917,41,107,-1,-1,-1,-1
568,15,1582,917,41,107,-1,-1,-1,-1
569,15,1582,917,41,107,-1,-1,-1,-1
570,15,1582,917,41,107,-1,-1,-1,-1
571,15,1582,917,41,107,-1,-1,-1,-1
572,15,1583,917,40,109,-1,-1,-1,-1
573,15,1582,917,41,107,-1,-1,-1,-1
574,15,1582,917,41,107,-1,-1,-1,-1
575,15,1583,917,40,108,-1,-1,-1,-1
576,15,1583,917,40,108,-1,-1,-1,-1
577,15,1583,918,40,107,-1,-1,-1,-1
578,15,1583,917,40,108,-1,-1,-1,-1
579,15,1583,917,40,108,-1,-1,-1,-1
580,15,1583,918,40,106,-1,-1,-1,-1
581,15,1582,918,41,106,-1,-1,-1,-1
582,15,1582,918,41,106,-1,-1,-1,-1
583,15,1582,918,41,106,-1,-1,-1,-1
584,15,1582,918,41,106,-1,-1,-1,-1
585,15,1582,918,41,106,-1,-1,-1,-1
586,15,1583,918,40,106,-1,-1,-1,-1
587,15,1582,917,41,108,-1,-1,-1,-1
588,15,1582,917,41,108,-1,-1,-1,-1
589,15,1583,918,40,106,-1,-1,-1,-1
590,15,1583,917,40,107,-1,-1,-1,-1
591,15,1583,918,40,106,-1,-1,-1,-1
592,15,1583,918,40,106,-1,-1,-1,-1
593,15,1583,918,40,106,-1,-1,-1,-1
594,15,1582,917,41,107,-1,-1,-1,-1
595,15,1582,918,41,106,-1,-1,-1,-1
596,15,1583,918,40,106,-1,-1,-1,-1
597,15,1583,918,40,106,-1,-1,-1,-1
598,15,1583,918,40,106,-1,-1,-1,-1
599,15,1583,918,40,106,-1,-1,-1,-1
600,15,1583,918,40,106,-1,-1,-1,-1
601,15,1582,918,41,107,-1,-1,-1,-1
602,15,1582,918,41,107,-1,-1,-1,-1
603,15,1582,918,41,107,-1,-1,-1,-1
604,15,1582,918,41,107,-1,-1,-1,-1
605,15,1581,917,41,108,-1,-1,-1,-1
606,15,1581,917,41,108,-1,-1,-1,-1
607,15,1581,917,41,108,-1,-1,-1,-1
608,15,1581,917,41,107,-1,-1,-1,-1
609,15,1581,918,41,106,-1,-1,-1,-1
610,15,1581,918,40,106,-1,-1,-1,-1
611,15,1581,918,41,105,-1,-1,-1,-1
612,15,1581,918,41,105,-1,-1,-1,-1
613,15,1582,918,41,105,-1,-1,-1,-1
614,15,1582,918,41,105,-1,-1,-1,-1
615,15,1582,918,41,105,-1,-1,-1,-1
616,15,1582,918,41,105,-1,-1,-1,-1
617,15,1582,918,41,105,-1,-1,-1,-1
618,15,1582,918,41,105,-1,-1,-1,-1
619,15,1582,918,41,105,-1,-1,-1,-1
620,15,1582,918,41,105,-1,-1,-1,-1
621,15,1582,918,41,105,-1,-1,-1,-1
622,15,1582,918,41,105,-1,-1,-1,-1
623,15,1582,918,41,105,-1,-1,-1,-1
624,15,1582,918,41,106,-1,-1,-1,-1
625,15,1582,918,41,106,-1,-1,-1,-1
626,15,1582,918,41,106,-1,-1,-1,-1
627,15,1582,918,41,106,-1,-1,-1,-1
628,15,1582,918,41,106,-1,-1,-1,-1
629,15,1582,918,41,106,-1,-1,-1,-1
630,15,1582,919,41,105,-1,-1,-1,-1
631,15,1582,919,41,105,-1,-1,-1,-1
632,15,1582,919,41,105,-1,-1,-1,-1
633,15,1582,919,41,105,-1,-1,-1,-1
634,15,1582,919,41,105,-1,-1,-1,-1
635,15,1582,919,41,105,-1,-1,-1,-1
636,15,1582,919,41,105,-1,-1,-1,-1
637,15,1583,918,40,106,-1,-1,-1,-1
638,15,1583,918,40,106,-1,-1,-1,-1
639,15,1583,918,40,106,-1,-1,-1,-1
640,15,1583,918,40,106,-1,-1,-1,-1
641,15,1583,918,40,106,-1,-1,-1,-1
642,15,1583,918,40,106,-1,-1,-1,-1
643,15,1583,918,40,106,-1,-1,-1,-1
644,15,1583,918,40,106,-1,-1,-1,-1
645,15,1583,918,40,106,-1,-1,-1,-1
646,15,1583,918,40,106,-1,-1,-1,-1
647,15,1583,918,40,106,-1,-1,-1,-1
648,15,1583,918,40,106,-1,-1,-1,-1
649,15,1583,919,40,105,-1,-1,-1,-1
650,15,1583,919,40,104,-1,-1,-1,-1
651,15,1583,919,40,104,-1,-1,-1,-1
652,15,1583,919,40,105,-1,-1,-1,-1
653,15,1583,919,40,105,-1,-1,-1,-1
654,15,1583,919,40,105,-1,-1,-1,-1
655,15,1582,918,40,105,-1,-1,-1,-1
656,15,1583,918,40,106,-1,-1,-1,-1
657,15,1583,918,40,106,-1,-1,-1,-1
658,15,1583,918,40,106,-1,-1,-1,-1
659,15,1583,918,40,106,-1,-1,-1,-1
660,15,1583,918,40,106,-1,-1,-1,-1
661,15,1581,918,41,106,-1,-1,-1,-1
662,15,1582,918,41,106,-1,-1,-1,-1
663,15,1582,918,41,106,-1,-1,-1,-1
664,15,1581,917,41,107,-1,-1,-1,-1
665,15,1582,917,41,108,-1,-1,-1,-1
666,15,1582,917,41,108,-1,-1,-1,-1
667,15,1582,917,41,108,-1,-1,-1,-1
668,15,1583,918,40,105,-1,-1,-1,-1
669,15,1583,918,40,105,-1,-1,-1,-1
670,15,1583,918,40,106,-1,-1,-1,-1
671,15,1583,917,40,107,-1,-1,-1,-1
672,15,1583,917,40,107,-1,-1,-1,-1
673,15,1583,918,40,106,-1,-1,-1,-1
674,15,1583,918,40,106,-1,-1,-1,-1
675,15,1583,918,40,106,-1,-1,-1,-1
676,15,1583,918,40,106,-1,-1,-1,-1
677,15,1582,917,40,108,-1,-1,-1,-1
678,15,1583,918,40,106,-1,-1,-1,-1
679,15,1583,918,40,106,-1,-1,-1,-1
680,15,1582,917,40,108,-1,-1,-1,-1
681,15,1582,917,40,108,-1,-1,-1,-1
682,15,1582,917,40,108,-1,-1,-1,-1
683,15,1582,917,40,108,-1,-1,-1,-1
684,15,1583,918,40,106,-1,-1,-1,-1
685,15,1582,916,41,108,-1,-1,-1,-1
686,15,1582,916,41,108,-1,-1,-1,-1
687,15,1582,916,41,108,-1,-1,-1,-1
688,15,1582,916,41,108,-1,-1,-1,-1
689,15,1582,917,41,107,-1,-1,-1,-1
690,15,1583,916,40,108,-1,-1,-1,-1
691,15,1583,916,40,108,-1,-1,-1,-1
692,15,1583,916,40,108,-1,-1,-1,-1
693,15,1582,916,41,108,-1,-1,-1,-1
694,15,1581,916,42,108,-1,-1,-1,-1
695,15,1581,916,42,108,-1,-1,-1,-1
696,15,1581,916,42,107,-1,-1,-1,-1
697,15,1581,916,42,107,-1,-1,-1,-1
698,15,1581,916,42,107,-1,-1,-1,-1
699,15,1581,916,42,107,-1,-1,-1,-1
700,15,1580,916,43,107,-1,-1,-1,-1
701,15,1580,917,43,106,-1,-1,-1,-1
702,15,1580,916,42,107,-1,-1,-1,-1
703,15,1580,916,43,107,-1,-1,-1,-1
704,15,1580,916,43,108,-1,-1,-1,-1
705,15,1581,916,42,108,-1,-1,-1,-1
706,15,1581,915,42,109,-1,-1,-1,-1
707,15,1580,913,44,112,-1,-1,-1,-1
708,15,1580,913,44,112,-1,-1,-1,-1
709,15,1581,917,42,107,-1,-1,-1,-1
710,15,1580,918,43,106,-1,-1,-1,-1
711,15,1580,918,43,106,-1,-1,-1,-1
712,15,1580,917,43,107,-1,-1,-1,-1
713,15,1580,918,43,106,-1,-1,-1,-1
714,15,1581,917,42,107,-1,-1,-1,-1
715,15,1580,918,43,106,-1,-1,-1,-1
716,15,1580,918,43,105,-1,-1,-1,-1
717,15,1580,918,43,105,-1,-1,-1,-1
718,15,1580,918,43,106,-1,-1,-1,-1
719,15,1581,917,43,106,-1,-1,-1,-1
720,15,1581,917,43,106,-1,-1,-1,-1
721,15,1580,918,43,106,-1,-1,-1,-1
722,15,1580,918,43,106,-1,-1,-1,-1
723,15,1580,918,42,106,-1,-1,-1,-1
724,15,1580,918,43,106,-1,-1,-1,-1
725,15,1580,918,42,106,-1,-1,-1,-1
726,15,1580,918,43,106,-1,-1,-1,-1
727,15,1580,918,43,106,-1,-1,-1,-1
728,15,1580,918,43,106,-1,-1,-1,-1
729,15,1580,918,43,106,-1,-1,-1,-1
730,15,1580,918,43,106,-1,-1,-1,-1
731,15,1580,918,43,106,-1,-1,-1,-1
732,15,1580,918,43,106,-1,-1,-1,-1
733,15,1581,916,43,108,-1,-1,-1,-1
734,15,1581,916,43,108,-1,-1,-1,-1
735,15,1581,916,43,108,-1,-1,-1,-1
736,15,1582,917,41,109,-1,-1,-1,-1
737,15,1580,916,44,108,-1,-1,-1,-1
738,15,1582,916,41,110,-1,-1,-1,-1
739,15,1582,916,41,110,-1,-1,-1,-1
740,15,1582,916,41,110,-1,-1,-1,-1
741,15,1582,916,41,111,-1,-1,-1,-1
742,15,1581,915,43,109,-1,-1,-1,-1
743,15,1579,913,45,114,-1,-1,-1,-1
744,15,1581,917,43,107,-1,-1,-1,-1
745,15,1579,914,44,110,-1,-1,-1,-1
746,15,1579,914,44,110,-1,-1,-1,-1
747,15,1579,914,44,111,-1,-1,-1,-1
748,15,1579,914,44,110,-1,-1,-1,-1
749,15,1579,917,44,106,-1,-1,-1,-1
750,15,1578,916,45,108,-1,-1,-1,-1
751,15,1579,916,44,108,-1,-1,-1,-1
752,15,1580,918,43,104,-1,-1,-1,-1
753,15,1580,918,43,104,-1,-1,-1,-1
754,15,1579,918,44,104,-1,-1,-1,-1
755,15,1580,918,43,105,-1,-1,-1,-1
756,15,1580,918,43,104,-1,-1,-1,-1
757,15,1580,917,44,106,-1,-1,-1,-1
758,15,1581,917,43,105,-1,-1,-1,-1
759,15,1582,919,43,102,-1,-1,-1,-1
760,15,1582,918,44,104,-1,-1,-1,-1
761,15,1579,917,46,108,-1,-1,-1,-1
762,15,1580,915,45,110,-1,-1,-1,-1
763,15,1582,913,45,109,-1,-1,-1,-1
764,15,1582,916,46,105,-1,-1,-1,-1
765,15,1582,915,47,105,-1,-1,-1,-1
766,15,1581,914,49,106,-1,-1,-1,-1
767,15,1581,908,48,111,-1,-1,-1,-1
768,15,1580,906,49,112,-1,-1,-1,-1
769,15,1579,908,49,113,-1,-1,-1,-1
770,15,1579,907,49,114,-1,-1,-1,-1
771,15,1580,906,49,113,-1,-1,-1,-1
772,15,1582,908,51,110,-1,-1,-1,-1
773,15,1581,906,54,111,-1,-1,-1,-1
774,15,1581,906,55,112,-1,-1,-1,-1
775,15,1580,906,49,113,-1,-1,-1,-1
776,15,1581,907,53,111,-1,-1,-1,-1
777,15,1580,905,49,114,-1,-1,-1,-1
778,15,1580,906,49,113,-1,-1,-1,-1
779,15,1580,909,48,111,-1,-1,-1,-1
780,15,1580,909,48,113,-1,-1,-1,-1
781,15,1582,908,47,112,-1,-1,-1,-1
782,15,1582,910,49,112,-1,-1,-1,-1
783,15,1581,910,47,110,-1,-1,-1,-1
784,15,1582,911,45,109,-1,-1,-1,-1
785,15,1580,913,45,110,-1,-1,-1,-1
786,15,1582,910,46,111,-1,-1,-1,-1
787,15,1582,910,46,112,-1,-1,-1,-1
788,15,1580,914,45,109,-1,-1,-1,-1
789,15,1582,914,44,108,-1,-1,-1,-1
790,15,1580,915,45,108,-1,-1,-1,-1
791,15,1583,917,40,107,-1,-1,-1,-1
792,15,1580,914,44,109,-1,-1,-1,-1
793,15,1582,916,41,108,-1,-1,-1,-1
794,15,1583,917,40,107,-1,-1,-1,-1
795,15,1582,917,41,107,-1,-1,-1,-1
796,15,1582,916,41,108,-1,-1,-1,-1
797,15,1580,914,44,109,-1,-1,-1,-1
798,15,1582,916,41,108,-1,-1,-1,-1
799,15,1582,916,42,107,-1,-1,-1,-1
800,15,1583,917,41,105,-1,-1,-1,-1
801,15,1581,917,42,107,-1,-1,-1,-1
802,15,1581,916,42,108,-1,-1,-1,-1
803,15,1583,916,40,110,-1,-1,-1,-1
804,15,1581,915,43,110,-1,-1,-1,-1
805,15,1581,916,43,108,-1,-1,-1,-1
806,15,1581,916,43,107,-1,-1,-1,-1
807,15,1581,914,42,110,-1,-1,-1,-1
808,15,1581,914,42,110,-1,-1,-1,-1
809,15,1582,916,42,106,-1,-1,-1,-1
810,15,1582,916,42,107,-1,-1,-1,-1
811,15,1582,915,42,108,-1,-1,-1,-1
812,15,1582,914,42,110,-1,-1,-1,-1
813,15,1582,914,42,110,-1,-1,-1,-1
814,15,1582,916,42,107,-1,-1,-1,-1
815,15,1581,917,43,106,-1,-1,-1,-1
816,15,1582,917,42,106,-1,-1,-1,-1
817,15,1581,920,42,103,-1,-1,-1,-1
818,15,1581,920,42,104,-1,-1,-1,-1
819,15,1580,919,43,105,-1,-1,-1,-1
820,15,1580,918,44,106,-1,-1,-1,-1
821,15,1582,919,43,104,-1,-1,-1,-1
822,15,1583,919,42,105,-1,-1,-1,-1
823,15,1583,919,43,105,-1,-1,-1,-1
824,15,1580,919,44,104,-1,-1,-1,-1
825,15,1580,919,44,104,-1,-1,-1,-1
826,15,1580,919,44,105,-1,-1,-1,-1
827,15,1580,919,44,105,-1,-1,-1,-1
828,15,1579,918,45,106,-1,-1,-1,-1
829,15,1579,920,45,105,-1,-1,-1,-1
830,15,1579,919,45,107,-1,-1,-1,-1
831,15,1579,919,46,110,-1,-1,-1,-1
832,15,1578,917,47,112,-1,-1,-1,-1
833,15,1579,918,48,110,-1,-1,-1,-1
834,15,1578,917,47,112,-1,-1,-1,-1
835,15,1579,918,46,108,-1,-1,-1,-1
836,15,1579,918,45,107,-1,-1,-1,-1
837,15,1579,917,45,105,-1,-1,-1,-1
838,15,1580,918,44,105,-1,-1,-1,-1
839,15,1580,916,44,109,-1,-1,-1,-1
840,15,1581,917,43,108,-1,-1,-1,-1
841,15,1581,917,42,109,-1,-1,-1,-1
842,15,1581,918,42,108,-1,-1,-1,-1
843,15,1582,919,41,105,-1,-1,-1,-1
844,15,1582,918,41,107,-1,-1,-1,-1
845,15,1582,918,42,107,-1,-1,-1,-1
846,15,1581,915,43,110,-1,-1,-1,-1
847,15,1581,916,42,109,-1,-1,-1,-1
848,15,1581,915,42,111,-1,-1,-1,-1
849,15,1581,914,42,112,-1,-1,-1,-1
850,15,1581,917,43,108,-1,-1,-1,-1
851,15,1581,917,43,108,-1,-1,-1,-1
852,15,1581,919,41,104,-1,-1,-1,-1
853,15,1581,917,42,107,-1,-1,-1,-1
854,15,1581,917,42,107,-1,-1,-1,-1
855,15,1581,917,42,107,-1,-1,-1,-1
856,15,1581,917,43,108,-1,-1,-1,-1
857,15,1581,917,43,109,-1,-1,-1,-1
858,15,1581,917,43,109,-1,-1,-1,-1
859,15,1581,916,42,109,-1,-1,-1,-1
860,15,1581,918,42,107,-1,-1,-1,-1
861,15,1580,918,43,106,-1,-1,-1,-1
862,15,1580,919,43,106,-1,-1,-1,-1
504,6,785,493,49,87,-1,-1,-1,-1
505,6,789,492,46,77,-1,-1,-1,-1
506,6,787,492,49,77,-1,-1,-1,-1
507,6,787,492,53,85,-1,-1,-1,-1
508,6,788,490,54,95,-1,-1,-1,-1
509,6,789,492,54,83,-1,-1,-1,-1
510,6,789,492,54,84,-1,-1,-1,-1
511,6,789,494,54,86,-1,-1,-1,-1
512,6,790,500,54,80,-1,-1,-1,-1
513,6,792,500,53,80,-1,-1,-1,-1
514,6,794,500,52,82,-1,-1,-1,-1
515,6,796,502,50,79,-1,-1,-1,-1
516,6,801,503,49,72,-1,-1,-1,-1
517,6,798,503,50,80,-1,-1,-1,-1
518,6,800,502,49,81,-1,-1,-1,-1
519,6,800,501,50,85,-1,-1,-1,-1
520,6,799,499,53,89,-1,-1,-1,-1
521,6,799,500,54,91,-1,-1,-1,-1
522,6,799,500,54,92,-1,-1,-1,-1
523,6,800,502,54,90,-1,-1,-1,-1
524,6,801,503,53,90,-1,-1,-1,-1
525,6,798,503,58,84,-1,-1,-1,-1
526,6,798,505,59,82,-1,-1,-1,-1
527,6,805,508,49,86,-1,-1,-1,-1
528,6,801,506,56,88,-1,-1,-1,-1
529,6,806,509,50,90,-1,-1,-1,-1
530,6,807,511,51,90,-1,-1,-1,-1
531,6,807,513,51,91,-1,-1,-1,-1
532,6,806,509,57,96,-1,-1,-1,-1
533,6,807,514,57,93,-1,-1,-1,-1
534,6,809,514,56,91,-1,-1,-1,-1
535,6,809,515,58,89,-1,-1,-1,-1
536,6,808,516,63,86,-1,-1,-1,-1
537,6,811,516,56,86,-1,-1,-1,-1
538,6,812,513,58,87,-1,-1,-1,-1
539,6,811,514,59,96,-1,-1,-1,-1
540,6,812,522,61,76,-1,-1,-1,-1
541,6,812,518,58,82,-1,-1,-1,-1
542,6,809,519,63,90,-1,-1,-1,-1
543,6,813,519,59,82,-1,-1,-1,-1
544,6,814,519,55,79,-1,-1,-1,-1
545,6,814,520,60,86,-1,-1,-1,-1
546,6,818,520,57,87,-1,-1,-1,-1
547,6,819,519,57,89,-1,-1,-1,-1
548,6,826,521,50,85,-1,-1,-1,-1
549,6,826,522,50,86,-1,-1,-1,-1
550,6,821,520,55,85,-1,-1,-1,-1
551,6,819,520,60,88,-1,-1,-1,-1
552,6,823,520,62,90,-1,-1,-1,-1
553,6,826,524,54,76,-1,-1,-1,-1
554,6,830,522,52,81,-1,-1,-1,-1
555,6,829,524,53,83,-1,-1,-1,-1
556,6,832,527,48,73,-1,-1,-1,-1
557,6,829,527,52,82,-1,-1,-1,-1
558,6,830,527,50,83,-1,-1,-1,-1
559,6,832,527,48,89,-1,-1,-1,-1
560,6,832,526,49,92,-1,-1,-1,-1
561,6,834,533,47,80,-1,-1,-1,-1
562,6,835,533,48,80,-1,-1,-1,-1
563,6,835,535,49,79,-1,-1,-1,-1
564,6,833,534,55,90,-1,-1,-1,-1
565,6,836,538,50,80,-1,-1,-1,-1
566,6,836,537,50,80,-1,-1,-1,-1
567,6,836,538,51,80,-1,-1,-1,-1
568,6,836,539,50,77,-1,-1,-1,-1
569,6,836,539,50,78,-1,-1,-1,-1
570,6,836,539,50,79,-1,-1,-1,-1
571,6,836,539,50,78,-1,-1,-1,-1
572,6,835,531,52,87,-1,-1,-1,-1
573,6,835,531,52,86,-1,-1,-1,-1
574,6,837,538,46,72,-1,-1,-1,-1
575,6,834,531,51,86,-1,-1,-1,-1
576,6,837,537,46,72,-1,-1,-1,-1
577,6,837,538,47,73,-1,-1,-1,-1
578,6,838,539,46,71,-1,-1,-1,-1
579,6,839,538,45,70,-1,-1,-1,-1
580,6,839,537,45,70,-1,-1,-1,-1
581,6,840,536,43,69,-1,-1,-1,-1
582,6,840,536,43,68,-1,-1,-1,-1
583,6,840,536,42,68,-1,-1,-1,-1
584,6,841,536,42,68,-1,-1,-1,-1
585,6,841,535,42,69,-1,-1,-1,-1
586,6,841,534,42,68,-1,-1,-1,-1
587,6,842,534,42,69,-1,-1,-1,-1
588,6,842,533,43,70,-1,-1,-1,-1
589,6,847,544,45,61,-1,-1,-1,-1
590,6,847,543,45,62,-1,-1,-1,-1
591,6,843,537,46,72,-1,-1,-1,-1
592,6,846,541,46,64,-1,-1,-1,-1
593,6,844,536,46,73,-1,-1,-1,-1
594,6,843,536,47,73,-1,-1,-1,-1
595,6,843,535,47,74,-1,-1,-1,-1
596,6,844,535,47,74,-1,-1,-1,-1
597,6,842,529,52,77,-1,-1,-1,-1
598,6,844,528,52,84,-1,-1,-1,-1
599,6,844,526,50,76,-1,-1,-1,-1
600,6,844,527,52,76,-1,-1,-1,-1
601,6,846,530,47,77,-1,-1,-1,-1
602,6,844,527,51,77,-1,-1,-1,-1
603,6,843,526,51,86,-1,-1,-1,-1
604,6,843,526,50,86,-1,-1,-1,-1
605,6,842,525,52,87,-1,-1,-1,-1
606,6,842,525,52,87,-1,-1,-1,-1
607,6,840,523,51,89,-1,-1,-1,-1
608,6,842,525,52,79,-1,-1,-1,-1
609,6,842,523,51,90,-1,-1,-1,-1
610,6,841,526,49,81,-1,-1,-1,-1
611,6,838,523,53,88,-1,-1,-1,-1
612,6,839,523,52,88,-1,-1,-1,-1
613,6,842,526,49,82,-1,-1,-1,-1
614,6,842,526,50,82,-1,-1,-1,-1
615,6,843,526,50,82,-1,-1,-1,-1
616,6,843,525,49,82,-1,-1,-1,-1
617,6,844,525,48,82,-1,-1,-1,-1
618,6,844,524,49,83,-1,-1,-1,-1
619,6,844,523,50,85,-1,-1,-1,-1
620,6,843,524,50,84,-1,-1,-1,-1
621,6,842,525,50,83,-1,-1,-1,-1
622,6,843,523,49,83,-1,-1,-1,-1
623,6,842,524,49,82,-1,-1,-1,-1
624,6,843,524,49,82,-1,-1,-1,-1
625,6,843,523,48,83,-1,-1,-1,-1
626,6,843,523,48,82,-1,-1,-1,-1
627,6,842,522,50,81,-1,-1,-1,-1
628,6,840,523,51,79,-1,-1,-1,-1
629,6,839,522,51,80,-1,-1,-1,-1
630,6,837,524,52,80,-1,-1,-1,-1
631,6,837,523,52,81,-1,-1,-1,-1
632,6,836,522,51,81,-1,-1,-1,-1
633,6,835,522,51,79,-1,-1,-1,-1
634,6,833,514,53,85,-1,-1,-1,-1
635,6,836,520,50,80,-1,-1,-1,-1
636,6,839,517,44,73,-1,-1,-1,-1
637,6,838,516,47,75,-1,-1,-1,-1
638,6,834,514,52,85,-1,-1,-1,-1
639,6,835,514,52,86,-1,-1,-1,-1
640,6,835,513,52,86,-1,-1,-1,-1
641,6,838,517,44,72,-1,-1,-1,-1
642,6,838,517,45,71,-1,-1,-1,-1
643,6,839,515,42,71,-1,-1,-1,-1
644,6,839,513,42,70,-1,-1,-1,-1
645,6,840,512,41,68,-1,-1,-1,-1
646,6,840,513,41,67,-1,-1,-1,-1
647,6,841,513,41,69,-1,-1,-1,-1
648,6,842,512,40,68,-1,-1,-1,-1
649,6,841,511,40,67,-1,-1,-1,-1
650,6,838,508,44,66,-1,-1,-1,-1
651,6,841,510,40,69,-1,-1,-1,-1
652,6,841,509,40,71,-1,-1,-1,-1
653,6,840,507,44,71,-1,-1,-1,-1
654,6,838,506,47,83,-1,-1,-1,-1
655,6,838,506,45,82,-1,-1,-1,-1
656,6,838,509,42,74,-1,-1,-1,-1
657,6,836,504,47,85,-1,-1,-1,-1
658,6,834,507,46,67,-1,-1,-1,-1
659,6,833,502,48,88,-1,-1,-1,-1
660,6,836,507,45,76,-1,-1,-1,-1
661,6,833,503,47,78,-1,-1,-1,-1
662,6,833,503,48,77,-1,-1,-1,-1
663,6,836,508,44,73,-1,-1,-1,-1
664,6,834,504,48,71,-1,-1,-1,-1
665,6,833,507,46,71,-1,-1,-1,-1
666,6,833,503,49,77,-1,-1,-1,-1
667,6,835,506,47,76,-1,-1,-1,-1
668,6,836,507,46,75,-1,-1,-1,-1
669,6,836,506,47,78,-1,-1,-1,-1
670,6,836,506,47,78,-1,-1,-1,-1
671,6,837,506,44,77,-1,-1,-1,-1
672,6,838,506,44,77,-1,-1,-1,-1
673,6,833,501,49,75,-1,-1,-1,-1
674,6,835,501,47,73,-1,-1,-1,-1
675,6,838,504,48,69,-1,-1,-1,-1
676,6,837,503,49,68,-1,-1,-1,-1
677,6,838,503,48,66,-1,-1,-1,-1
678,6,838,501,47,69,-1,-1,-1,-1
679,6,838,500,47,69,-1,-1,-1,-1
680,6,837,502,49,67,-1,-1,-1,-1
681,6,836,501,49,68,-1,-1,-1,-1
682,6,837,501,47,70,-1,-1,-1,-1
683,6,837,501,47,68,-1,-1,-1,-1
684,6,838,503,43,73,-1,-1,-1,-1
685,6,838,501,44,77,-1,-1,-1,-1
686,6,838,501,43,78,-1,-1,-1,-1
687,6,838,501,44,77,-1,-1,-1,-1
688,6,838,501,45,76,-1,-1,-1,-1
689,6,838,502,44,76,-1,-1,-1,-1
690,6,838,502,44,74,-1,-1,-1,-1
691,6,838,502,44,74,-1,-1,-1,-1
692,6,838,502,44,74,-1,-1,-1,-1
693,6,838,502,44,73,-1,-1,-1,-1
694,6,838,502,44,74,-1,-1,-1,-1
695,6,837,501,45,75,-1,-1,-1,-1
696,6,838,502,44,74,-1,-1,-1,-1
697,6,836,499,45,71,-1,-1,-1,-1
698,6,837,502,45,74,-1,-1,-1,-1
699,6,837,502,45,74,-1,-1,-1,-1
700,6,837,501,45,74,-1,-1,-1,-1
701,6,838,502,44,73,-1,-1,-1,-1
702,6,838,501,43,74,-1,-1,-1,-1
703,6,838,501,44,75,-1,-1,-1,-1
704,6,838,501,44,75,-1,-1,-1,-1
705,6,839,501,43,75,-1,-1,-1,-1
706,6,839,502,42,73,-1,-1,-1,-1
707,6,839,502,43,72,-1,-1,-1,-1
708,6,839,503,42,71,-1,-1,-1,-1
709,6,837,502,45,72,-1,-1,-1,-1
710,6,836,502,46,73,-1,-1,-1,-1
711,6,836,502,46,73,-1,-1,-1,-1
712,6,835,502,47,73,-1,-1,-1,-1
713,6,836,502,46,74,-1,-1,-1,-1
714,6,835,502,48,74,-1,-1,-1,-1
715,6,835,502,48,75,-1,-1,-1,-1
716,6,836,502,47,74,-1,-1,-1,-1
717,6,835,502,48,74,-1,-1,-1,-1
718,6,836,502,47,75,-1,-1,-1,-1
719,6,838,502,44,74,-1,-1,-1,-1
720,6,838,502,44,74,-1,-1,-1,-1
721,6,837,502,45,74,-1,-1,-1,-1
722,6,837,502,45,75,-1,-1,-1,-1
723,6,837,502,45,76,-1,-1,-1,-1
724,6,837,502,45,75,-1,-1,-1,-1
725,6,838,502,44,75,-1,-1,-1,-1
726,6,837,502,45,76,-1,-1,-1,-1
727,6,838,502,44,75,-1,-1,-1,-1
728,6,838,502,44,75,-1,-1,-1,-1
729,6,838,502,44,76,-1,-1,-1,-1
730,6,837,501,45,77,-1,-1,-1,-1
731,6,836,501,47,77,-1,-1,-1,-1
732,6,836,501,47,77,-1,-1,-1,-1
733,6,836,501,47,76,-1,-1,-1,-1
734,6,835,501,48,77,-1,-1,-1,-1
735,6,835,501,48,77,-1,-1,-1,-1
736,6,836,501,46,76,-1,-1,-1,-1
737,6,836,501,46,75,-1,-1,-1,-1
738,6,837,502,45,74,-1,-1,-1,-1
739,6,836,502,46,74,-1,-1,-1,-1
740,6,835,501,48,75,-1,-1,-1,-1
741,6,835,501,48,74,-1,-1,-1,-1
742,6,835,501,48,73,-1,-1,-1,-1
743,6,835,501,48,73,-1,-1,-1,-1
744,6,835,501,47,74,-1,-1,-1,-1
745,6,835,500,47,77,-1,-1,-1,-1
746,6,835,501,47,76,-1,-1,-1,-1
747,6,836,501,46,75,-1,-1,-1,-1
748,6,837,501,45,75,-1,-1,-1,-1
749,6,837,501,45,75,-1,-1,-1,-1
750,6,836,501,46,75,-1,-1,-1,-1
751,6,836,501,46,74,-1,-1,-1,-1
752,6,835,500,48,75,-1,-1,-1,-1
753,6,834,500,49,75,-1,-1,-1,-1
754,6,834,501,49,74,-1,-1,-1,-1
755,6,834,500,49,75,-1,-1,-1,-1
756,6,834,500,49,75,-1,-1,-1,-1
757,6,835,501,48,73,-1,-1,-1,-1
758,6,835,501,48,74,-1,-1,-1,-1
759,6,835,501,47,74,-1,-1,-1,-1
760,6,836,500,48,84,-1,-1,-1,-1
761,6,835,500,50,83,-1,-1,-1,-1
762,6,835,499,50,85,-1,-1,-1,-1
763,6,835,499,50,84,-1,-1,-1,-1
764,6,835,498,50,85,-1,-1,-1,-1
765,6,834,498,50,79,-1,-1,-1,-1
766,6,835,498,48,78,-1,-1,-1,-1
767,6,833,498,51,78,-1,-1,-1,-1
768,6,833,496,51,79,-1,-1,-1,-1
769,6,833,495,50,80,-1,-1,-1,-1
770,6,833,495,50,79,-1,-1,-1,-1
771,6,834,494,50,81,-1,-1,-1,-1
772,6,834,493,49,81,-1,-1,-1,-1
773,6,834,493,50,81,-1,-1,-1,-1
774,6,834,493,50,82,-1,-1,-1,-1
775,6,835,495,49,78,-1,-1,-1,-1
776,6,835,495,49,79,-1,-1,-1,-1
777,6,834,495,50,80,-1,-1,-1,-1
778,6,834,494,50,81,-1,-1,-1,-1
779,6,833,495,51,80,-1,-1,-1,-1
780,6,834,495,50,80,-1,-1,-1,-1
781,6,833,496,50,80,-1,-1,-1,-1
782,6,834,496,50,80,-1,-1,-1,-1
783,6,833,497,50,79,-1,-1,-1,-1
784,6,833,498,50,79,-1,-1,-1,-1
785,6,833,498,50,79,-1,-1,-1,-1
786,6,833,498,49,79,-1,-1,-1,-1
787,6,833,498,50,79,-1,-1,-1,-1
788,6,834,499,49,78,-1,-1,-1,-1
789,6,834,499,48,78,-1,-1,-1,-1
790,6,835,499,47,78,-1,-1,-1,-1
791,6,834,500,47,78,-1,-1,-1,-1
792,6,834,499,47,79,-1,-1,-1,-1
793,6,834,499,46,79,-1,-1,-1,-1
794,6,834,498,47,80,-1,-1,-1,-1
795,6,835,498,46,79,-1,-1,-1,-1
796,6,835,499,46,80,-1,-1,-1,-1
797,6,834,498,48,80,-1,-1,-1,-1
798,6,833,497,48,79,-1,-1,-1,-1
799,6,832,496,49,81,-1,-1,-1,-1
800,6,832,497,49,81,-1,-1,-1,-1
801,6,830,500,49,78,-1,-1,-1,-1
802,6,831,500,48,79,-1,-1,-1,-1
803,6,829,500,50,81,-1,-1,-1,-1
804,6,830,500,49,83,-1,-1,-1,-1
805,6,834,503,46,80,-1,-1,-1,-1
806,6,831,501,47,81,-1,-1,-1,-1
807,6,833,503,47,80,-1,-1,-1,-1
808,6,833,503,46,79,-1,-1,-1,-1
809,6,834,502,44,81,-1,-1,-1,-1
810,6,832,502,45,80,-1,-1,-1,-1
811,6,833,504,44,82,-1,-1,-1,-1
812,6,833,502,44,80,-1,-1,-1,-1
813,6,832,502,45,80,-1,-1,-1,-1
814,6,831,502,46,80,-1,-1,-1,-1
815,6,829,502,48,82,-1,-1,-1,-1
816,6,829,502,49,84,-1,-1,-1,-1
817,6,830,502,48,87,-1,-1,-1,-1
818,6,830,502,50,87,-1,-1,-1,-1
819,6,830,503,49,85,-1,-1,-1,-1
820,6,832,503,48,85,-1,-1,-1,-1
821,6,830,505,50,90,-1,-1,-1,-1
822,6,830,503,49,87,-1,-1,-1,-1
823,6,832,503,47,85,-1,-1,-1,-1
824,6,835,505,44,87,-1,-1,-1,-1
825,6,835,505,44,90,-1,-1,-1,-1
826,6,832,504,47,80,-1,-1,-1,-1
827,6,833,504,46,80,-1,-1,-1,-1
828,6,834,504,45,81,-1,-1,-1,-1
829,6,833,504,45,81,-1,-1,-1,-1
830,6,833,505,46,81,-1,-1,-1,-1
831,6,833,505,46,81,-1,-1,-1,-1
832,6,831,506,47,82,-1,-1,-1,-1
833,6,831,507,48,83,-1,-1,-1,-1
834,6,831,507,47,84,-1,-1,-1,-1
835,6,830,507,49,83,-1,-1,-1,-1
836,6,831,506,48,82,-1,-1,-1,-1
837,6,833,505,46,83,-1,-1,-1,-1
838,6,834,504,46,79,-1,-1,-1,-1
839,6,835,506,46,89,-1,-1,-1,-1
840,6,834,506,47,89,-1,-1,-1,-1
841,6,834,505,47,80,-1,-1,-1,-1
842,6,835,507,47,86,-1,-1,-1,-1
843,6,835,507,46,87,-1,-1,-1,-1
844,6,835,506,47,88,-1,-1,-1,-1
845,6,833,505,47,78,-1,-1,-1,-1
846,6,833,505,47,78,-1,-1,-1,-1
847,6,835,506,44,77,-1,-1,-1,-1
848,6,834,506,46,77,-1,-1,-1,-1
849,6,835,506,44,77,-1,-1,-1,-1
850,6,835,507,44,76,-1,-1,-1,-1
851,6,835,505,44,79,-1,-1,-1,-1
852,6,835,506,44,77,-1,-1,-1,-1
853,6,836,507,44,76,-1,-1,-1,-1
854,6,837,507,43,73,-1,-1,-1,-1
855,6,838,509,42,73,-1,-1,-1,-1
856,6,838,509,42,75,-1,-1,-1,-1
857,6,839,511,41,72,-1,-1,-1,-1
858,6,841,514,39,71,-1,-1,-1,-1
859,6,842,512,40,73,-1,-1,-1,-1
860,6,841,513,42,73,-1,-1,-1,-1
861,6,841,510,43,77,-1,-1,-1,-1
862,6,841,511,44,75,-1,-1,-1,-1
649,10,1843,1040,52,35,-1,-1,-1,-1
650,10,1843,1040,52,35,-1,-1,-1,-1
651,10,1844,1040,51,35,-1,-1,-1,-1
652,10,1843,1039,53,36,-1,-1,-1,-1
653,10,1842,1039,53,36,-1,-1,-1,-1
654,10,1842,1038,53,37,-1,-1,-1,-1
655,10,1842,1039,53,35,-1,-1,-1,-1
656,10,1842,1039,54,36,-1,-1,-1,-1
657,10,1842,1038,54,37,-1,-1,-1,-1
658,10,1844,1038,52,37,-1,-1,-1,-1
659,10,1843,1037,53,38,-1,-1,-1,-1
660,10,1843,1037,52,38,-1,-1,-1,-1
661,10,1842,1038,53,37,-1,-1,-1,-1
662,10,1841,1038,54,37,-1,-1,-1,-1
663,10,1837,1036,63,41,-1,-1,-1,-1
664,10,1838,1036,62,41,-1,-1,-1,-1
665,10,1836,1036,64,41,-1,-1,-1,-1
666,10,1837,1035,63,42,-1,-1,-1,-1
667,10,1837,1035,64,42,-1,-1,-1,-1
668,10,1837,1034,64,43,-1,-1,-1,-1
669,10,1838,1035,64,42,-1,-1,-1,-1
670,10,1838,1034,64,43,-1,-1,-1,-1
671,10,1840,1036,61,38,-1,-1,-1,-1
672,10,1840,1036,61,38,-1,-1,-1,-1
673,10,1838,1035,62,43,-1,-1,-1,-1
674,10,1838,1035,62,43,-1,-1,-1,-1
675,10,1835,1034,70,42,-1,-1,-1,-1
676,10,1841,1035,58,43,-1,-1,-1,-1
677,10,1839,1034,65,45,-1,-1,-1,-1
678,10,1841,1035,58,43,-1,-1,-1,-1
679,10,1841,1035,59,43,-1,-1,-1,-1
680,10,1841,1034,63,45,-1,-1,-1,-1
681,10,1842,1035,58,43,-1,-1,-1,-1
682,10,1844,1038,63,38,-1,-1,-1,-1
683,10,1841,1034,61,44,-1,-1,-1,-1
684,10,1842,1034,60,44,-1,-1,-1,-1
685,10,1842,1035,63,42,-1,-1,-1,-1
686,10,1842,1035,63,42,-1,-1,-1,-1
687,10,1843,1034,62,42,-1,-1,-1,-1
688,10,1847,1036,54,40,-1,-1,-1,-1
689,10,1846,1037,60,39,-1,-1,-1,-1
690,10,1846,1038,61,38,-1,-1,-1,-1
691,10,1845,1035,61,41,-1,-1,-1,-1
692,10,1847,1038,60,38,-1,-1,-1,-1
693,10,1845,1035,61,41,-1,-1,-1,-1
694,10,1845,1035,61,41,-1,-1,-1,-1
695,10,1845,1035,61,42,-1,-1,-1,-1
696,10,1847,1038,60,38,-1,-1,-1,-1
697,10,1845,1035,62,42,-1,-1,-1,-1
698,10,1844,1035,63,42,-1,-1,-1,-1
699,10,1849,1039,58,37,-1,-1,-1,-1
700,10,1845,1035,62,41,-1,-1,-1,-1
701,10,1846,1035,61,42,-1,-1,-1,-1
702,10,1846,1039,63,37,-1,-1,-1,-1
703,10,1847,1040,62,36,-1,-1,-1,-1
704,10,1847,1040,62,36,-1,-1,-1,-1
705,10,1846,1040,64,36,-1,-1,-1,-1
706,10,1849,1041,61,35,-1,-1,-1,-1
707,10,1849,1041,61,36,-1,-1,-1,-1
708,10,1848,1041,62,35,-1,-1,-1,-1
709,10,1846,1034,65,43,-1,-1,-1,-1
710,10,1847,1035,64,42,-1,-1,-1,-1
711,10,1847,1035,64,42,-1,-1,-1,-1
712,10,1846,1035,65,42,-1,-1,-1,-1
713,10,1846,1035,65,42,-1,-1,-1,-1
714,10,1845,1034,65,43,-1,-1,-1,-1
715,10,1845,1034,66,43,-1,-1,-1,-1
716,10,1845,1034,67,43,-1,-1,-1,-1
717,10,1845,1034,67,43,-1,-1,-1,-1
718,10,1849,1035,58,41,-1,-1,-1,-1
719,10,1850,1035,56,41,-1,-1,-1,-1
720,10,1849,1034,59,42,-1,-1,-1,-1
721,10,1850,1034,58,42,-1,-1,-1,-1
722,10,1850,1034,58,41,-1,-1,-1,-1
723,10,1851,1034,55,41,-1,-1,-1,-1
724,10,1851,1034,56,41,-1,-1,-1,-1
725,10,1851,1034,56,41,-1,-1,-1,-1
726,10,1851,1034,55,41,-1,-1,-1,-1
727,10,1849,1034,59,42,-1,-1,-1,-1
728,10,1851,1034,55,41,-1,-1,-1,-1
729,10,1849,1034,59,41,-1,-1,-1,-1
730,10,1850,1033,59,42,-1,-1,-1,-1
731,10,1850,1033,58,42,-1,-1,-1,-1
732,10,1850,1033,58,42,-1,-1,-1,-1
733,10,1850,1033,56,42,-1,-1,-1,-1
734,10,1850,1033,58,42,-1,-1,-1,-1
735,10,1849,1033,59,42,-1,-1,-1,-1
736,10,1848,1033,59,42,-1,-1,-1,-1
737,10,1848,1033,59,42,-1,-1,-1,-1
738,10,1848,1032,60,43,-1,-1,-1,-1
739,10,1848,1033,59,42,-1,-1,-1,-1
740,10,1847,1034,61,40,-1,-1,-1,-1
741,10,1848,1034,60,41,-1,-1,-1,-1
742,10,1848,1034,60,41,-1,-1,-1,-1
743,10,1849,1033,60,42,-1,-1,-1,-1
744,10,1849,1033,59,42,-1,-1,-1,-1
745,10,1852,1034,54,41,-1,-1,-1,-1
746,10,1852,1034,54,41,-1,-1,-1,-1
747,10,1852,1034,54,41,-1,-1,-1,-1
748,10,1851,1034,57,42,-1,-1,-1,-1
749,10,1851,1034,57,42,-1,-1,-1,-1
750,10,1850,1033,58,43,-1,-1,-1,-1
751,10,1852,1033,54,42,-1,-1,-1,-1
752,10,1851,1033,56,42,-1,-1,-1,-1
753,10,1852,1033,55,42,-1,-1,-1,-1
754,10,1852,1033,55,42,-1,-1,-1,-1
755,10,1852,1033,56,42,-1,-1,-1,-1
756,10,1852,1033,56,42,-1,-1,-1,-1
757,10,1852,1033,55,42,-1,-1,-1,-1
758,10,1853,1033,54,42,-1,-1,-1,-1
759,10,1852,1033,55,42,-1,-1,-1,-1
760,10,1852,1033,54,42,-1,-1,-1,-1
761,10,1850,1032,57,43,-1,-1,-1,-1
762,10,1850,1032,57,42,-1,-1,-1,-1
763,10,1850,1031,56,43,-1,-1,-1,-1
764,10,1849,1030,57,45,-1,-1,-1,-1
765,10,1849,1029,58,45,-1,-1,-1,-1
766,10,1848,1029,59,45,-1,-1,-1,-1
767,10,1848,1028,58,46,-1,-1,-1,-1
768,10,1848,1031,63,45,-1,-1,-1,-1
769,10,1847,1027,59,46,-1,-1,-1,-1
770,10,1848,1027,58,47,-1,-1,-1,-1
771,10,1848,1025,59,48,-1,-1,-1,-1
772,10,1848,1024,59,50,-1,-1,-1,-1
773,10,1847,1025,60,49,-1,-1,-1,-1
774,10,1847,1027,60,46,-1,-1,-1,-1
775,10,1847,1027,60,47,-1,-1,-1,-1
776,10,1848,1026,59,48,-1,-1,-1,-1
777,10,1848,1027,59,47,-1,-1,-1,-1
778,10,1847,1026,60,48,-1,-1,-1,-1
779,10,1849,1028,58,46,-1,-1,-1,-1
780,10,1848,1032,63,43,-1,-1,-1,-1
781,10,1848,1027,58,47,-1,-1,-1,-1
782,10,1847,1027,59,47,-1,-1,-1,-1
783,10,1848,1028,58,46,-1,-1,-1,-1
784,10,1848,1027,58,47,-1,-1,-1,-1
785,10,1848,1029,58,45,-1,-1,-1,-1
786,10,1849,1029,58,45,-1,-1,-1,-1
787,10,1849,1029,57,45,-1,-1,-1,-1
788,10,1844,1028,65,50,-1,-1,-1,-1
789,10,1850,1029,57,45,-1,-1,-1,-1
790,10,1851,1030,56,44,-1,-1,-1,-1
791,10,1850,1032,57,43,-1,-1,-1,-1
792,10,1850,1033,57,42,-1,-1,-1,-1
793,10,1849,1033,58,41,-1,-1,-1,-1
794,10,1850,1033,57,42,-1,-1,-1,-1
795,10,1850,1033,57,41,-1,-1,-1,-1
796,10,1850,1033,57,42,-1,-1,-1,-1
797,10,1850,1033,57,42,-1,-1,-1,-1
798,10,1850,1033,57,42,-1,-1,-1,-1
799,10,1850,1033,57,42,-1,-1,-1,-1
800,10,1852,1034,55,41,-1,-1,-1,-1
801,10,1850,1034,57,41,-1,-1,-1,-1
802,10,1850,1034,57,42,-1,-1,-1,-1
803,10,1853,1034,54,42,-1,-1,-1,-1
804,10,1852,1035,55,40,-1,-1,-1,-1
805,10,1853,1034,55,42,-1,-1,-1,-1
806,10,1852,1034,56,42,-1,-1,-1,-1
807,10,1852,1035,55,41,-1,-1,-1,-1
808,10,1852,1035,55,41,-1,-1,-1,-1
809,10,1853,1035,54,41,-1,-1,-1,-1
810,10,1852,1034,55,41,-1,-1,-1,-1
811,10,1853,1035,54,41,-1,-1,-1,-1
812,10,1853,1035,54,40,-1,-1,-1,-1
813,10,1853,1035,54,41,-1,-1,-1,-1
814,10,1853,1035,54,41,-1,-1,-1,-1
815,10,1855,1035,53,41,-1,-1,-1,-1
816,10,1854,1035,54,41,-1,-1,-1,-1
817,10,1854,1035,53,41,-1,-1,-1,-1
818,10,1854,1035,53,41,-1,-1,-1,-1
819,10,1853,1035,53,40,-1,-1,-1,-1
820,10,1854,1035,53,41,-1,-1,-1,-1
821,10,1853,1036,53,40,-1,-1,-1,-1
822,10,1854,1036,52,40,-1,-1,-1,-1
823,10,1853,1035,53,41,-1,-1,-1,-1
824,10,1854,1035,52,41,-1,-1,-1,-1
825,10,1853,1036,53,40,-1,-1,-1,-1
826,10,1853,1036,53,40,-1,-1,-1,-1
827,10,1853,1036,53,40,-1,-1,-1,-1
828,10,1853,1036,53,40,-1,-1,-1,-1
829,10,1853,1035,53,41,-1,-1,-1,-1
830,10,1854,1035,53,41,-1,-1,-1,-1
831,10,1854,1035,52,40,-1,-1,-1,-1
832,10,1854,1036,52,39,-1,-1,-1,-1
833,10,1854,1035,52,41,-1,-1,-1,-1
834,10,1853,1035,53,41,-1,-1,-1,-1
835,10,1853,1036,53,40,-1,-1,-1,-1
836,10,1854,1035,53,41,-1,-1,-1,-1
837,10,1854,1035,52,41,-1,-1,-1,-1
838,10,1854,1036,51,40,-1,-1,-1,-1
839,10,1853,1034,53,41,-1,-1,-1,-1
840,10,1854,1035,52,40,-1,-1,-1,-1
841,10,1854,1035,52,41,-1,-1,-1,-1
842,10,1853,1035,53,41,-1,-1,-1,-1
843,10,1853,1034,54,42,-1,-1,-1,-1
844,10,1853,1034,54,42,-1,-1,-1,-1
845,10,1853,1034,54,42,-1,-1,-1,-1
846,10,1853,1034,54,42,-1,-1,-1,-1
847,10,1853,1034,54,41,-1,-1,-1,-1
848,10,1853,1034,54,42,-1,-1,-1,-1
849,10,1854,1035,53,41,-1,-1,-1,-1
850,10,1854,1034,54,41,-1,-1,-1,-1
851,10,1854,1034,54,42,-1,-1,-1,-1
852,10,1854,1034,54,42,-1,-1,-1,-1
853,10,1853,1034,54,42,-1,-1,-1,-1
854,10,1853,1034,54,42,-1,-1,-1,-1
855,10,1853,1034,54,42,-1,-1,-1,-1
856,10,1853,1034,54,42,-1,-1,-1,-1
857,10,1854,1035,53,41,-1,-1,-1,-1
858,10,1855,1034,53,42,-1,-1,-1,-1
859,10,1855,1035,53,40,-1,-1,-1,-1
860,10,1856,1035,52,40,-1,-1,-1,-1
861,10,1856,1036,52,39,-1,-1,-1,-1
862,10,1855,1036,52,40,-1,-1,-1,-1
