425,0,142,310,25,43,-1,-1,-1,-1
426,0,141,309,27,43,-1,-1,-1,-1
427,0,139,306,28,45,-1,-1,-1,-1
428,0,141,307,26,45,-1,-1,-1,-1
429,0,141,309,24,43,-1,-1,-1,-1
494,1,0,664,22,63,-1,-1,-1,-1
495,1,0,651,23,69,-1,-1,-1,-1
496,1,0,642,27,77,-1,-1,-1,-1
497,1,0,646,30,79,-1,-1,-1,-1
498,1,0,646,30,77,-1,-1,-1,-1
499,1,0,645,33,77,-1,-1,-1,-1
500,1,0,643,35,79,-1,-1,-1,-1
501,1,1,644,34,78,-1,-1,-1,-1
502,1,1,646,37,75,-1,-1,-1,-1
503,1,1,642,40,78,-1,-1,-1,-1
504,1,1,641,41,79,-1,-1,-1,-1
507,1,4,641,44,78,-1,-1,-1,-1
508,1,7,637,40,84,-1,-1,-1,-1
509,1,7,637,41,85,-1,-1,-1,-1
510,1,9,638,41,85,-1,-1,-1,-1
511,1,13,638,37,81,-1,-1,-1,-1
512,1,15,636,43,77,-1,-1,-1,-1
513,1,14,637,47,79,-1,-1,-1,-1
538,3,76,321,24,40,-1,-1,-1,-1
539,3,77,322,24,39,-1,-1,-1,-1
540,3,77,322,25,40,-1,-1,-1,-1
541,3,77,323,24,38,-1,-1,-1,-1
542,3,76,322,25,39,-1,-1,-1,-1
543,3,76,322,24,38,-1,-1,-1,-1
544,4,74,630,49,88,-1,-1,-1,-1
545,4,70,629,57,91,-1,-1,-1,-1
546,4,73,630,55,91,-1,-1,-1,-1
561,5,63,322,24,40,-1,-1,-1,-1
562,5,64,322,24,41,-1,-1,-1,-1
563,5,65,321,23,42,-1,-1,-1,-1
564,5,65,320,23,42,-1,-1,-1,-1
565,5,64,321,23,41,-1,-1,-1,-1
566,5,63,321,24,42,-1,-1,-1,-1
567,5,62,322,25,42,-1,-1,-1,-1
568,5,63,321,23,41,-1,-1,-1,-1
569,5,59,322,27,42,-1,-1,-1,-1
570,5,60,322,26,43,-1,-1,-1,-1
571,5,60,322,25,43,-1,-1,-1,-1
572,5,58,321,26,43,-1,-1,-1,-1
573,5,58,322,26,42,-1,-1,-1,-1
574,5,57,320,27,43,-1,-1,-1,-1
575,5,58,321,26,43,-1,-1,-1,-1
576,5,57,320,27,44,-1,-1,-1,-1
577,5,58,319,25,43,-1,-1,-1,-1
578,5,58,320,25,43,-1,-1,-1,-1
579,5,57,320,25,45,-1,-1,-1,-1
580,5,58,320,25,43,-1,-1,-1,-1
582,6,140,625,53,87,-1,-1,-1,-1
583,6,144,624,52,88,-1,-1,-1,-1
584,6,145,625,57,87,-1,-1,-1,-1
593,7,158,624,54,91,-1,-1,-1,-1
594,7,159,626,56,86,-1,-1,-1,-1
595,7,166,624,54,89,-1,-1,-1,-1
596,7,162,622,59,89,-1,-1,-1,-1
643,8,260,616,49,80,-1,-1,-1,-1
644,8,261,618,49,86,-1,-1,-1,-1
645,8,262,618,48,86,-1,-1,-1,-1
646,8,268,619,48,81,-1,-1,-1,-1
655,9,283,616,44,83,-1,-1,-1,-1
656,9,284,615,44,87,-1,-1,-1,-1
657,9,283,617,47,86,-1,-1,-1,-1
658,9,283,618,49,84,-1,-1,-1,-1
659,9,288,618,46,83,-1,-1,-1,-1
660,9,294,619,43,78,-1,-1,-1,-1
661,9,299,623,39,72,-1,-1,-1,-1
662,9,293,618,47,81,-1,-1,-1,-1
680,10,331,614,44,81,-1,-1,-1,-1
681,10,332,613,42,81,-1,-1,-1,-1
682,10,331,613,44,82,-1,-1,-1,-1
683,10,335,614,44,77,-1,-1,-1,-1
692,11,351,612,46,82,-1,-1,-1,-1
693,11,350,609,45,89,-1,-1,-1,-1
694,11,351,609,46,86,-1,-1,-1,-1
695,11,351,611,49,86,-1,-1,-1,-1
696,11,359,614,47,81,-1,-1,-1,-1
710,12,370,653,27,49,-1,-1,-1,-1
711,12,370,649,31,52,-1,-1,-1,-1
712,12,371,650,31,51,-1,-1,-1,-1
713,12,372,645,35,56,-1,-1,-1,-1
714,12,376,646,34,53,-1,-1,-1,-1
756,13,39,334,24,40,-1,-1,-1,-1
757,13,39,333,25,41,-1,-1,-1,-1
758,13,39,333,25,41,-1,-1,-1,-1
759,13,39,333,26,40,-1,-1,-1,-1
760,13,40,333,25,39,-1,-1,-1,-1
783,14,52,324,26,43,-1,-1,-1,-1
784,14,52,324,26,42,-1,-1,-1,-1
785,14,54,327,26,40,-1,-1,-1,-1
786,14,58,330,23,39,-1,-1,-1,-1
787,14,55,328,26,40,-1,-1,-1,-1
788,14,55,327,26,41,-1,-1,-1,-1
789,14,57,323,26,45,-1,-1,-1,-1
790,14,58,323,26,43,-1,-1,-1,-1
791,14,57,322,28,44,-1,-1,-1,-1
792,14,56,321,29,45,-1,-1,-1,-1
793,14,56,322,30,45,-1,-1,-1,-1
794,14,56,322,29,44,-1,-1,-1,-1
795,14,56,320,30,45,-1,-1,-1,-1
796,14,57,320,28,45,-1,-1,-1,-1
797,14,57,319,28,45,-1,-1,-1,-1
798,14,57,319,27,45,-1,-1,-1,-1
799,14,57,320,28,44,-1,-1,-1,-1
800,14,57,320,29,45,-1,-1,-1,-1
801,14,58,320,28,45,-1,-1,-1,-1
802,14,58,321,28,45,-1,-1,-1,-1
803,14,58,321,29,45,-1,-1,-1,-1
804,14,58,321,29,45,-1,-1,-1,-1
805,14,58,322,30,46,-1,-1,-1,-1
806,14,60,321,29,46,-1,-1,-1,-1
807,14,60,322,29,46,-1,-1,-1,-1
808,14,60,323,30,44,-1,-1,-1,-1
809,14,63,323,28,43,-1,-1,-1,-1
810,14,64,322,28,45,-1,-1,-1,-1
811,14,64,322,28,44,-1,-1,-1,-1
812,14,65,321,28,45,-1,-1,-1,-1
813,14,65,322,27,44,-1,-1,-1,-1
814,14,66,322,27,43,-1,-1,-1,-1
815,14,66,322,25,42,-1,-1,-1,-1
703,15,375,616,42,72,-1,-1,-1,-1
704,15,376,618,42,71,-1,-1,-1,-1
705,15,375,617,45,73,-1,-1,-1,-1
706,15,376,616,45,77,-1,-1,-1,-1
707,15,378,616,46,75,-1,-1,-1,-1
708,15,389,621,37,70,-1,-1,-1,-1
709,15,384,618,41,76,-1,-1,-1,-1
710,15,387,619,42,74,-1,-1,-1,-1
711,15,387,619,44,75,-1,-1,-1,-1
712,15,390,618,40,75,-1,-1,-1,-1
713,15,384,617,46,77,-1,-1,-1,-1
714,15,389,615,41,68,-1,-1,-1,-1
715,15,394,615,42,74,-1,-1,-1,-1
716,15,397,615,40,76,-1,-1,-1,-1
717,15,398,616,41,74,-1,-1,-1,-1
718,15,400,614,42,78,-1,-1,-1,-1
719,15,401,614,43,78,-1,-1,-1,-1
720,15,406,614,39,76,-1,-1,-1,-1
721,15,410,613,38,71,-1,-1,-1,-1
722,15,407,614,45,78,-1,-1,-1,-1
723,15,407,613,46,82,-1,-1,-1,-1
724,15,410,613,42,79,-1,-1,-1,-1
725,15,412,608,44,83,-1,-1,-1,-1
726,15,412,606,48,85,-1,-1,-1,-1
727,15,412,605,50,88,-1,-1,-1,-1
728,15,417,607,45,85,-1,-1,-1,-1
729,15,416,603,49,89,-1,-1,-1,-1
730,15,420,604,48,88,-1,-1,-1,-1
731,15,423,607,44,82,-1,-1,-1,-1
732,15,430,605,41,80,-1,-1,-1,-1
733,15,432,606,44,81,-1,-1,-1,-1
734,15,435,608,41,77,-1,-1,-1,-1
735,15,435,608,44,80,-1,-1,-1,-1
736,15,435,606,45,82,-1,-1,-1,-1
737,15,437,605,46,84,-1,-1,-1,-1
738,15,440,609,46,81,-1,-1,-1,-1
739,15,444,608,42,78,-1,-1,-1,-1
740,15,445,609,40,78,-1,-1,-1,-1
741,15,448,608,40,80,-1,-1,-1,-1
742,15,451,606,40,83,-1,-1,-1,-1
743,15,451,611,41,76,-1,-1,-1,-1
744,15,456,612,38,73,-1,-1,-1,-1
745,15,457,610,39,76,-1,-1,-1,-1
746,15,456,606,46,83,-1,-1,-1,-1
747,15,455,606,48,82,-1,-1,-1,-1
748,15,456,604,48,86,-1,-1,-1,-1
749,15,459,606,47,83,-1,-1,-1,-1
750,15,464,606,41,74,-1,-1,-1,-1
751,15,467,608,41,76,-1,-1,-1,-1
752,15,466,605,44,79,-1,-1,-1,-1
753,15,469,604,44,76,-1,-1,-1,-1
754,15,469,602,44,84,-1,-1,-1,-1
755,15,472,601,44,84,-1,-1,-1,-1
756,15,475,601,42,83,-1,-1,-1,-1
757,15,478,602,41,83,-1,-1,-1,-1
758,15,478,600,41,84,-1,-1,-1,-1
759,15,479,599,42,85,-1,-1,-1,-1
760,15,484,594,41,95,-1,-1,-1,-1
761,15,486,597,39,83,-1,-1,-1,-1
762,15,487,601,38,83,-1,-1,-1,-1
763,15,488,593,42,92,-1,-1,-1,-1
764,15,488,590,44,95,-1,-1,-1,-1
765,15,487,597,44,93,-1,-1,-1,-1
766,15,493,590,45,90,-1,-1,-1,-1
767,15,493,589,46,94,-1,-1,-1,-1
768,15,494,594,43,91,-1,-1,-1,-1
769,15,493,625,49,67,-1,-1,-1,-1
770,15,506,615,43,72,-1,-1,-1,-1
771,15,509,609,40,76,-1,-1,-1,-1
772,15,517,607,35,73,-1,-1,-1,-1
773,15,515,596,37,82,-1,-1,-1,-1
774,15,512,590,40,87,-1,-1,-1,-1
775,15,510,593,41,88,-1,-1,-1,-1
776,15,511,593,42,90,-1,-1,-1,-1
777,15,515,592,40,89,-1,-1,-1,-1
778,15,519,591,40,84,-1,-1,-1,-1
779,15,523,600,38,73,-1,-1,-1,-1
780,15,524,599,38,77,-1,-1,-1,-1
781,15,524,598,42,79,-1,-1,-1,-1
782,15,526,592,44,84,-1,-1,-1,-1
783,15,529,594,41,79,-1,-1,-1,-1
784,15,529,594,43,81,-1,-1,-1,-1
785,15,534,594,40,79,-1,-1,-1,-1
786,15,538,597,37,75,-1,-1,-1,-1
787,15,537,594,39,79,-1,-1,-1,-1
788,15,539,595,40,78,-1,-1,-1,-1
789,15,540,593,41,79,-1,-1,-1,-1
790,15,541,592,40,81,-1,-1,-1,-1
791,15,541,594,42,79,-1,-1,-1,-1
792,15,544,593,43,78,-1,-1,-1,-1
793,15,546,595,42,75,-1,-1,-1,-1
794,15,544,591,46,84,-1,-1,-1,-1
795,15,548,591,45,81,-1,-1,-1,-1
796,15,547,591,47,88,-1,-1,-1,-1
797,15,548,590,47,87,-1,-1,-1,-1
798,15,551,592,46,84,-1,-1,-1,-1
799,15,553,589,46,87,-1,-1,-1,-1
800,15,554,589,46,87,-1,-1,-1,-1
801,15,558,587,43,87,-1,-1,-1,-1
802,15,560,589,45,86,-1,-1,-1,-1
803,15,563,586,45,87,-1,-1,-1,-1
804,15,566,583,44,92,-1,-1,-1,-1
805,15,566,584,44,89,-1,-1,-1,-1
806,15,568,582,43,91,-1,-1,-1,-1
807,15,570,579,44,92,-1,-1,-1,-1
808,15,571,579,43,93,-1,-1,-1,-1
809,15,575,579,41,92,-1,-1,-1,-1
810,15,578,579,41,87,-1,-1,-1,-1
811,15,581,585,39,81,-1,-1,-1,-1
812,15,579,583,44,84,-1,-1,-1,-1
813,15,580,582,44,85,-1,-1,-1,-1
814,15,579,582,45,88,-1,-1,-1,-1
815,15,582,583,46,83,-1,-1,-1,-1
816,15,585,584,42,81,-1,-1,-1,-1
817,15,588,583,46,84,-1,-1,-1,-1
818,15,590,582,45,85,-1,-1,-1,-1
819,15,592,581,45,84,-1,-1,-1,-1
820,15,592,580,46,86,-1,-1,-1,-1
821,15,592,577,48,89,-1,-1,-1,-1
822,15,597,576,47,89,-1,-1,-1,-1
823,15,600,576,45,89,-1,-1,-1,-1
824,15,601,576,43,87,-1,-1,-1,-1
825,15,603,576,42,86,-1,-1,-1,-1
826,15,605,577,45,84,-1,-1,-1,-1
827,15,604,579,45,81,-1,-1,-1,-1
828,15,604,578,47,83,-1,-1,-1,-1
829,15,610,578,45,78,-1,-1,-1,-1
830,15,613,579,45,78,-1,-1,-1,-1
831,15,615,578,44,79,-1,-1,-1,-1
832,15,615,573,49,84,-1,-1,-1,-1
828,16,74,324,26,41,-1,-1,-1,-1
829,16,75,325,27,40,-1,-1,-1,-1
830,16,75,324,26,41,-1,-1,-1,-1
831,16,75,323,27,41,-1,-1,-1,-1
832,16,75,323,27,39,-1,-1,-1,-1
833,16,75,323,27,39,-1,-1,-1,-1
834,16,75,323,27,40,-1,-1,-1,-1
835,16,76,322,27,42,-1,-1,-1,-1
836,16,76,322,28,42,-1,-1,-1,-1
837,16,76,322,27,42,-1,-1,-1,-1
838,16,76,322,29,43,-1,-1,-1,-1
839,16,76,324,29,41,-1,-1,-1,-1
840,16,76,324,28,41,-1,-1,-1,-1
841,16,76,321,28,44,-1,-1,-1,-1
842,16,76,321,29,44,-1,-1,-1,-1
843,16,77,321,28,44,-1,-1,-1,-1
844,16,77,322,28,41,-1,-1,-1,-1
845,16,78,321,28,44,-1,-1,-1,-1
846,16,80,326,29,41,-1,-1,-1,-1
847,16,79,322,28,43,-1,-1,-1,-1
848,16,80,321,28,43,-1,-1,-1,-1
849,16,80,321,28,43,-1,-1,-1,-1
850,16,84,324,28,40,-1,-1,-1,-1
851,16,87,327,24,40,-1,-1,-1,-1
852,16,88,327,24,40,-1,-1,-1,-1
853,16,90,328,24,40,-1,-1,-1,-1
863,17,96,333,20,38,-1,-1,-1,-1
864,17,96,332,20,39,-1,-1,-1,-1
865,17,96,331,21,39,-1,-1,-1,-1
866,17,96,330,21,39,-1,-1,-1,-1
867,17,96,331,21,39,-1,-1,-1,-1
835,15,621,574,45,79,-1,-1,-1,-1
836,15,626,575,42,83,-1,-1,-1,-1
837,15,626,574,43,83,-1,-1,-1,-1
838,15,626,574,44,82,-1,-1,-1,-1
839,15,628,575,44,82,-1,-1,-1,-1
840,15,627,575,48,83,-1,-1,-1,-1
841,15,628,574,45,82,-1,-1,-1,-1
842,15,631,574,46,82,-1,-1,-1,-1
843,15,633,576,44,80,-1,-1,-1,-1
844,15,640,576,39,78,-1,-1,-1,-1
845,15,638,576,42,79,-1,-1,-1,-1
846,15,641,573,45,81,-1,-1,-1,-1
847,15,641,575,45,80,-1,-1,-1,-1
848,15,642,573,46,81,-1,-1,-1,-1
849,15,643,574,46,80,-1,-1,-1,-1
850,15,642,574,47,79,-1,-1,-1,-1
851,15,645,574,46,82,-1,-1,-1,-1
852,15,649,573,44,83,-1,-1,-1,-1
853,15,650,574,44,82,-1,-1,-1,-1
854,15,652,574,44,82,-1,-1,-1,-1
855,15,652,571,45,84,-1,-1,-1,-1
856,15,653,570,45,86,-1,-1,-1,-1
857,15,653,568,47,88,-1,-1,-1,-1
858,15,656,571,47,83,-1,-1,-1,-1
859,15,661,568,44,83,-1,-1,-1,-1
860,15,661,568,43,83,-1,-1,-1,-1
861,15,662,567,49,87,-1,-1,-1,-1
862,15,663,566,51,88,-1,-1,-1,-1
863,15,664,569,47,85,-1,-1,-1,-1
864,15,664,567,49,83,-1,-1,-1,-1
865,15,670,571,43,79,-1,-1,-1,-1
866,15,670,573,44,80,-1,-1,-1,-1
867,15,673,572,44,81,-1,-1,-1,-1
868,15,675,569,43,82,-1,-1,-1,-1
869,15,674,568,45,85,-1,-1,-1,-1
870,15,675,568,46,81,-1,-1,-1,-1
871,15,678,569,41,76,-1,-1,-1,-1
872,15,678,568,45,80,-1,-1,-1,-1
873,15,680,568,44,80,-1,-1,-1,-1
874,15,682,566,43,82,-1,-1,-1,-1
875,15,684,566,45,84,-1,-1,-1,-1
876,15,684,566,46,86,-1,-1,-1,-1
877,15,686,562,45,87,-1,-1,-1,-1
878,15,688,563,46,86,-1,-1,-1,-1
879,15,691,565,44,79,-1,-1,-1,-1
880,15,692,566,43,75,-1,-1,-1,-1
881,15,693,565,43,77,-1,-1,-1,-1
882,15,695,564,42,73,-1,-1,-1,-1
883,15,698,562,42,78,-1,-1,-1,-1
884,15,698,562,43,75,-1,-1,-1,-1
885,15,702,560,41,73,-1,-1,-1,-1
886,15,699,561,44,77,-1,-1,-1,-1
887,15,702,561,44,77,-1,-1,-1,-1
888,15,707,559,42,79,-1,-1,-1,-1
889,15,707,559,45,80,-1,-1,-1,-1
890,15,710,557,42,82,-1,-1,-1,-1
891,15,711,558,42,78,-1,-1,-1,-1
892,15,713,556,42,77,-1,-1,-1,-1
895,15,715,558,45,81,-1,-1,-1,-1
896,15,717,558,45,74,-1,-1,-1,-1
897,15,717,556,46,78,-1,-1,-1,-1
898,15,719,556,46,79,-1,-1,-1,-1
899,15,721,555,44,78,-1,-1,-1,-1
900,15,722,557,43,72,-1,-1,-1,-1
901,15,725,559,41,67,-1,-1,-1,-1
902,15,730,559,39,70,-1,-1,-1,-1
903,15,733,557,39,72,-1,-1,-1,-1
904,15,733,557,40,76,-1,-1,-1,-1
905,15,731,556,47,83,-1,-1,-1,-1
906,15,733,557,43,79,-1,-1,-1,-1
907,15,734,555,42,81,-1,-1,-1,-1
908,15,737,553,41,79,-1,-1,-1,-1
909,15,737,552,43,80,-1,-1,-1,-1
910,15,738,554,42,81,-1,-1,-1,-1
911,15,741,555,41,77,-1,-1,-1,-1
912,15,740,555,43,77,-1,-1,-1,-1
913,15,742,555,43,75,-1,-1,-1,-1
914,15,744,556,42,73,-1,-1,-1,-1
915,15,746,555,42,75,-1,-1,-1,-1
921,20,759,550,41,76,-1,-1,-1,-1
922,20,758,549,43,80,-1,-1,-1,-1
923,20,760,547,42,80,-1,-1,-1,-1
924,20,760,549,42,79,-1,-1,-1,-1
925,20,761,550,42,79,-1,-1,-1,-1
926,20,765,548,41,77,-1,-1,-1,-1
927,20,768,549,39,76,-1,-1,-1,-1
928,20,769,551,44,75,-1,-1,-1,-1
929,20,772,549,39,74,-1,-1,-1,-1
930,20,769,550,42,77,-1,-1,-1,-1
931,20,772,548,41,75,-1,-1,-1,-1
932,20,775,547,38,73,-1,-1,-1,-1
933,20,775,547,39,74,-1,-1,-1,-1
934,20,776,547,42,76,-1,-1,-1,-1
935,20,776,547,45,77,-1,-1,-1,-1
936,20,780,547,42,71,-1,-1,-1,-1
937,20,782,545,42,76,-1,-1,-1,-1
938,20,783,545,40,75,-1,-1,-1,-1
939,20,782,544,42,77,-1,-1,-1,-1
940,20,783,545,41,74,-1,-1,-1,-1
943,20,783,545,44,81,-1,-1,-1,-1
944,20,786,544,44,81,-1,-1,-1,-1
945,20,787,544,43,80,-1,-1,-1,-1
946,20,790,546,41,75,-1,-1,-1,-1
947,20,792,545,40,74,-1,-1,-1,-1
948,20,795,545,41,72,-1,-1,-1,-1
949,20,794,543,42,75,-1,-1,-1,-1
950,20,793,544,44,73,-1,-1,-1,-1
951,20,797,543,41,73,-1,-1,-1,-1
952,20,800,543,40,75,-1,-1,-1,-1
955,20,803,540,41,78,-1,-1,-1,-1
956,20,805,539,41,81,-1,-1,-1,-1
957,20,807,541,41,77,-1,-1,-1,-1
958,20,808,540,40,78,-1,-1,-1,-1
959,20,809,541,39,73,-1,-1,-1,-1
960,20,809,540,42,76,-1,-1,-1,-1
961,20,812,540,39,65,-1,-1,-1,-1
962,20,814,539,38,67,-1,-1,-1,-1
963,20,816,541,38,68,-1,-1,-1,-1
964,20,817,541,38,71,-1,-1,-1,-1
965,20,817,539,40,76,-1,-1,-1,-1
966,20,819,538,39,74,-1,-1,-1,-1
967,20,821,539,39,73,-1,-1,-1,-1
968,20,823,539,38,70,-1,-1,-1,-1
952,23,142,318,23,41,-1,-1,-1,-1
953,23,143,316,24,41,-1,-1,-1,-1
954,23,144,317,23,40,-1,-1,-1,-1
955,23,143,319,23,40,-1,-1,-1,-1
956,23,143,319,23,39,-1,-1,-1,-1
957,23,144,319,24,39,-1,-1,-1,-1
958,23,137,321,25,38,-1,-1,-1,-1
959,23,144,318,23,41,-1,-1,-1,-1
960,23,145,316,23,41,-1,-1,-1,-1
961,23,146,316,25,40,-1,-1,-1,-1
962,23,146,315,24,41,-1,-1,-1,-1
963,23,147,315,23,40,-1,-1,-1,-1
964,23,147,315,24,40,-1,-1,-1,-1
965,23,147,316,25,40,-1,-1,-1,-1
966,23,147,317,24,39,-1,-1,-1,-1
967,23,147,316,24,39,-1,-1,-1,-1
968,23,148,316,22,39,-1,-1,-1,-1
969,23,144,315,22,40,-1,-1,-1,-1
970,23,143,314,23,41,-1,-1,-1,-1
972,24,159,318,20,36,-1,-1,-1,-1
973,24,156,317,21,37,-1,-1,-1,-1
974,24,158,317,20,37,-1,-1,-1,-1
975,24,159,317,20,37,-1,-1,-1,-1
976,24,158,316,21,39,-1,-1,-1,-1
977,24,158,316,21,38,-1,-1,-1,-1
978,24,158,316,21,38,-1,-1,-1,-1
979,24,158,317,21,37,-1,-1,-1,-1
980,24,160,317,20,38,-1,-1,-1,-1
970,20,825,538,37,71,-1,-1,-1,-1
971,20,826,537,38,77,-1,-1,-1,-1
972,20,825,537,39,78,-1,-1,-1,-1
973,20,827,537,38,77,-1,-1,-1,-1
974,20,827,537,38,76,-1,-1,-1,-1
975,20,828,536,38,76,-1,-1,-1,-1
976,20,830,532,40,79,-1,-1,-1,-1
977,20,831,533,40,78,-1,-1,-1,-1
978,20,832,530,40,79,-1,-1,-1,-1
979,20,834,533,38,71,-1,-1,-1,-1
980,20,833,532,41,75,-1,-1,-1,-1
981,20,833,530,43,78,-1,-1,-1,-1
982,20,836,531,41,76,-1,-1,-1,-1
983,20,838,532,37,72,-1,-1,-1,-1
984,20,839,531,38,75,-1,-1,-1,-1
985,20,839,530,39,75,-1,-1,-1,-1
986,20,839,528,41,78,-1,-1,-1,-1
987,20,841,530,41,78,-1,-1,-1,-1
988,20,843,531,39,78,-1,-1,-1,-1
989,20,844,531,39,76,-1,-1,-1,-1
990,20,845,531,39,76,-1,-1,-1,-1
991,20,846,531,40,76,-1,-1,-1,-1
992,20,848,531,38,75,-1,-1,-1,-1
993,20,850,532,38,73,-1,-1,-1,-1
994,20,852,533,37,73,-1,-1,-1,-1
995,20,852,531,38,75,-1,-1,-1,-1
996,20,854,530,37,75,-1,-1,-1,-1
997,20,853,531,38,74,-1,-1,-1,-1
998,20,855,529,40,77,-1,-1,-1,-1
999,20,858,529,39,74,-1,-1,-1,-1
1000,20,859,528,39,74,-1,-1,-1,-1
1001,20,859,526,41,75,-1,-1,-1,-1
1002,20,861,526,39,73,-1,-1,-1,-1
1003,20,861,524,38,78,-1,-1,-1,-1
1004,20,861,524,39,78,-1,-1,-1,-1
1005,20,865,524,37,77,-1,-1,-1,-1
1006,20,864,522,39,78,-1,-1,-1,-1
1007,20,865,523,39,75,-1,-1,-1,-1
1018,26,877,519,40,78,-1,-1,-1,-1
1019,26,877,521,40,73,-1,-1,-1,-1
1020,26,877,520,40,76,-1,-1,-1,-1
1021,26,878,521,40,73,-1,-1,-1,-1
1022,26,879,520,41,76,-1,-1,-1,-1
1023,26,881,519,39,76,-1,-1,-1,-1
1024,26,882,520,39,75,-1,-1,-1,-1
1025,26,884,520,38,76,-1,-1,-1,-1
1026,26,884,518,38,76,-1,-1,-1,-1
1027,26,886,518,38,75,-1,-1,-1,-1
1028,26,886,519,39,74,-1,-1,-1,-1
1029,26,886,518,40,75,-1,-1,-1,-1
1030,26,887,519,41,75,-1,-1,-1,-1
1031,26,888,519,41,74,-1,-1,-1,-1
1032,26,890,519,41,74,-1,-1,-1,-1
1033,26,891,520,40,73,-1,-1,-1,-1
1034,26,892,519,39,74,-1,-1,-1,-1
1035,26,893,518,39,74,-1,-1,-1,-1
1036,26,893,517,40,75,-1,-1,-1,-1
1037,26,894,517,40,76,-1,-1,-1,-1
1038,26,895,516,41,76,-1,-1,-1,-1
1039,26,896,516,40,76,-1,-1,-1,-1
1040,26,896,516,41,74,-1,-1,-1,-1
1041,26,899,514,39,80,-1,-1,-1,-1
1042,26,899,514,40,80,-1,-1,-1,-1
1043,26,900,515,39,77,-1,-1,-1,-1
1044,26,900,515,40,75,-1,-1,-1,-1
1045,26,900,517,37,71,-1,-1,-1,-1
1046,26,901,516,39,73,-1,-1,-1,-1
1047,26,903,514,39,73,-1,-1,-1,-1
1048,26,904,514,39,74,-1,-1,-1,-1
1049,26,905,513,38,74,-1,-1,-1,-1
1050,26,906,513,38,73,-1,-1,-1,-1
1051,26,906,512,39,75,-1,-1,-1,-1
1052,26,907,511,39,77,-1,-1,-1,-1
1053,26,907,510,40,79,-1,-1,-1,-1
1054,26,908,510,40,78,-1,-1,-1,-1
1055,26,909,510,40,79,-1,-1,-1,-1
1056,26,909,510,41,79,-1,-1,-1,-1
1057,26,911,510,40,76,-1,-1,-1,-1
1058,26,911,510,42,76,-1,-1,-1,-1
1059,26,913,511,41,76,-1,-1,-1,-1
1060,26,915,512,40,75,-1,-1,-1,-1
1061,26,916,512,40,73,-1,-1,-1,-1
1062,26,917,512,40,73,-1,-1,-1,-1
1063,26,918,512,40,73,-1,-1,-1,-1
1064,26,919,512,40,72,-1,-1,-1,-1
1065,26,922,510,39,74,-1,-1,-1,-1
1066,26,923,507,37,76,-1,-1,-1,-1
1093,27,216,316,18,36,-1,-1,-1,-1
1094,27,214,318,18,35,-1,-1,-1,-1
1095,27,219,316,18,37,-1,-1,-1,-1
1161,28,249,313,21,41,-1,-1,-1,-1
1162,28,248,314,21,41,-1,-1,-1,-1
1163,28,248,313,21,40,-1,-1,-1,-1
1068,26,925,509,37,72,-1,-1,-1,-1
1069,26,927,508,35,72,-1,-1,-1,-1
1070,26,927,508,36,72,-1,-1,-1,-1
1071,26,927,507,37,74,-1,-1,-1,-1
1072,26,928,506,37,75,-1,-1,-1,-1
1073,26,927,504,40,77,-1,-1,-1,-1
1074,26,928,505,40,75,-1,-1,-1,-1
1075,26,930,506,38,73,-1,-1,-1,-1
1076,26,930,506,39,74,-1,-1,-1,-1
1077,26,931,506,39,72,-1,-1,-1,-1
1078,26,932,505,39,74,-1,-1,-1,-1
1079,26,933,504,40,75,-1,-1,-1,-1
1080,26,936,503,38,75,-1,-1,-1,-1
1081,26,936,503,39,76,-1,-1,-1,-1
1082,26,937,502,38,75,-1,-1,-1,-1
1083,26,938,502,37,76,-1,-1,-1,-1
1084,26,938,502,38,77,-1,-1,-1,-1
1085,26,938,501,39,75,-1,-1,-1,-1
1086,26,937,499,41,81,-1,-1,-1,-1
1087,26,939,499,41,81,-1,-1,-1,-1
1088,26,944,501,39,77,-1,-1,-1,-1
1089,26,943,500,42,76,-1,-1,-1,-1
1090,26,942,499,42,78,-1,-1,-1,-1
1091,26,943,498,42,79,-1,-1,-1,-1
1092,26,942,498,44,81,-1,-1,-1,-1
1093,26,943,498,43,80,-1,-1,-1,-1
1094,26,946,504,39,72,-1,-1,-1,-1
1095,26,948,501,40,76,-1,-1,-1,-1
1096,26,949,502,39,74,-1,-1,-1,-1
1097,26,950,501,39,74,-1,-1,-1,-1
1098,26,950,499,40,76,-1,-1,-1,-1
1099,26,951,497,40,76,-1,-1,-1,-1
1100,26,951,496,41,77,-1,-1,-1,-1
1101,26,952,495,41,77,-1,-1,-1,-1
1102,26,954,496,40,76,-1,-1,-1,-1
1103,26,955,496,40,75,-1,-1,-1,-1
1104,26,957,496,38,74,-1,-1,-1,-1
1105,26,958,497,38,74,-1,-1,-1,-1
1106,26,959,498,38,72,-1,-1,-1,-1
1107,26,960,496,38,71,-1,-1,-1,-1
1108,26,961,496,38,71,-1,-1,-1,-1
1109,26,961,496,40,73,-1,-1,-1,-1
1110,26,963,496,39,72,-1,-1,-1,-1
1111,26,965,494,38,74,-1,-1,-1,-1
1112,26,966,495,39,72,-1,-1,-1,-1
1113,26,966,493,40,72,-1,-1,-1,-1
1114,26,966,493,42,73,-1,-1,-1,-1
1115,26,967,493,43,73,-1,-1,-1,-1
1116,26,967,494,42,73,-1,-1,-1,-1
1117,26,968,494,44,73,-1,-1,-1,-1
1118,26,970,493,41,73,-1,-1,-1,-1
1119,26,971,493,41,73,-1,-1,-1,-1
1120,26,972,492,41,71,-1,-1,-1,-1
1121,26,973,492,40,70,-1,-1,-1,-1
1122,26,974,491,40,71,-1,-1,-1,-1
1123,26,975,491,39,70,-1,-1,-1,-1
1124,26,976,492,38,69,-1,-1,-1,-1
1125,26,976,492,40,70,-1,-1,-1,-1
1126,26,978,492,39,69,-1,-1,-1,-1
1127,26,979,494,40,67,-1,-1,-1,-1
1128,26,980,494,40,69,-1,-1,-1,-1
1129,26,982,494,38,68,-1,-1,-1,-1
1130,26,985,494,39,66,-1,-1,-1,-1
1131,26,988,492,37,66,-1,-1,-1,-1
1132,26,989,492,39,67,-1,-1,-1,-1
1133,26,991,491,38,67,-1,-1,-1,-1
1134,26,989,492,39,70,-1,-1,-1,-1
1135,26,991,490,41,71,-1,-1,-1,-1
1136,26,991,492,39,70,-1,-1,-1,-1
1137,26,992,492,39,69,-1,-1,-1,-1
1138,26,995,490,37,68,-1,-1,-1,-1
1139,26,995,491,38,67,-1,-1,-1,-1
1140,26,996,491,38,67,-1,-1,-1,-1
1141,26,996,491,39,66,-1,-1,-1,-1
1142,26,995,492,41,67,-1,-1,-1,-1
1143,26,998,492,40,65,-1,-1,-1,-1
1144,26,1000,493,39,65,-1,-1,-1,-1
1145,26,1003,492,38,65,-1,-1,-1,-1
1146,26,1004,491,39,67,-1,-1,-1,-1
1147,26,1003,491,42,66,-1,-1,-1,-1
1148,26,1006,491,39,65,-1,-1,-1,-1
1149,26,1007,491,42,64,-1,-1,-1,-1
1150,26,1012,490,38,66,-1,-1,-1,-1
1151,26,1011,488,40,68,-1,-1,-1,-1
1152,26,1012,487,41,69,-1,-1,-1,-1
1153,26,1012,487,42,71,-1,-1,-1,-1
1154,26,1014,487,40,70,-1,-1,-1,-1
1155,26,1016,487,38,69,-1,-1,-1,-1
1156,26,1016,491,35,67,-1,-1,-1,-1
1157,26,1016,491,36,67,-1,-1,-1,-1
1158,26,1016,490,36,69,-1,-1,-1,-1
1159,26,1017,491,36,70,-1,-1,-1,-1
1160,26,1017,491,36,71,-1,-1,-1,-1
1161,26,1017,491,37,70,-1,-1,-1,-1
1162,26,1018,490,36,71,-1,-1,-1,-1
1163,26,1017,490,38,72,-1,-1,-1,-1
1164,26,1017,490,38,72,-1,-1,-1,-1
1165,26,1018,491,37,72,-1,-1,-1,-1
1166,26,1019,491,37,71,-1,-1,-1,-1
1167,26,1019,491,37,70,-1,-1,-1,-1
1168,26,1020,490,36,71,-1,-1,-1,-1
1169,26,1019,490,38,71,-1,-1,-1,-1
1170,26,1021,489,37,70,-1,-1,-1,-1
1171,26,1022,490,36,68,-1,-1,-1,-1
1172,26,1020,490,37,68,-1,-1,-1,-1
1173,26,1020,490,37,69,-1,-1,-1,-1
1174,26,1021,490,36,68,-1,-1,-1,-1
1175,26,1021,490,37,69,-1,-1,-1,-1
1176,26,1021,490,37,69,-1,-1,-1,-1
1177,26,1022,491,36,69,-1,-1,-1,-1
1178,26,1022,491,36,69,-1,-1,-1,-1
1179,26,1022,491,37,69,-1,-1,-1,-1
1180,26,1022,491,37,69,-1,-1,-1,-1
1181,26,1022,491,37,69,-1,-1,-1,-1
1182,26,1023,491,36,68,-1,-1,-1,-1
1183,26,1023,492,36,68,-1,-1,-1,-1
1184,26,1023,492,36,68,-1,-1,-1,-1
1185,26,1023,492,36,68,-1,-1,-1,-1
1186,26,1023,492,35,67,-1,-1,-1,-1
1187,26,1023,492,35,67,-1,-1,-1,-1
1188,26,1023,491,36,69,-1,-1,-1,-1
1189,26,1024,492,36,68,-1,-1,-1,-1
1190,26,1024,492,36,68,-1,-1,-1,-1
1191,26,1024,492,37,67,-1,-1,-1,-1
1192,26,1023,492,36,67,-1,-1,-1,-1
1193,26,1024,493,35,67,-1,-1,-1,-1
1194,26,1024,493,36,67,-1,-1,-1,-1
1195,26,1025,494,35,66,-1,-1,-1,-1
1196,26,1025,494,35,66,-1,-1,-1,-1
1197,26,1024,495,35,65,-1,-1,-1,-1
1198,26,1025,495,34,64,-1,-1,-1,-1
1199,26,1025,496,34,63,-1,-1,-1,-1
1200,26,1025,496,34,63,-1,-1,-1,-1
1201,26,1025,497,33,62,-1,-1,-1,-1
1202,26,1026,497,33,62,-1,-1,-1,-1
1203,26,1026,497,32,62,-1,-1,-1,-1
1204,26,1026,496,32,63,-1,-1,-1,-1
1205,26,1025,496,34,63,-1,-1,-1,-1
1206,26,1026,496,33,63,-1,-1,-1,-1
1207,26,1026,496,33,62,-1,-1,-1,-1
1208,26,1026,495,34,63,-1,-1,-1,-1
1209,26,1027,495,33,64,-1,-1,-1,-1
1210,26,1027,495,33,64,-1,-1,-1,-1
1211,26,1028,495,33,64,-1,-1,-1,-1
1212,26,1028,493,34,66,-1,-1,-1,-1
1213,26,1029,493,34,66,-1,-1,-1,-1
1214,26,1029,493,35,66,-1,-1,-1,-1
1215,26,1030,493,34,65,-1,-1,-1,-1
1216,26,1030,492,35,67,-1,-1,-1,-1
1217,26,1030,492,35,67,-1,-1,-1,-1
1218,26,1030,491,36,68,-1,-1,-1,-1
1219,26,1031,491,35,68,-1,-1,-1,-1
1220,26,1030,490,35,68,-1,-1,-1,-1
1221,26,1031,490,36,69,-1,-1,-1,-1
1222,26,1032,490,35,69,-1,-1,-1,-1
1223,26,1032,490,34,68,-1,-1,-1,-1
1224,26,1031,488,36,69,-1,-1,-1,-1
1225,26,1030,488,35,68,-1,-1,-1,-1
1226,26,1031,487,35,71,-1,-1,-1,-1
1227,26,1032,489,36,68,-1,-1,-1,-1
1228,26,1031,489,36,67,-1,-1,-1,-1
1229,26,1034,489,34,68,-1,-1,-1,-1
1230,26,1033,487,36,71,-1,-1,-1,-1
1231,26,1035,489,35,67,-1,-1,-1,-1
1232,26,1035,488,36,68,-1,-1,-1,-1
1233,26,1035,489,36,67,-1,-1,-1,-1
1234,26,1035,489,36,67,-1,-1,-1,-1
1235,26,1035,489,36,67,-1,-1,-1,-1
1236,26,1036,489,36,67,-1,-1,-1,-1
1237,26,1035,489,37,67,-1,-1,-1,-1
1238,26,1035,490,37,66,-1,-1,-1,-1
1239,26,1035,490,37,67,-1,-1,-1,-1
1240,26,1035,490,37,66,-1,-1,-1,-1
1241,26,1036,490,37,66,-1,-1,-1,-1
1242,26,1037,490,36,66,-1,-1,-1,-1
1243,26,1037,489,35,66,-1,-1,-1,-1
1244,26,1037,489,36,66,-1,-1,-1,-1
1245,26,1037,489,36,66,-1,-1,-1,-1
1246,26,1037,489,35,67,-1,-1,-1,-1
1247,26,1037,489,35,66,-1,-1,-1,-1
1248,26,1036,489,36,67,-1,-1,-1,-1
1249,26,1037,489,36,67,-1,-1,-1,-1
1250,26,1037,489,36,67,-1,-1,-1,-1
1251,26,1037,489,36,67,-1,-1,-1,-1
1252,26,1037,489,35,67,-1,-1,-1,-1
1253,26,1036,489,36,67,-1,-1,-1,-1
1254,26,1036,489,35,67,-1,-1,-1,-1
1255,26,1036,489,36,67,-1,-1,-1,-1
1256,26,1037,490,36,68,-1,-1,-1,-1
1257,26,1037,490,35,68,-1,-1,-1,-1
1258,26,1036,490,36,68,-1,-1,-1,-1
1259,26,1032,489,37,68,-1,-1,-1,-1
1260,26,1033,489,36,67,-1,-1,-1,-1
1261,26,1031,490,37,66,-1,-1,-1,-1
1262,26,1032,490,36,67,-1,-1,-1,-1
1263,26,1032,490,37,66,-1,-1,-1,-1
1264,26,1032,490,37,67,-1,-1,-1,-1
1265,26,1032,491,36,66,-1,-1,-1,-1
1266,26,1031,491,37,66,-1,-1,-1,-1
1267,26,1030,491,37,66,-1,-1,-1,-1
1268,26,1030,491,38,66,-1,-1,-1,-1
1269,26,1030,491,37,66,-1,-1,-1,-1
1270,26,1029,491,37,68,-1,-1,-1,-1
1271,26,1028,490,38,68,-1,-1,-1,-1
1272,26,1031,491,36,65,-1,-1,-1,-1
1273,26,1029,491,38,66,-1,-1,-1,-1
1274,26,1029,491,38,66,-1,-1,-1,-1
1275,26,1029,491,38,66,-1,-1,-1,-1
1276,26,1030,491,37,66,-1,-1,-1,-1
1277,26,1029,491,37,66,-1,-1,-1,-1
1278,26,1029,490,37,67,-1,-1,-1,-1
1279,26,1028,490,38,67,-1,-1,-1,-1
1280,26,1027,490,38,69,-1,-1,-1,-1
1281,26,1030,490,37,66,-1,-1,-1,-1
1282,26,1030,490,37,67,-1,-1,-1,-1
1283,26,1028,489,39,70,-1,-1,-1,-1
1284,26,1028,489,38,69,-1,-1,-1,-1
1285,26,1029,490,38,68,-1,-1,-1,-1
1286,26,1028,488,39,71,-1,-1,-1,-1
1287,26,1029,488,38,71,-1,-1,-1,-1
1288,26,1029,488,37,69,-1,-1,-1,-1
1289,26,1029,489,36,67,-1,-1,-1,-1
1290,26,1029,488,36,68,-1,-1,-1,-1
1291,26,1029,489,36,67,-1,-1,-1,-1
1294,26,1030,488,36,69,-1,-1,-1,-1
1295,26,1030,488,36,69,-1,-1,-1,-1
1296,26,1032,487,36,72,-1,-1,-1,-1
1738,31,965,499,33,59,-1,-1,-1,-1
1739,31,964,498,34,59,-1,-1,-1,-1
1740,31,965,498,34,60,-1,-1,-1,-1
1742,31,964,497,34,61,-1,-1,-1,-1
1743,31,964,496,36,63,-1,-1,-1,-1
1744,31,964,496,35,63,-1,-1,-1,-1
1745,31,963,495,37,64,-1,-1,-1,-1
1746,31,968,493,36,69,-1,-1,-1,-1
1747,31,969,493,37,69,-1,-1,-1,-1
1748,31,969,493,27,59,-1,-1,-1,-1
1749,31,969,493,26,59,-1,-1,-1,-1
1750,31,970,492,36,67,-1,-1,-1,-1
1751,31,970,492,33,67,-1,-1,-1,-1
1752,31,971,492,31,66,-1,-1,-1,-1
1753,31,971,493,32,65,-1,-1,-1,-1
1696,33,1023,485,38,72,-1,-1,-1,-1
1697,33,1023,485,38,72,-1,-1,-1,-1
1698,33,1023,486,38,72,-1,-1,-1,-1
1699,33,1023,485,38,72,-1,-1,-1,-1
1700,33,1022,486,38,73,-1,-1,-1,-1
1701,33,1022,486,38,70,-1,-1,-1,-1
1702,33,1022,486,38,72,-1,-1,-1,-1
1703,33,1021,487,39,73,-1,-1,-1,-1
1704,33,1020,487,40,72,-1,-1,-1,-1
1705,33,1020,488,40,72,-1,-1,-1,-1
1706,33,1019,487,40,73,-1,-1,-1,-1
1707,33,1019,488,40,72,-1,-1,-1,-1
1708,33,1018,487,39,70,-1,-1,-1,-1
1709,33,1018,487,39,72,-1,-1,-1,-1
1710,33,1018,487,38,71,-1,-1,-1,-1
1711,33,1017,486,41,73,-1,-1,-1,-1
1712,33,1017,486,41,73,-1,-1,-1,-1
1713,33,1017,487,39,71,-1,-1,-1,-1
1714,33,1017,487,39,73,-1,-1,-1,-1
1715,33,1017,488,38,71,-1,-1,-1,-1
1716,33,1018,488,37,72,-1,-1,-1,-1
1717,33,1018,488,38,70,-1,-1,-1,-1
1718,33,1017,488,37,71,-1,-1,-1,-1
1719,33,1018,487,37,70,-1,-1,-1,-1
1720,33,1016,488,37,70,-1,-1,-1,-1
1721,33,1016,489,37,68,-1,-1,-1,-1
1722,33,1015,489,37,68,-1,-1,-1,-1
1723,33,1014,487,39,72,-1,-1,-1,-1
1724,33,1013,488,39,71,-1,-1,-1,-1
1725,33,1014,488,37,69,-1,-1,-1,-1
1726,33,1014,487,36,71,-1,-1,-1,-1
1727,33,1013,489,36,68,-1,-1,-1,-1
1728,33,1012,489,37,69,-1,-1,-1,-1
1729,33,1010,488,38,70,-1,-1,-1,-1
1730,33,1008,488,40,71,-1,-1,-1,-1
1731,33,1013,490,36,68,-1,-1,-1,-1
1732,33,1009,491,36,67,-1,-1,-1,-1
1733,33,1008,491,36,65,-1,-1,-1,-1
1734,33,1005,489,39,68,-1,-1,-1,-1
1735,33,1003,488,39,68,-1,-1,-1,-1
1736,33,1003,488,38,70,-1,-1,-1,-1
1737,33,1003,489,37,69,-1,-1,-1,-1
1738,33,1001,489,37,68,-1,-1,-1,-1
1739,33,1001,489,37,68,-1,-1,-1,-1
1740,33,1000,489,38,68,-1,-1,-1,-1
1741,33,998,489,38,68,-1,-1,-1,-1
1742,33,995,489,39,65,-1,-1,-1,-1
1743,33,993,489,40,63,-1,-1,-1,-1
1744,33,997,488,36,70,-1,-1,-1,-1
1745,33,995,488,41,69,-1,-1,-1,-1
1746,33,977,488,58,71,-1,-1,-1,-1
1747,33,980,488,55,70,-1,-1,-1,-1
1748,33,975,489,55,72,-1,-1,-1,-1
1749,33,974,489,54,71,-1,-1,-1,-1
1750,33,995,489,33,68,-1,-1,-1,-1
1751,33,994,490,34,67,-1,-1,-1,-1
1752,33,980,488,47,73,-1,-1,-1,-1
1753,33,981,489,46,71,-1,-1,-1,-1
1754,33,990,489,38,67,-1,-1,-1,-1
1755,33,990,489,38,66,-1,-1,-1,-1
1756,33,989,488,39,68,-1,-1,-1,-1
1757,33,988,488,39,67,-1,-1,-1,-1
1758,33,986,489,40,68,-1,-1,-1,-1
1759,33,983,490,40,68,-1,-1,-1,-1
1760,33,984,489,39,66,-1,-1,-1,-1
1761,33,982,490,39,70,-1,-1,-1,-1
1762,33,982,490,39,69,-1,-1,-1,-1
1763,33,985,490,35,68,-1,-1,-1,-1
1764,33,984,491,35,67,-1,-1,-1,-1
1765,33,983,489,36,69,-1,-1,-1,-1
1766,33,982,489,36,69,-1,-1,-1,-1
1767,33,979,489,41,70,-1,-1,-1,-1
1768,33,980,489,40,69,-1,-1,-1,-1
1769,33,978,489,41,68,-1,-1,-1,-1
1770,33,979,491,40,66,-1,-1,-1,-1
1771,33,979,491,40,66,-1,-1,-1,-1
1772,33,974,490,40,67,-1,-1,-1,-1
1773,33,979,492,39,67,-1,-1,-1,-1
1774,33,977,491,41,68,-1,-1,-1,-1
1775,33,976,491,41,68,-1,-1,-1,-1
1776,33,977,491,41,68,-1,-1,-1,-1
1777,33,975,491,42,67,-1,-1,-1,-1
1778,33,977,491,40,68,-1,-1,-1,-1
1779,33,976,492,40,67,-1,-1,-1,-1
1780,33,975,493,41,67,-1,-1,-1,-1
1781,33,974,492,40,67,-1,-1,-1,-1
1782,33,976,493,38,67,-1,-1,-1,-1
1783,33,974,492,41,67,-1,-1,-1,-1
1784,33,972,493,39,69,-1,-1,-1,-1
1785,33,972,493,37,71,-1,-1,-1,-1
1786,33,973,492,37,69,-1,-1,-1,-1
1787,33,971,491,38,72,-1,-1,-1,-1
1788,33,970,491,38,73,-1,-1,-1,-1
1789,33,968,492,39,72,-1,-1,-1,-1
1790,33,970,492,37,71,-1,-1,-1,-1
1791,33,972,493,34,70,-1,-1,-1,-1
1792,33,972,493,33,72,-1,-1,-1,-1
1793,33,972,493,32,70,-1,-1,-1,-1
1794,33,970,494,34,69,-1,-1,-1,-1
1795,33,970,494,33,69,-1,-1,-1,-1
1796,33,971,495,33,70,-1,-1,-1,-1
1797,33,971,494,33,73,-1,-1,-1,-1
1798,33,970,496,33,69,-1,-1,-1,-1
1799,33,968,496,34,72,-1,-1,-1,-1
1800,33,968,497,34,70,-1,-1,-1,-1
1801,33,969,496,33,71,-1,-1,-1,-1
1802,33,969,496,33,71,-1,-1,-1,-1
1803,33,967,494,34,73,-1,-1,-1,-1
1804,33,966,495,35,71,-1,-1,-1,-1
1805,33,963,492,36,77,-1,-1,-1,-1
1806,33,963,491,36,78,-1,-1,-1,-1
1807,33,966,493,33,73,-1,-1,-1,-1
1808,33,965,493,33,73,-1,-1,-1,-1
1809,33,962,493,36,76,-1,-1,-1,-1
1810,33,964,496,35,72,-1,-1,-1,-1
1811,33,965,495,36,73,-1,-1,-1,-1
1812,33,964,495,35,75,-1,-1,-1,-1
1813,33,963,496,35,75,-1,-1,-1,-1
1814,33,963,496,35,74,-1,-1,-1,-1
1815,33,960,495,36,76,-1,-1,-1,-1
1816,33,960,495,36,77,-1,-1,-1,-1
1817,33,959,494,36,79,-1,-1,-1,-1
1818,33,960,494,36,79,-1,-1,-1,-1
1819,33,958,493,36,80,-1,-1,-1,-1
1820,33,958,492,35,82,-1,-1,-1,-1
1821,33,958,493,35,80,-1,-1,-1,-1
1822,33,958,493,35,81,-1,-1,-1,-1
1823,33,957,494,36,80,-1,-1,-1,-1
1824,33,954,494,36,80,-1,-1,-1,-1
1825,33,952,493,35,82,-1,-1,-1,-1
1826,33,955,494,33,79,-1,-1,-1,-1
1827,33,952,494,36,78,-1,-1,-1,-1
1828,33,951,493,37,79,-1,-1,-1,-1
1829,33,951,493,37,79,-1,-1,-1,-1
1830,33,951,493,36,79,-1,-1,-1,-1
1831,33,953,494,34,79,-1,-1,-1,-1
1832,33,952,493,35,77,-1,-1,-1,-1
1833,33,952,493,35,78,-1,-1,-1,-1
1834,33,952,495,34,76,-1,-1,-1,-1
1835,33,951,492,36,79,-1,-1,-1,-1
1836,33,952,493,35,78,-1,-1,-1,-1
1837,33,953,493,35,78,-1,-1,-1,-1
1838,33,953,494,36,78,-1,-1,-1,-1
1839,33,952,494,37,77,-1,-1,-1,-1
1840,33,953,495,38,76,-1,-1,-1,-1
1841,33,953,495,38,77,-1,-1,-1,-1
1842,33,954,496,37,76,-1,-1,-1,-1
1843,33,955,495,37,76,-1,-1,-1,-1
1844,33,955,496,36,75,-1,-1,-1,-1
1845,33,955,496,36,75,-1,-1,-1,-1
1846,33,955,495,37,76,-1,-1,-1,-1
1847,33,955,495,36,77,-1,-1,-1,-1
1848,33,955,495,37,77,-1,-1,-1,-1
1849,33,955,495,37,78,-1,-1,-1,-1
1850,33,955,495,37,77,-1,-1,-1,-1
1851,33,956,494,36,78,-1,-1,-1,-1
1852,33,956,494,36,79,-1,-1,-1,-1
1853,33,956,493,35,78,-1,-1,-1,-1
1854,33,956,492,35,79,-1,-1,-1,-1
1855,33,957,491,35,79,-1,-1,-1,-1
1856,33,958,492,34,78,-1,-1,-1,-1
1857,33,957,491,35,77,-1,-1,-1,-1
1858,33,958,490,35,78,-1,-1,-1,-1
1859,33,957,491,36,78,-1,-1,-1,-1
1860,33,958,491,36,77,-1,-1,-1,-1
1861,33,958,489,36,78,-1,-1,-1,-1
1862,33,961,488,32,69,-1,-1,-1,-1
1863,33,961,488,32,69,-1,-1,-1,-1
1864,33,961,488,32,69,-1,-1,-1,-1
1865,33,962,488,31,69,-1,-1,-1,-1
1866,33,962,489,31,68,-1,-1,-1,-1
1867,33,962,489,32,68,-1,-1,-1,-1
1868,33,959,490,36,79,-1,-1,-1,-1
1869,33,958,490,36,78,-1,-1,-1,-1
1870,33,959,493,38,74,-1,-1,-1,-1
1871,33,962,491,33,68,-1,-1,-1,-1
1872,33,962,490,33,69,-1,-1,-1,-1
1873,33,958,492,39,75,-1,-1,-1,-1
1874,33,961,491,33,67,-1,-1,-1,-1
1875,33,958,491,38,76,-1,-1,-1,-1
1876,33,957,491,38,76,-1,-1,-1,-1
1877,33,957,492,38,76,-1,-1,-1,-1
1878,33,957,491,38,77,-1,-1,-1,-1
1879,33,957,492,38,76,-1,-1,-1,-1
1880,33,957,492,38,77,-1,-1,-1,-1
1881,33,957,491,38,78,-1,-1,-1,-1
1882,33,957,492,38,77,-1,-1,-1,-1
1883,33,956,492,38,77,-1,-1,-1,-1
1884,33,956,492,37,77,-1,-1,-1,-1
1885,33,955,492,38,78,-1,-1,-1,-1
1886,33,955,492,37,78,-1,-1,-1,-1
1887,33,955,492,37,77,-1,-1,-1,-1
1888,33,955,492,36,76,-1,-1,-1,-1
1889,33,955,492,36,76,-1,-1,-1,-1
1890,33,955,492,35,77,-1,-1,-1,-1
1891,33,955,492,35,76,-1,-1,-1,-1
1892,33,955,491,35,77,-1,-1,-1,-1
1893,33,954,492,35,76,-1,-1,-1,-1
1894,33,954,492,35,76,-1,-1,-1,-1
1895,33,954,492,35,76,-1,-1,-1,-1
1896,33,954,492,35,76,-1,-1,-1,-1
1897,33,954,493,36,75,-1,-1,-1,-1
1898,33,954,493,36,75,-1,-1,-1,-1
1899,33,954,492,36,75,-1,-1,-1,-1
1900,33,953,493,36,74,-1,-1,-1,-1
1901,33,953,492,37,74,-1,-1,-1,-1
1902,33,953,492,36,74,-1,-1,-1,-1
1903,33,953,492,37,73,-1,-1,-1,-1
1904,33,954,492,36,74,-1,-1,-1,-1
1905,33,953,492,36,75,-1,-1,-1,-1
1906,33,953,492,35,74,-1,-1,-1,-1
1907,33,953,492,36,74,-1,-1,-1,-1
1908,33,953,493,35,73,-1,-1,-1,-1
1909,33,953,493,35,74,-1,-1,-1,-1
1910,33,953,492,35,73,-1,-1,-1,-1
1911,33,954,491,34,75,-1,-1,-1,-1
1912,33,953,491,35,74,-1,-1,-1,-1
1913,33,953,492,35,74,-1,-1,-1,-1
1914,33,953,492,35,73,-1,-1,-1,-1
1915,33,953,492,35,73,-1,-1,-1,-1
1916,33,953,492,36,73,-1,-1,-1,-1
1917,33,953,491,36,75,-1,-1,-1,-1
1918,33,953,492,37,73,-1,-1,-1,-1
1919,33,953,491,37,74,-1,-1,-1,-1
1920,33,953,491,37,73,-1,-1,-1,-1
1921,33,953,490,36,75,-1,-1,-1,-1
1922,33,952,490,37,75,-1,-1,-1,-1
1923,33,952,491,38,74,-1,-1,-1,-1
1924,33,953,490,36,74,-1,-1,-1,-1
1925,33,953,490,37,74,-1,-1,-1,-1
1926,33,958,489,32,68,-1,-1,-1,-1
1927,33,958,490,32,68,-1,-1,-1,-1
1928,33,953,489,38,74,-1,-1,-1,-1
1929,33,953,488,38,75,-1,-1,-1,-1
1930,33,952,488,40,75,-1,-1,-1,-1
1931,33,952,488,39,75,-1,-1,-1,-1
1932,33,953,488,38,75,-1,-1,-1,-1
1933,33,953,489,38,74,-1,-1,-1,-1
1934,33,958,488,32,68,-1,-1,-1,-1
1935,33,953,489,37,73,-1,-1,-1,-1
1936,33,958,488,32,67,-1,-1,-1,-1
1937,33,953,489,36,74,-1,-1,-1,-1
1938,33,957,489,32,67,-1,-1,-1,-1
1939,33,953,489,35,75,-1,-1,-1,-1
1940,33,953,489,35,75,-1,-1,-1,-1
1941,33,953,488,35,76,-1,-1,-1,-1
1942,33,952,488,37,75,-1,-1,-1,-1
1943,33,952,488,37,75,-1,-1,-1,-1
1944,33,952,488,37,76,-1,-1,-1,-1
1945,33,953,488,36,76,-1,-1,-1,-1
1946,33,953,488,36,76,-1,-1,-1,-1
1947,33,953,488,36,76,-1,-1,-1,-1
1948,33,953,488,36,76,-1,-1,-1,-1
1949,33,954,489,34,74,-1,-1,-1,-1
1950,33,953,488,35,75,-1,-1,-1,-1
1951,33,952,488,36,75,-1,-1,-1,-1
1952,33,953,488,34,77,-1,-1,-1,-1
1953,33,953,488,34,76,-1,-1,-1,-1
1954,33,952,487,35,78,-1,-1,-1,-1
1955,33,953,488,34,77,-1,-1,-1,-1
1956,33,953,487,34,78,-1,-1,-1,-1
1957,33,951,488,37,78,-1,-1,-1,-1
1958,33,951,488,37,78,-1,-1,-1,-1
1959,33,952,488,36,78,-1,-1,-1,-1
1960,33,952,488,36,77,-1,-1,-1,-1
1961,33,952,488,36,77,-1,-1,-1,-1
1962,33,952,487,36,78,-1,-1,-1,-1
1963,33,952,487,37,79,-1,-1,-1,-1
1964,33,952,487,37,78,-1,-1,-1,-1
1965,33,953,488,36,77,-1,-1,-1,-1
1966,33,953,488,36,76,-1,-1,-1,-1
1967,33,953,488,36,76,-1,-1,-1,-1
1968,33,953,488,37,75,-1,-1,-1,-1
1969,33,953,489,37,75,-1,-1,-1,-1
1970,33,953,488,36,76,-1,-1,-1,-1
1971,33,954,488,36,75,-1,-1,-1,-1
1972,33,953,488,37,76,-1,-1,-1,-1
1973,33,953,488,36,76,-1,-1,-1,-1
1974,33,954,489,34,75,-1,-1,-1,-1
1975,33,953,488,37,76,-1,-1,-1,-1
1976,33,953,488,37,76,-1,-1,-1,-1
1977,33,952,487,38,77,-1,-1,-1,-1
1978,33,953,488,37,76,-1,-1,-1,-1
1979,33,953,488,37,76,-1,-1,-1,-1
1980,33,953,488,36,76,-1,-1,-1,-1
1981,33,953,488,35,78,-1,-1,-1,-1
1982,33,952,489,35,78,-1,-1,-1,-1
1983,33,952,489,36,78,-1,-1,-1,-1
1984,33,952,489,35,78,-1,-1,-1,-1
1985,33,952,489,35,77,-1,-1,-1,-1
1986,33,952,490,35,76,-1,-1,-1,-1
1987,33,953,489,35,76,-1,-1,-1,-1
1988,33,952,489,36,75,-1,-1,-1,-1
1989,33,952,489,36,75,-1,-1,-1,-1
1990,33,953,490,34,74,-1,-1,-1,-1
1991,33,953,490,35,74,-1,-1,-1,-1
1992,33,953,490,35,74,-1,-1,-1,-1
1993,33,953,491,34,74,-1,-1,-1,-1
1994,33,952,491,34,75,-1,-1,-1,-1
1995,33,953,491,33,75,-1,-1,-1,-1
1996,33,953,491,33,75,-1,-1,-1,-1
1997,33,953,490,33,76,-1,-1,-1,-1
1998,33,953,490,33,76,-1,-1,-1,-1
1999,33,952,491,34,75,-1,-1,-1,-1
2000,33,952,491,34,75,-1,-1,-1,-1
2001,33,953,491,33,75,-1,-1,-1,-1
2002,33,952,490,34,76,-1,-1,-1,-1
2003,33,953,490,33,75,-1,-1,-1,-1
2004,33,953,492,34,72,-1,-1,-1,-1
2005,33,953,491,34,73,-1,-1,-1,-1
2006,33,952,490,35,76,-1,-1,-1,-1
2007,33,953,491,34,73,-1,-1,-1,-1
2008,33,953,491,34,73,-1,-1,-1,-1
2009,33,953,492,34,72,-1,-1,-1,-1
2010,33,953,491,34,72,-1,-1,-1,-1
2011,33,954,492,33,71,-1,-1,-1,-1
2012,33,953,491,34,72,-1,-1,-1,-1
2013,33,953,492,34,72,-1,-1,-1,-1
2014,33,952,491,36,72,-1,-1,-1,-1
2015,33,953,491,35,72,-1,-1,-1,-1
2016,33,952,492,35,72,-1,-1,-1,-1
2017,33,952,490,35,76,-1,-1,-1,-1
2018,33,952,490,35,76,-1,-1,-1,-1
2019,33,952,490,35,76,-1,-1,-1,-1
2020,33,952,490,35,76,-1,-1,-1,-1
2021,33,952,490,34,76,-1,-1,-1,-1
2022,33,952,490,35,76,-1,-1,-1,-1
2023,33,952,490,35,76,-1,-1,-1,-1
2024,33,952,492,36,71,-1,-1,-1,-1
2025,33,952,492,36,71,-1,-1,-1,-1
2026,33,952,490,35,76,-1,-1,-1,-1
2027,33,952,490,35,76,-1,-1,-1,-1
2028,33,952,489,36,77,-1,-1,-1,-1
2029,33,953,490,35,75,-1,-1,-1,-1
2030,33,952,490,36,76,-1,-1,-1,-1
2031,33,953,489,35,77,-1,-1,-1,-1
2032,33,953,489,35,77,-1,-1,-1,-1
2033,33,953,489,35,76,-1,-1,-1,-1
2034,33,953,489,35,76,-1,-1,-1,-1
2035,33,953,490,35,75,-1,-1,-1,-1
2036,33,952,490,36,75,-1,-1,-1,-1
2037,33,953,490,35,75,-1,-1,-1,-1
2038,33,952,490,37,75,-1,-1,-1,-1
2039,33,953,490,35,75,-1,-1,-1,-1
2040,33,953,490,35,75,-1,-1,-1,-1
2041,33,953,490,35,75,-1,-1,-1,-1
2042,33,952,490,37,75,-1,-1,-1,-1
2043,33,954,491,34,72,-1,-1,-1,-1
2044,33,952,490,37,74,-1,-1,-1,-1
2045,33,952,489,37,75,-1,-1,-1,-1
2046,33,953,489,36,75,-1,-1,-1,-1
2047,33,953,489,35,76,-1,-1,-1,-1
2048,33,953,489,35,76,-1,-1,-1,-1
2049,33,952,489,37,76,-1,-1,-1,-1
2050,33,952,489,37,76,-1,-1,-1,-1
2051,33,952,489,37,76,-1,-1,-1,-1
2052,33,952,489,37,76,-1,-1,-1,-1
2053,33,953,489,36,76,-1,-1,-1,-1
2054,33,953,489,36,76,-1,-1,-1,-1
2055,33,953,489,36,76,-1,-1,-1,-1
2056,33,953,489,36,76,-1,-1,-1,-1
2057,33,952,489,36,76,-1,-1,-1,-1
2058,33,953,491,35,72,-1,-1,-1,-1
2059,33,953,491,35,73,-1,-1,-1,-1
2060,33,953,491,35,73,-1,-1,-1,-1
2061,33,953,491,34,73,-1,-1,-1,-1
2062,33,952,491,35,72,-1,-1,-1,-1
2063,33,951,490,37,76,-1,-1,-1,-1
2064,33,951,490,37,76,-1,-1,-1,-1
2065,33,953,489,35,77,-1,-1,-1,-1
2066,33,952,490,36,76,-1,-1,-1,-1
2067,33,952,489,36,77,-1,-1,-1,-1
2068,33,952,489,36,78,-1,-1,-1,-1
2069,33,951,490,36,77,-1,-1,-1,-1
2070,33,951,490,36,77,-1,-1,-1,-1
2071,33,951,491,36,76,-1,-1,-1,-1
2072,33,952,491,35,76,-1,-1,-1,-1
2073,33,952,491,35,76,-1,-1,-1,-1
2074,33,951,492,36,74,-1,-1,-1,-1
2075,33,951,492,36,74,-1,-1,-1,-1
2076,33,951,492,37,74,-1,-1,-1,-1
2077,33,951,492,37,74,-1,-1,-1,-1
2078,33,950,492,38,74,-1,-1,-1,-1
2079,33,950,493,38,73,-1,-1,-1,-1
2080,33,951,493,36,73,-1,-1,-1,-1
2081,33,951,492,36,74,-1,-1,-1,-1
2082,33,951,492,36,75,-1,-1,-1,-1
2083,33,951,492,36,75,-1,-1,-1,-1
2084,33,952,493,35,73,-1,-1,-1,-1
2085,33,952,492,35,74,-1,-1,-1,-1
2086,33,952,491,36,75,-1,-1,-1,-1
2087,33,952,491,36,75,-1,-1,-1,-1
2088,33,951,492,38,73,-1,-1,-1,-1
2089,33,951,492,38,73,-1,-1,-1,-1
2090,33,951,492,38,73,-1,-1,-1,-1
2091,33,951,491,38,75,-1,-1,-1,-1
2092,33,951,492,37,74,-1,-1,-1,-1
2093,33,951,492,37,74,-1,-1,-1,-1
2094,33,951,492,37,74,-1,-1,-1,-1
2095,33,951,493,37,73,-1,-1,-1,-1
2096,33,951,492,37,73,-1,-1,-1,-1
2097,33,951,492,38,73,-1,-1,-1,-1
2098,33,951,492,37,74,-1,-1,-1,-1
2099,33,952,492,36,73,-1,-1,-1,-1
2100,33,952,492,37,72,-1,-1,-1,-1
2101,33,953,492,35,73,-1,-1,-1,-1
2102,33,953,492,35,73,-1,-1,-1,-1
2103,33,953,492,35,72,-1,-1,-1,-1
2104,33,953,492,35,72,-1,-1,-1,-1
2105,33,953,491,36,73,-1,-1,-1,-1
2106,33,953,491,36,73,-1,-1,-1,-1
2107,33,954,491,34,73,-1,-1,-1,-1
2108,33,952,492,36,73,-1,-1,-1,-1
2109,33,953,493,34,74,-1,-1,-1,-1
2110,33,953,494,33,73,-1,-1,-1,-1
2111,33,952,491,36,75,-1,-1,-1,-1
2112,33,952,491,36,75,-1,-1,-1,-1
2113,33,952,492,35,74,-1,-1,-1,-1
2114,33,953,490,36,76,-1,-1,-1,-1
2115,33,953,489,36,77,-1,-1,-1,-1
2116,33,953,490,37,76,-1,-1,-1,-1
2117,33,953,490,35,76,-1,-1,-1,-1
2118,33,953,490,36,76,-1,-1,-1,-1
2119,33,953,489,37,78,-1,-1,-1,-1
2120,33,953,489,37,78,-1,-1,-1,-1
2121,33,954,489,35,77,-1,-1,-1,-1
2122,33,953,489,36,77,-1,-1,-1,-1
2123,33,953,490,36,77,-1,-1,-1,-1
2124,33,953,490,37,76,-1,-1,-1,-1
2125,33,954,490,36,76,-1,-1,-1,-1
2126,33,954,490,35,76,-1,-1,-1,-1
2127,33,954,489,35,77,-1,-1,-1,-1
2128,33,954,490,35,76,-1,-1,-1,-1
2129,33,954,489,35,77,-1,-1,-1,-1
2130,33,956,489,35,70,-1,-1,-1,-1
2131,33,957,489,35,69,-1,-1,-1,-1
2132,33,957,489,35,69,-1,-1,-1,-1
2133,33,958,490,33,68,-1,-1,-1,-1
2134,33,955,490,35,76,-1,-1,-1,-1
2135,33,954,490,36,76,-1,-1,-1,-1
2136,33,953,490,36,76,-1,-1,-1,-1
2137,33,954,491,35,75,-1,-1,-1,-1
2138,33,953,491,36,75,-1,-1,-1,-1
2139,33,953,491,37,75,-1,-1,-1,-1
2140,33,952,491,38,75,-1,-1,-1,-1
2141,33,952,491,38,75,-1,-1,-1,-1
2142,33,952,491,38,75,-1,-1,-1,-1
2143,33,953,491,37,75,-1,-1,-1,-1
2144,33,953,491,37,75,-1,-1,-1,-1
2145,33,953,491,37,75,-1,-1,-1,-1
2146,33,957,490,33,70,-1,-1,-1,-1
2147,33,953,491,37,75,-1,-1,-1,-1
2148,33,952,490,38,76,-1,-1,-1,-1
2149,33,953,490,36,76,-1,-1,-1,-1
2150,33,952,490,36,76,-1,-1,-1,-1
2151,33,953,491,36,75,-1,-1,-1,-1
2152,33,953,491,35,75,-1,-1,-1,-1
2153,33,952,491,36,76,-1,-1,-1,-1
2154,33,952,492,35,76,-1,-1,-1,-1
2155,33,952,492,35,76,-1,-1,-1,-1
2156,33,952,492,35,76,-1,-1,-1,-1
2157,33,952,492,35,76,-1,-1,-1,-1
2158,33,951,492,36,75,-1,-1,-1,-1
2159,33,952,493,35,74,-1,-1,-1,-1
2160,33,952,492,35,75,-1,-1,-1,-1
2161,33,952,492,35,76,-1,-1,-1,-1
2162,33,952,492,35,75,-1,-1,-1,-1
2163,33,952,491,35,76,-1,-1,-1,-1
2164,33,952,491,35,76,-1,-1,-1,-1
2165,33,952,490,36,76,-1,-1,-1,-1
2166,33,952,490,36,76,-1,-1,-1,-1
2167,33,952,489,36,78,-1,-1,-1,-1
2168,33,952,490,34,77,-1,-1,-1,-1
2169,33,952,490,34,77,-1,-1,-1,-1
2170,33,952,491,35,76,-1,-1,-1,-1
2171,33,952,490,35,78,-1,-1,-1,-1
2172,33,952,490,36,77,-1,-1,-1,-1
2173,33,951,489,36,80,-1,-1,-1,-1
2174,33,952,489,36,80,-1,-1,-1,-1
2175,33,952,489,36,81,-1,-1,-1,-1
2176,33,952,492,35,78,-1,-1,-1,-1
2177,33,952,492,36,78,-1,-1,-1,-1
2178,33,952,491,37,78,-1,-1,-1,-1
2179,33,953,491,36,79,-1,-1,-1,-1
2180,33,954,489,38,82,-1,-1,-1,-1
2181,33,955,490,36,81,-1,-1,-1,-1
2182,33,955,490,36,80,-1,-1,-1,-1
2183,33,956,490,36,81,-1,-1,-1,-1
2184,33,956,491,35,80,-1,-1,-1,-1
2185,33,956,489,36,82,-1,-1,-1,-1
2186,33,956,489,35,82,-1,-1,-1,-1
2187,33,956,490,36,81,-1,-1,-1,-1
2188,33,956,490,36,80,-1,-1,-1,-1
2189,33,955,492,37,78,-1,-1,-1,-1
2190,33,954,494,38,76,-1,-1,-1,-1
2191,33,954,494,38,76,-1,-1,-1,-1
2192,33,955,493,38,77,-1,-1,-1,-1
2193,33,955,494,40,76,-1,-1,-1,-1
2194,33,955,495,39,75,-1,-1,-1,-1
2195,33,955,495,39,74,-1,-1,-1,-1
2196,33,955,494,40,76,-1,-1,-1,-1
2197,33,955,494,40,75,-1,-1,-1,-1
2198,33,955,494,40,75,-1,-1,-1,-1
2199,33,955,494,40,75,-1,-1,-1,-1
2200,33,955,493,40,77,-1,-1,-1,-1
2201,33,955,493,39,77,-1,-1,-1,-1
2202,33,955,492,38,79,-1,-1,-1,-1
2203,33,955,492,37,79,-1,-1,-1,-1
2204,33,955,492,36,79,-1,-1,-1,-1
2205,33,955,492,37,80,-1,-1,-1,-1
2206,33,955,492,37,79,-1,-1,-1,-1
2207,33,957,492,36,79,-1,-1,-1,-1
2208,33,955,492,37,79,-1,-1,-1,-1
2209,33,956,493,36,78,-1,-1,-1,-1
2210,33,956,492,36,79,-1,-1,-1,-1
2211,33,956,493,36,77,-1,-1,-1,-1
2212,33,957,493,35,76,-1,-1,-1,-1
2213,33,956,492,34,76,-1,-1,-1,-1
2214,33,956,494,35,77,-1,-1,-1,-1
2215,33,958,494,32,77,-1,-1,-1,-1
2216,33,957,497,34,73,-1,-1,-1,-1
2217,33,957,496,34,74,-1,-1,-1,-1
2218,33,956,497,34,72,-1,-1,-1,-1
2219,33,955,494,34,75,-1,-1,-1,-1
2220,33,958,492,31,74,-1,-1,-1,-1
2221,33,953,494,36,73,-1,-1,-1,-1
2222,33,954,493,35,74,-1,-1,-1,-1
2223,33,954,493,36,74,-1,-1,-1,-1
2224,33,959,492,30,72,-1,-1,-1,-1
2225,33,954,493,36,72,-1,-1,-1,-1
2226,33,954,493,35,72,-1,-1,-1,-1
2227,33,953,493,36,72,-1,-1,-1,-1
2228,33,954,493,36,72,-1,-1,-1,-1
2229,33,955,493,36,71,-1,-1,-1,-1
2230,33,956,492,36,72,-1,-1,-1,-1
2231,33,959,492,33,65,-1,-1,-1,-1
2232,33,959,491,34,67,-1,-1,-1,-1
2233,33,959,491,34,67,-1,-1,-1,-1
2234,33,960,491,33,67,-1,-1,-1,-1
2235,33,960,491,34,68,-1,-1,-1,-1
2236,33,960,491,33,67,-1,-1,-1,-1
2237,33,959,490,35,69,-1,-1,-1,-1
2238,33,960,491,35,68,-1,-1,-1,-1
2239,33,961,490,33,67,-1,-1,-1,-1
2240,33,960,490,34,67,-1,-1,-1,-1
2241,33,960,490,32,67,-1,-1,-1,-1
2242,33,960,490,32,67,-1,-1,-1,-1
2243,33,959,490,36,72,-1,-1,-1,-1
2244,33,959,490,37,71,-1,-1,-1,-1
2245,33,961,490,34,67,-1,-1,-1,-1
2246,33,961,490,34,67,-1,-1,-1,-1
2247,33,961,490,34,67,-1,-1,-1,-1
2248,33,961,490,34,67,-1,-1,-1,-1
2249,33,962,490,33,68,-1,-1,-1,-1
2250,33,961,490,34,68,-1,-1,-1,-1
2251,33,961,489,34,69,-1,-1,-1,-1
2252,33,960,489,37,73,-1,-1,-1,-1
2253,33,960,489,37,73,-1,-1,-1,-1
2254,33,959,489,37,73,-1,-1,-1,-1
2255,33,960,490,37,72,-1,-1,-1,-1
2256,33,960,489,37,73,-1,-1,-1,-1
2257,33,960,490,37,73,-1,-1,-1,-1
2258,33,961,489,34,68,-1,-1,-1,-1
2259,33,961,489,34,69,-1,-1,-1,-1
2260,33,961,490,35,68,-1,-1,-1,-1
2261,33,961,490,35,67,-1,-1,-1,-1
2262,33,961,491,37,74,-1,-1,-1,-1
2263,33,960,492,38,73,-1,-1,-1,-1
2264,33,961,491,39,74,-1,-1,-1,-1
2265,33,961,489,36,69,-1,-1,-1,-1
2266,33,960,488,37,70,-1,-1,-1,-1
2267,33,960,491,38,71,-1,-1,-1,-1
2268,33,960,491,38,71,-1,-1,-1,-1
2269,33,962,490,35,68,-1,-1,-1,-1
2270,33,960,488,37,70,-1,-1,-1,-1
2271,33,960,490,38,71,-1,-1,-1,-1
2272,33,960,490,37,71,-1,-1,-1,-1
2273,33,959,489,38,72,-1,-1,-1,-1
2274,33,961,489,38,73,-1,-1,-1,-1
2275,33,960,489,39,72,-1,-1,-1,-1
2276,33,960,488,40,73,-1,-1,-1,-1
2277,33,962,488,39,73,-1,-1,-1,-1
2278,33,962,486,37,72,-1,-1,-1,-1
2279,33,963,488,35,70,-1,-1,-1,-1
2280,33,963,487,38,72,-1,-1,-1,-1
2281,33,963,489,35,68,-1,-1,-1,-1
2282,33,963,488,39,70,-1,-1,-1,-1
2283,33,962,487,39,72,-1,-1,-1,-1
2284,33,962,487,39,71,-1,-1,-1,-1
2285,33,961,487,39,71,-1,-1,-1,-1
2286,33,962,487,38,71,-1,-1,-1,-1
2287,33,963,487,38,72,-1,-1,-1,-1
2288,33,963,488,37,71,-1,-1,-1,-1
2289,33,964,487,37,71,-1,-1,-1,-1
2290,33,963,488,37,70,-1,-1,-1,-1
2291,33,964,487,37,72,-1,-1,-1,-1
2292,33,964,487,37,72,-1,-1,-1,-1
2293,33,964,488,33,70,-1,-1,-1,-1
2294,33,965,488,36,71,-1,-1,-1,-1
2295,33,965,487,36,72,-1,-1,-1,-1
2296,33,964,488,37,71,-1,-1,-1,-1
2297,33,965,488,36,71,-1,-1,-1,-1
2298,33,965,487,36,72,-1,-1,-1,-1
2299,33,965,490,33,68,-1,-1,-1,-1
2300,33,966,488,35,71,-1,-1,-1,-1
2301,33,965,488,35,71,-1,-1,-1,-1
2302,33,964,489,36,71,-1,-1,-1,-1
2303,33,965,489,35,70,-1,-1,-1,-1
2304,33,964,489,36,70,-1,-1,-1,-1
2305,33,965,489,36,69,-1,-1,-1,-1
2306,33,964,489,36,70,-1,-1,-1,-1
2307,33,963,488,36,71,-1,-1,-1,-1
2308,33,962,488,36,70,-1,-1,-1,-1
2309,33,963,487,35,71,-1,-1,-1,-1
2310,33,963,487,36,71,-1,-1,-1,-1
2311,33,962,487,37,71,-1,-1,-1,-1
2312,33,963,488,37,71,-1,-1,-1,-1
2313,33,963,489,37,71,-1,-1,-1,-1
2314,33,962,490,38,69,-1,-1,-1,-1
2315,33,962,490,38,69,-1,-1,-1,-1
2316,33,962,491,37,68,-1,-1,-1,-1
2317,33,962,491,37,68,-1,-1,-1,-1
2318,33,962,491,36,68,-1,-1,-1,-1
2319,33,963,491,35,69,-1,-1,-1,-1
2320,33,963,490,34,66,-1,-1,-1,-1
2321,33,964,490,33,67,-1,-1,-1,-1
2322,33,963,490,34,66,-1,-1,-1,-1
2323,33,964,491,35,69,-1,-1,-1,-1
2324,33,963,491,35,69,-1,-1,-1,-1
2325,33,964,491,34,70,-1,-1,-1,-1
2326,33,962,491,36,70,-1,-1,-1,-1
2327,33,962,492,36,68,-1,-1,-1,-1
2328,33,962,491,36,69,-1,-1,-1,-1
2329,33,962,491,36,69,-1,-1,-1,-1
2330,33,962,491,36,68,-1,-1,-1,-1
2331,33,962,491,37,68,-1,-1,-1,-1
2332,33,962,490,37,69,-1,-1,-1,-1
2333,33,962,490,37,70,-1,-1,-1,-1
2334,33,962,490,37,70,-1,-1,-1,-1
2335,33,963,490,35,70,-1,-1,-1,-1
2336,33,962,490,35,70,-1,-1,-1,-1
2337,33,963,491,35,69,-1,-1,-1,-1
2338,33,963,491,35,69,-1,-1,-1,-1
2339,33,964,491,35,68,-1,-1,-1,-1
2340,33,964,492,35,67,-1,-1,-1,-1
2341,33,965,491,34,68,-1,-1,-1,-1
2342,33,964,492,34,68,-1,-1,-1,-1
2343,33,965,491,34,69,-1,-1,-1,-1
2344,33,964,491,35,70,-1,-1,-1,-1
2345,33,964,491,35,70,-1,-1,-1,-1
2346,33,964,490,36,71,-1,-1,-1,-1
2347,33,964,491,35,70,-1,-1,-1,-1
2348,33,963,490,33,66,-1,-1,-1,-1
2349,33,963,491,36,69,-1,-1,-1,-1
2350,33,966,493,37,66,-1,-1,-1,-1
2351,33,964,491,35,69,-1,-1,-1,-1
2352,33,964,491,35,68,-1,-1,-1,-1
2353,33,965,492,35,66,-1,-1,-1,-1
2354,33,965,492,36,66,-1,-1,-1,-1
2355,33,965,492,36,65,-1,-1,-1,-1
2356,33,966,492,35,66,-1,-1,-1,-1
2357,33,966,492,35,66,-1,-1,-1,-1
2358,33,966,492,35,65,-1,-1,-1,-1
2359,33,965,492,35,66,-1,-1,-1,-1
2360,33,966,492,34,67,-1,-1,-1,-1
2361,33,967,495,37,63,-1,-1,-1,-1
2362,33,966,492,35,67,-1,-1,-1,-1
2363,33,966,492,35,67,-1,-1,-1,-1
2364,33,966,492,35,67,-1,-1,-1,-1
2365,33,965,492,36,67,-1,-1,-1,-1
2366,33,966,492,35,67,-1,-1,-1,-1
2367,33,966,492,35,67,-1,-1,-1,-1
2368,33,965,491,36,68,-1,-1,-1,-1
2369,33,966,492,35,67,-1,-1,-1,-1
2370,33,966,491,35,68,-1,-1,-1,-1
2371,33,966,492,35,67,-1,-1,-1,-1
2372,33,966,491,35,68,-1,-1,-1,-1
2373,33,965,492,36,67,-1,-1,-1,-1
2374,33,965,492,35,67,-1,-1,-1,-1
2375,33,965,491,36,68,-1,-1,-1,-1
2376,33,965,491,36,69,-1,-1,-1,-1
2377,33,965,491,36,69,-1,-1,-1,-1
2378,33,965,489,36,71,-1,-1,-1,-1
2379,33,964,489,36,70,-1,-1,-1,-1
2380,33,964,489,36,70,-1,-1,-1,-1
2381,33,964,489,37,70,-1,-1,-1,-1
2382,33,964,489,33,66,-1,-1,-1,-1
2383,33,964,489,33,66,-1,-1,-1,-1
2384,33,964,489,33,66,-1,-1,-1,-1
2385,33,964,489,33,66,-1,-1,-1,-1
2386,33,965,489,35,69,-1,-1,-1,-1
2387,33,963,490,36,66,-1,-1,-1,-1
2388,33,967,494,37,60,-1,-1,-1,-1
2389,33,967,496,39,58,-1,-1,-1,-1
2390,33,966,496,41,60,-1,-1,-1,-1
