1,0,1172,373,22,37,-1,-1,-1,-1
2,0,1173,372,23,38,-1,-1,-1,-1
3,0,1175,370,24,42,-1,-1,-1,-1
4,0,1176,369,24,42,-1,-1,-1,-1
5,0,1178,371,21,40,-1,-1,-1,-1
6,0,1179,372,20,38,-1,-1,-1,-1
7,0,1180,374,19,36,-1,-1,-1,-1
8,0,1181,375,19,34,-1,-1,-1,-1
9,0,1181,375,18,34,-1,-1,-1,-1
10,0,1183,375,17,34,-1,-1,-1,-1
11,0,1183,375,17,35,-1,-1,-1,-1
12,0,1184,375,18,35,-1,-1,-1,-1
13,0,1185,374,19,35,-1,-1,-1,-1
14,0,1186,374,19,35,-1,-1,-1,-1
15,0,1187,373,19,35,-1,-1,-1,-1
16,0,1188,374,18,33,-1,-1,-1,-1
17,0,1188,373,19,34,-1,-1,-1,-1
18,0,1189,372,20,36,-1,-1,-1,-1
19,0,1190,373,18,34,-1,-1,-1,-1
20,0,1191,373,18,33,-1,-1,-1,-1
21,0,1191,373,18,33,-1,-1,-1,-1
22,0,1192,375,18,32,-1,-1,-1,-1
23,0,1193,374,18,34,-1,-1,-1,-1
24,0,1194,374,18,34,-1,-1,-1,-1
25,0,1194,373,20,35,-1,-1,-1,-1
1,1,121,324,18,31,-1,-1,-1,-1
2,1,118,324,18,30,-1,-1,-1,-1
3,1,114,323,21,34,-1,-1,-1,-1
4,1,114,323,20,34,-1,-1,-1,-1
5,1,113,322,21,36,-1,-1,-1,-1
6,1,113,323,20,34,-1,-1,-1,-1
7,1,112,325,19,31,-1,-1,-1,-1
8,1,112,323,19,34,-1,-1,-1,-1
9,1,111,323,19,34,-1,-1,-1,-1
10,1,111,324,17,33,-1,-1,-1,-1
11,1,110,324,18,34,-1,-1,-1,-1
12,1,109,323,19,35,-1,-1,-1,-1
13,1,109,323,18,34,-1,-1,-1,-1
14,1,108,326,16,30,-1,-1,-1,-1
15,1,106,326,17,31,-1,-1,-1,-1
16,1,105,326,16,30,-1,-1,-1,-1
17,1,104,324,16,31,-1,-1,-1,-1
18,1,102,326,18,32,-1,-1,-1,-1
19,1,100,325,18,33,-1,-1,-1,-1
20,1,99,321,18,38,-1,-1,-1,-1
21,1,97,321,20,39,-1,-1,-1,-1
22,1,97,324,20,34,-1,-1,-1,-1
23,1,96,324,20,36,-1,-1,-1,-1
24,1,94,323,22,38,-1,-1,-1,-1
25,1,92,322,23,39,-1,-1,-1,-1
26,1,92,323,21,37,-1,-1,-1,-1
27,1,91,323,22,37,-1,-1,-1,-1
28,1,91,324,20,35,-1,-1,-1,-1
29,1,89,323,21,37,-1,-1,-1,-1
30,1,88,322,20,38,-1,-1,-1,-1
31,1,85,320,22,41,-1,-1,-1,-1
32,1,84,322,22,39,-1,-1,-1,-1
33,1,82,320,22,41,-1,-1,-1,-1
34,1,83,320,21,40,-1,-1,-1,-1
35,1,81,321,21,40,-1,-1,-1,-1
36,1,81,322,21,38,-1,-1,-1,-1
37,1,80,324,21,36,-1,-1,-1,-1
38,1,80,323,21,37,-1,-1,-1,-1
39,1,78,322,22,39,-1,-1,-1,-1
40,1,78,323,21,37,-1,-1,-1,-1
41,1,77,322,20,37,-1,-1,-1,-1
42,1,76,323,20,36,-1,-1,-1,-1
43,1,74,322,22,39,-1,-1,-1,-1
44,1,74,324,20,37,-1,-1,-1,-1
45,1,71,321,23,42,-1,-1,-1,-1
46,1,69,322,24,42,-1,-1,-1,-1
47,1,68,322,24,40,-1,-1,-1,-1
48,1,68,322,22,39,-1,-1,-1,-1
49,1,67,322,21,39,-1,-1,-1,-1
50,1,66,323,21,39,-1,-1,-1,-1
51,1,66,326,20,35,-1,-1,-1,-1
52,1,64,322,22,39,-1,-1,-1,-1
53,1,65,326,19,34,-1,-1,-1,-1
54,1,64,327,18,33,-1,-1,-1,-1
55,1,64,329,16,31,-1,-1,-1,-1
71,2,1240,290,17,28,-1,-1,-1,-1
72,2,1240,290,17,28,-1,-1,-1,-1
73,2,1239,290,16,27,-1,-1,-1,-1
74,2,1238,291,17,27,-1,-1,-1,-1
75,2,1238,290,17,28,-1,-1,-1,-1
76,2,1236,290,19,28,-1,-1,-1,-1
77,2,1236,290,19,27,-1,-1,-1,-1
78,2,1236,290,18,27,-1,-1,-1,-1
79,2,1236,290,18,27,-1,-1,-1,-1
80,2,1235,290,19,28,-1,-1,-1,-1
81,2,1235,289,17,27,-1,-1,-1,-1
82,2,1234,290,18,29,-1,-1,-1,-1
83,2,1234,290,18,27,-1,-1,-1,-1
84,2,1234,290,18,27,-1,-1,-1,-1
85,2,1234,290,18,26,-1,-1,-1,-1
86,2,1233,290,17,26,-1,-1,-1,-1
87,2,1232,291,19,27,-1,-1,-1,-1
88,2,1232,291,18,28,-1,-1,-1,-1
57,3,59,329,17,32,-1,-1,-1,-1
58,3,58,331,17,30,-1,-1,-1,-1
59,3,57,327,19,34,-1,-1,-1,-1
60,3,55,324,22,37,-1,-1,-1,-1
61,3,53,326,21,36,-1,-1,-1,-1
62,3,51,318,23,42,-1,-1,-1,-1
63,3,50,318,23,43,-1,-1,-1,-1
64,3,50,320,21,42,-1,-1,-1,-1
65,3,49,320,22,43,-1,-1,-1,-1
66,3,48,319,23,43,-1,-1,-1,-1
67,3,47,319,22,43,-1,-1,-1,-1
68,3,47,321,21,40,-1,-1,-1,-1
69,3,45,320,22,41,-1,-1,-1,-1
70,3,44,319,22,43,-1,-1,-1,-1
71,3,43,320,23,42,-1,-1,-1,-1
72,3,42,318,23,43,-1,-1,-1,-1
73,3,40,318,24,44,-1,-1,-1,-1
74,3,39,318,24,45,-1,-1,-1,-1
75,3,38,318,24,46,-1,-1,-1,-1
76,3,37,319,23,44,-1,-1,-1,-1
77,3,35,317,24,46,-1,-1,-1,-1
78,3,34,317,24,45,-1,-1,-1,-1
79,3,34,319,23,43,-1,-1,-1,-1
80,3,33,319,23,42,-1,-1,-1,-1
81,3,32,319,23,43,-1,-1,-1,-1
82,3,31,319,23,43,-1,-1,-1,-1
83,3,28,318,25,44,-1,-1,-1,-1
84,3,27,319,25,42,-1,-1,-1,-1
85,3,27,320,23,42,-1,-1,-1,-1
86,3,26,320,24,43,-1,-1,-1,-1
87,3,26,321,22,41,-1,-1,-1,-1
88,3,25,321,23,43,-1,-1,-1,-1
89,3,25,322,21,41,-1,-1,-1,-1
90,3,23,322,20,40,-1,-1,-1,-1
91,3,22,321,21,42,-1,-1,-1,-1
92,3,21,321,20,41,-1,-1,-1,-1
93,3,20,320,21,43,-1,-1,-1,-1
94,3,19,321,22,42,-1,-1,-1,-1
95,3,17,322,22,39,-1,-1,-1,-1
96,3,15,322,23,40,-1,-1,-1,-1
97,3,15,323,22,38,-1,-1,-1,-1
98,3,14,321,22,41,-1,-1,-1,-1
99,3,14,322,19,37,-1,-1,-1,-1
100,3,13,320,20,41,-1,-1,-1,-1
101,3,11,321,21,39,-1,-1,-1,-1
103,4,5,322,23,40,-1,-1,-1,-1
104,4,6,320,23,43,-1,-1,-1,-1
105,4,6,320,22,43,-1,-1,-1,-1
106,4,5,319,22,42,-1,-1,-1,-1
107,4,5,320,20,42,-1,-1,-1,-1
108,4,4,320,22,44,-1,-1,-1,-1
109,4,3,321,22,42,-1,-1,-1,-1
114,5,0,318,19,47,-1,-1,-1,-1
115,5,0,319,18,46,-1,-1,-1,-1
116,5,0,323,16,40,-1,-1,-1,-1
117,5,0,325,15,39,-1,-1,-1,-1
118,5,0,325,15,38,-1,-1,-1,-1
91,6,1230,288,19,28,-1,-1,-1,-1
92,6,1228,288,18,30,-1,-1,-1,-1
93,6,1228,289,17,28,-1,-1,-1,-1
94,6,1227,289,16,27,-1,-1,-1,-1
95,6,1227,288,15,27,-1,-1,-1,-1
96,6,1227,289,15,27,-1,-1,-1,-1
97,6,1225,288,17,30,-1,-1,-1,-1
98,6,1226,288,15,27,-1,-1,-1,-1
99,6,1224,289,17,27,-1,-1,-1,-1
100,6,1224,289,17,28,-1,-1,-1,-1
101,6,1223,288,16,27,-1,-1,-1,-1
102,6,1223,288,16,26,-1,-1,-1,-1
103,6,1223,288,16,26,-1,-1,-1,-1
104,6,1223,288,15,26,-1,-1,-1,-1
105,6,1222,287,16,26,-1,-1,-1,-1
106,6,1223,288,14,26,-1,-1,-1,-1
107,6,1222,288,15,27,-1,-1,-1,-1
108,6,1223,289,14,26,-1,-1,-1,-1
109,6,1221,288,15,26,-1,-1,-1,-1
110,6,1220,287,16,27,-1,-1,-1,-1
111,6,1219,287,17,28,-1,-1,-1,-1
112,6,1219,288,16,27,-1,-1,-1,-1
113,6,1219,288,16,27,-1,-1,-1,-1
114,6,1218,288,16,26,-1,-1,-1,-1
115,6,1219,288,16,25,-1,-1,-1,-1
116,6,1218,287,17,26,-1,-1,-1,-1
117,6,1218,288,16,25,-1,-1,-1,-1
118,6,1217,288,16,26,-1,-1,-1,-1
119,6,1216,288,17,26,-1,-1,-1,-1
120,6,1215,289,16,25,-1,-1,-1,-1
121,6,1215,290,16,24,-1,-1,-1,-1
122,6,1214,291,15,23,-1,-1,-1,-1
123,6,1212,290,15,24,-1,-1,-1,-1
124,6,1212,289,14,26,-1,-1,-1,-1
125,6,1211,289,15,25,-1,-1,-1,-1
126,6,1211,288,14,26,-1,-1,-1,-1
127,6,1210,288,14,25,-1,-1,-1,-1
128,6,1210,288,14,24,-1,-1,-1,-1
129,6,1210,288,14,24,-1,-1,-1,-1
130,6,1209,288,14,25,-1,-1,-1,-1
131,6,1209,288,15,24,-1,-1,-1,-1
132,6,1208,287,14,25,-1,-1,-1,-1
133,6,1208,286,14,26,-1,-1,-1,-1
134,6,1207,287,15,25,-1,-1,-1,-1
135,6,1207,287,14,25,-1,-1,-1,-1
136,6,1206,288,15,25,-1,-1,-1,-1
137,6,1205,287,15,26,-1,-1,-1,-1
138,6,1205,286,15,27,-1,-1,-1,-1
143,6,1204,287,16,25,-1,-1,-1,-1
144,6,1201,285,16,28,-1,-1,-1,-1
145,6,1201,285,16,28,-1,-1,-1,-1
146,6,1200,285,15,27,-1,-1,-1,-1
147,6,1200,286,14,27,-1,-1,-1,-1
148,6,1199,287,15,25,-1,-1,-1,-1
149,6,1200,286,13,25,-1,-1,-1,-1
150,6,1199,286,13,25,-1,-1,-1,-1
151,6,1197,286,15,25,-1,-1,-1,-1
152,6,1197,287,14,24,-1,-1,-1,-1
153,6,1196,287,13,24,-1,-1,-1,-1
154,6,1195,287,14,24,-1,-1,-1,-1
155,6,1194,286,14,25,-1,-1,-1,-1
156,6,1193,285,15,26,-1,-1,-1,-1
157,6,1194,285,13,27,-1,-1,-1,-1
158,6,1193,284,13,27,-1,-1,-1,-1
159,6,1192,284,14,26,-1,-1,-1,-1
160,6,1191,284,14,27,-1,-1,-1,-1
161,6,1191,284,14,27,-1,-1,-1,-1
162,6,1191,285,14,26,-1,-1,-1,-1
163,6,1190,284,15,27,-1,-1,-1,-1
164,6,1190,285,15,26,-1,-1,-1,-1
165,6,1190,285,15,26,-1,-1,-1,-1
166,6,1189,285,15,25,-1,-1,-1,-1
167,6,1189,285,15,25,-1,-1,-1,-1
168,6,1188,285,15,25,-1,-1,-1,-1
169,6,1186,285,15,26,-1,-1,-1,-1
170,6,1186,284,15,26,-1,-1,-1,-1
171,6,1186,284,14,26,-1,-1,-1,-1
172,6,1186,284,14,26,-1,-1,-1,-1
173,6,1186,284,14,26,-1,-1,-1,-1
174,6,1185,284,14,26,-1,-1,-1,-1
175,6,1184,284,14,25,-1,-1,-1,-1
176,6,1184,284,14,26,-1,-1,-1,-1
177,6,1184,284,13,26,-1,-1,-1,-1
178,6,1182,286,13,24,-1,-1,-1,-1
179,6,1181,286,14,25,-1,-1,-1,-1
180,6,1181,286,13,25,-1,-1,-1,-1
181,6,1181,286,13,25,-1,-1,-1,-1
182,6,1180,286,14,25,-1,-1,-1,-1
183,6,1178,285,15,26,-1,-1,-1,-1
184,6,1178,284,14,26,-1,-1,-1,-1
185,6,1177,284,14,25,-1,-1,-1,-1
186,6,1177,283,14,26,-1,-1,-1,-1
187,6,1177,283,14,27,-1,-1,-1,-1
188,6,1176,283,15,26,-1,-1,-1,-1
189,6,1176,283,15,26,-1,-1,-1,-1
190,6,1176,283,14,26,-1,-1,-1,-1
191,6,1175,282,14,27,-1,-1,-1,-1
192,6,1174,282,16,27,-1,-1,-1,-1
193,6,1174,283,15,26,-1,-1,-1,-1
194,6,1173,283,15,26,-1,-1,-1,-1
195,6,1172,284,15,26,-1,-1,-1,-1
196,6,1172,284,16,26,-1,-1,-1,-1
197,6,1172,285,15,26,-1,-1,-1,-1
198,6,1172,284,14,27,-1,-1,-1,-1
199,6,1170,284,15,26,-1,-1,-1,-1
200,6,1170,284,15,26,-1,-1,-1,-1
201,6,1169,284,15,25,-1,-1,-1,-1
202,6,1169,284,14,26,-1,-1,-1,-1
203,6,1168,285,14,24,-1,-1,-1,-1
204,6,1167,285,14,25,-1,-1,-1,-1
205,6,1166,286,14,24,-1,-1,-1,-1
206,6,1166,286,14,24,-1,-1,-1,-1
209,8,1164,286,15,25,-1,-1,-1,-1
210,8,1163,285,15,25,-1,-1,-1,-1
211,8,1162,285,15,26,-1,-1,-1,-1
212,8,1162,285,15,25,-1,-1,-1,-1
213,8,1161,284,15,25,-1,-1,-1,-1
214,8,1161,284,15,24,-1,-1,-1,-1
215,8,1160,283,16,25,-1,-1,-1,-1
216,8,1160,283,15,26,-1,-1,-1,-1
217,8,1160,283,15,26,-1,-1,-1,-1
218,8,1160,282,15,25,-1,-1,-1,-1
219,8,1159,283,15,25,-1,-1,-1,-1
220,8,1157,282,15,26,-1,-1,-1,-1
222,8,1157,282,15,25,-1,-1,-1,-1
223,8,1157,283,15,25,-1,-1,-1,-1
224,8,1157,283,14,25,-1,-1,-1,-1
225,8,1155,284,15,24,-1,-1,-1,-1
226,8,1155,284,15,24,-1,-1,-1,-1
227,8,1154,284,15,25,-1,-1,-1,-1
228,8,1154,283,15,25,-1,-1,-1,-1
229,8,1154,283,15,26,-1,-1,-1,-1
230,8,1154,282,14,26,-1,-1,-1,-1
231,8,1153,281,15,27,-1,-1,-1,-1
232,8,1153,284,14,25,-1,-1,-1,-1
234,8,1151,283,14,26,-1,-1,-1,-1
235,8,1149,282,15,27,-1,-1,-1,-1
236,8,1149,282,15,26,-1,-1,-1,-1
237,8,1148,282,15,27,-1,-1,-1,-1
238,8,1147,283,16,27,-1,-1,-1,-1
239,8,1146,283,16,27,-1,-1,-1,-1
240,8,1147,281,15,27,-1,-1,-1,-1
241,8,1145,281,18,27,-1,-1,-1,-1
242,8,1147,281,16,26,-1,-1,-1,-1
243,8,1144,280,16,27,-1,-1,-1,-1
244,8,1144,280,16,27,-1,-1,-1,-1
245,8,1144,280,17,27,-1,-1,-1,-1
246,8,1144,281,15,26,-1,-1,-1,-1
247,8,1143,282,14,26,-1,-1,-1,-1
248,8,1143,282,14,26,-1,-1,-1,-1
249,8,1143,282,14,27,-1,-1,-1,-1
250,8,1142,282,14,26,-1,-1,-1,-1
251,8,1142,283,14,26,-1,-1,-1,-1
252,8,1141,283,14,27,-1,-1,-1,-1
253,8,1141,282,14,26,-1,-1,-1,-1
254,8,1141,282,14,25,-1,-1,-1,-1
255,8,1141,282,13,24,-1,-1,-1,-1
256,8,1140,282,14,24,-1,-1,-1,-1
257,8,1140,282,13,25,-1,-1,-1,-1
258,8,1139,282,13,25,-1,-1,-1,-1
259,8,1138,283,13,25,-1,-1,-1,-1
260,8,1137,284,13,25,-1,-1,-1,-1
261,8,1136,284,14,26,-1,-1,-1,-1
263,11,1135,283,15,24,-1,-1,-1,-1
264,11,1133,283,15,24,-1,-1,-1,-1
265,11,1132,283,16,26,-1,-1,-1,-1
266,11,1133,282,14,26,-1,-1,-1,-1
267,11,1132,282,14,27,-1,-1,-1,-1
268,11,1131,281,15,26,-1,-1,-1,-1
269,11,1130,282,16,26,-1,-1,-1,-1
270,11,1129,281,17,26,-1,-1,-1,-1
271,11,1130,281,15,26,-1,-1,-1,-1
272,11,1129,281,16,26,-1,-1,-1,-1
273,11,1128,281,16,26,-1,-1,-1,-1
274,11,1127,280,16,27,-1,-1,-1,-1
275,11,1127,280,16,26,-1,-1,-1,-1
276,11,1127,280,15,25,-1,-1,-1,-1
277,11,1127,280,15,26,-1,-1,-1,-1
278,11,1126,281,16,25,-1,-1,-1,-1
279,11,1126,280,16,25,-1,-1,-1,-1
280,11,1126,280,16,25,-1,-1,-1,-1
281,11,1126,281,15,24,-1,-1,-1,-1
282,11,1126,282,14,23,-1,-1,-1,-1
283,11,1125,282,14,23,-1,-1,-1,-1
284,11,1124,282,13,24,-1,-1,-1,-1
285,11,1123,282,13,23,-1,-1,-1,-1
286,11,1122,282,13,24,-1,-1,-1,-1
287,11,1122,282,13,23,-1,-1,-1,-1
288,11,1121,282,14,25,-1,-1,-1,-1
289,11,1122,282,12,23,-1,-1,-1,-1
290,11,1120,282,13,24,-1,-1,-1,-1
291,11,1120,282,12,24,-1,-1,-1,-1
292,11,1119,282,14,22,-1,-1,-1,-1
293,11,1118,281,14,23,-1,-1,-1,-1
294,11,1118,282,14,22,-1,-1,-1,-1
295,11,1117,282,14,23,-1,-1,-1,-1
296,11,1116,283,15,23,-1,-1,-1,-1
297,11,1116,282,15,24,-1,-1,-1,-1
298,11,1115,280,16,26,-1,-1,-1,-1
299,11,1115,280,15,25,-1,-1,-1,-1
300,11,1114,281,16,25,-1,-1,-1,-1
301,11,1114,279,16,26,-1,-1,-1,-1
302,11,1114,280,15,26,-1,-1,-1,-1
303,11,1112,279,17,26,-1,-1,-1,-1
304,11,1111,280,16,24,-1,-1,-1,-1
312,12,1106,280,13,24,-1,-1,-1,-1
313,12,1104,280,15,25,-1,-1,-1,-1
314,12,1105,280,14,25,-1,-1,-1,-1
315,12,1104,280,14,25,-1,-1,-1,-1
316,12,1103,279,15,25,-1,-1,-1,-1
317,12,1103,279,14,25,-1,-1,-1,-1
318,12,1103,279,14,25,-1,-1,-1,-1
319,12,1102,278,14,26,-1,-1,-1,-1
320,12,1102,278,15,25,-1,-1,-1,-1
321,12,1101,277,16,27,-1,-1,-1,-1
322,12,1101,278,15,25,-1,-1,-1,-1
323,12,1101,278,15,24,-1,-1,-1,-1
324,12,1100,277,16,26,-1,-1,-1,-1
325,12,1100,278,15,27,-1,-1,-1,-1
326,12,1100,278,15,28,-1,-1,-1,-1
327,12,1100,278,15,28,-1,-1,-1,-1
328,12,1100,278,15,28,-1,-1,-1,-1
329,12,1099,280,16,27,-1,-1,-1,-1
330,12,1099,281,15,26,-1,-1,-1,-1
331,12,1100,281,14,26,-1,-1,-1,-1
332,12,1099,281,15,26,-1,-1,-1,-1
333,12,1097,281,15,27,-1,-1,-1,-1
334,12,1096,282,16,26,-1,-1,-1,-1
335,12,1095,282,15,25,-1,-1,-1,-1
336,12,1095,282,15,25,-1,-1,-1,-1
337,12,1094,282,15,25,-1,-1,-1,-1
338,12,1094,281,15,26,-1,-1,-1,-1
339,12,1093,280,16,26,-1,-1,-1,-1
340,12,1093,280,16,25,-1,-1,-1,-1
341,12,1093,280,16,27,-1,-1,-1,-1
342,12,1093,281,15,25,-1,-1,-1,-1
343,12,1092,280,16,25,-1,-1,-1,-1
344,12,1091,280,16,24,-1,-1,-1,-1
345,12,1091,280,15,24,-1,-1,-1,-1
346,12,1089,280,16,25,-1,-1,-1,-1
347,12,1089,281,16,24,-1,-1,-1,-1
348,12,1090,283,13,23,-1,-1,-1,-1
353,13,1085,280,14,24,-1,-1,-1,-1
354,13,1084,279,14,25,-1,-1,-1,-1
355,13,1084,279,14,26,-1,-1,-1,-1
356,13,1084,279,14,26,-1,-1,-1,-1
357,13,1084,280,14,25,-1,-1,-1,-1
358,13,1083,279,14,26,-1,-1,-1,-1
359,13,1083,279,14,25,-1,-1,-1,-1
360,13,1083,279,15,25,-1,-1,-1,-1
361,13,1083,279,15,24,-1,-1,-1,-1
362,13,1083,279,15,24,-1,-1,-1,-1
363,13,1082,279,15,26,-1,-1,-1,-1
364,13,1081,278,16,27,-1,-1,-1,-1
365,13,1080,279,16,27,-1,-1,-1,-1
366,13,1079,281,16,23,-1,-1,-1,-1
367,13,1078,282,16,22,-1,-1,-1,-1
368,13,1078,282,15,22,-1,-1,-1,-1
369,13,1077,281,16,23,-1,-1,-1,-1
370,13,1077,281,16,23,-1,-1,-1,-1
371,13,1076,280,16,24,-1,-1,-1,-1
372,13,1076,279,15,24,-1,-1,-1,-1
373,13,1076,281,15,23,-1,-1,-1,-1
375,13,1075,281,16,23,-1,-1,-1,-1
376,13,1074,281,16,21,-1,-1,-1,-1
377,13,1073,281,17,22,-1,-1,-1,-1
378,13,1073,283,16,23,-1,-1,-1,-1
382,13,1070,283,18,23,-1,-1,-1,-1
383,13,1069,283,18,24,-1,-1,-1,-1
384,13,1068,282,18,24,-1,-1,-1,-1
392,16,1064,278,18,24,-1,-1,-1,-1
393,16,1064,278,18,25,-1,-1,-1,-1
394,16,1064,282,18,23,-1,-1,-1,-1
395,16,1064,281,17,24,-1,-1,-1,-1
396,16,1063,282,17,23,-1,-1,-1,-1
397,16,1063,282,16,23,-1,-1,-1,-1
398,16,1063,278,17,25,-1,-1,-1,-1
399,16,1061,278,16,24,-1,-1,-1,-1
400,16,1061,277,16,25,-1,-1,-1,-1
401,16,1061,277,17,24,-1,-1,-1,-1
402,16,1061,277,15,26,-1,-1,-1,-1
403,16,1060,278,15,25,-1,-1,-1,-1
404,16,1059,277,14,25,-1,-1,-1,-1
1,17,985,362,21,37,-1,-1,-1,-1
2,17,985,362,21,38,-1,-1,-1,-1
3,17,984,362,21,38,-1,-1,-1,-1
4,17,984,364,20,36,-1,-1,-1,-1
5,17,984,363,20,35,-1,-1,-1,-1
6,17,984,363,20,34,-1,-1,-1,-1
7,17,984,363,19,35,-1,-1,-1,-1
8,17,983,363,19,34,-1,-1,-1,-1
9,17,983,363,19,34,-1,-1,-1,-1
10,17,982,363,19,35,-1,-1,-1,-1
11,17,982,363,19,35,-1,-1,-1,-1
12,17,981,365,19,32,-1,-1,-1,-1
13,17,981,364,19,34,-1,-1,-1,-1
14,17,980,365,19,35,-1,-1,-1,-1
15,17,978,365,22,37,-1,-1,-1,-1
16,17,978,366,21,35,-1,-1,-1,-1
17,17,977,366,21,35,-1,-1,-1,-1
18,17,977,366,21,35,-1,-1,-1,-1
19,17,976,366,22,35,-1,-1,-1,-1
20,17,976,366,21,36,-1,-1,-1,-1
21,17,975,367,22,35,-1,-1,-1,-1
22,17,975,367,21,34,-1,-1,-1,-1
23,17,974,366,22,36,-1,-1,-1,-1
24,17,974,366,21,36,-1,-1,-1,-1
25,17,973,366,22,36,-1,-1,-1,-1
26,17,973,366,21,36,-1,-1,-1,-1
27,17,971,366,22,37,-1,-1,-1,-1
28,17,971,366,22,38,-1,-1,-1,-1
29,17,970,366,22,36,-1,-1,-1,-1
30,17,970,365,20,38,-1,-1,-1,-1
31,17,969,365,21,39,-1,-1,-1,-1
32,17,968,365,22,39,-1,-1,-1,-1
33,17,968,364,22,41,-1,-1,-1,-1
34,17,967,365,22,40,-1,-1,-1,-1
35,17,967,364,22,41,-1,-1,-1,-1
36,17,966,365,22,40,-1,-1,-1,-1
37,17,966,365,22,40,-1,-1,-1,-1
38,17,965,365,23,40,-1,-1,-1,-1
39,17,965,365,22,40,-1,-1,-1,-1
40,17,964,365,22,39,-1,-1,-1,-1
41,17,963,365,22,39,-1,-1,-1,-1
42,17,962,365,23,39,-1,-1,-1,-1
43,17,961,365,23,40,-1,-1,-1,-1
44,17,960,365,23,41,-1,-1,-1,-1
45,17,960,365,23,41,-1,-1,-1,-1
46,17,960,365,22,40,-1,-1,-1,-1
47,17,960,366,22,39,-1,-1,-1,-1
48,17,959,366,22,39,-1,-1,-1,-1
49,17,959,366,21,38,-1,-1,-1,-1
50,17,958,366,22,37,-1,-1,-1,-1
51,17,958,365,22,39,-1,-1,-1,-1
52,17,957,365,23,40,-1,-1,-1,-1
53,17,956,366,24,40,-1,-1,-1,-1
54,17,955,366,24,40,-1,-1,-1,-1
55,17,955,366,23,39,-1,-1,-1,-1
56,17,953,366,24,41,-1,-1,-1,-1
57,17,952,364,24,42,-1,-1,-1,-1
58,17,951,364,24,42,-1,-1,-1,-1
59,17,951,364,24,42,-1,-1,-1,-1
60,17,950,364,24,42,-1,-1,-1,-1
61,17,951,364,23,42,-1,-1,-1,-1
62,17,949,364,24,42,-1,-1,-1,-1
63,17,949,364,23,42,-1,-1,-1,-1
64,17,948,364,24,43,-1,-1,-1,-1
65,17,947,364,24,42,-1,-1,-1,-1
66,17,946,364,24,42,-1,-1,-1,-1
67,17,945,364,24,43,-1,-1,-1,-1
68,17,945,365,23,42,-1,-1,-1,-1
69,17,944,365,24,42,-1,-1,-1,-1
70,17,944,365,23,42,-1,-1,-1,-1
71,17,944,364,23,43,-1,-1,-1,-1
72,17,943,364,24,43,-1,-1,-1,-1
73,17,943,364,24,44,-1,-1,-1,-1
74,17,942,364,24,44,-1,-1,-1,-1
75,17,942,365,23,43,-1,-1,-1,-1
76,17,941,365,23,43,-1,-1,-1,-1
77,17,940,366,23,41,-1,-1,-1,-1
78,17,939,365,23,42,-1,-1,-1,-1
79,17,938,365,23,42,-1,-1,-1,-1
80,17,937,364,24,44,-1,-1,-1,-1
81,17,937,364,23,43,-1,-1,-1,-1
82,17,936,364,24,43,-1,-1,-1,-1
83,17,935,363,24,44,-1,-1,-1,-1
84,17,935,363,24,44,-1,-1,-1,-1
85,17,935,363,23,44,-1,-1,-1,-1
86,17,934,364,25,44,-1,-1,-1,-1
87,17,933,364,25,44,-1,-1,-1,-1
88,17,932,364,25,43,-1,-1,-1,-1
89,17,931,364,25,44,-1,-1,-1,-1
90,17,931,365,25,42,-1,-1,-1,-1
91,17,930,365,25,42,-1,-1,-1,-1
92,17,929,365,25,43,-1,-1,-1,-1
93,17,929,365,24,43,-1,-1,-1,-1
94,17,928,365,25,43,-1,-1,-1,-1
95,17,928,365,24,43,-1,-1,-1,-1
96,17,927,365,24,43,-1,-1,-1,-1
97,17,927,365,23,43,-1,-1,-1,-1
98,17,926,365,24,44,-1,-1,-1,-1
99,17,926,365,23,43,-1,-1,-1,-1
100,17,925,365,23,43,-1,-1,-1,-1
101,17,925,366,22,42,-1,-1,-1,-1
102,17,924,366,22,42,-1,-1,-1,-1
103,17,923,367,22,40,-1,-1,-1,-1
104,17,923,366,22,42,-1,-1,-1,-1
105,17,922,366,22,42,-1,-1,-1,-1
106,17,921,366,23,42,-1,-1,-1,-1
107,17,920,366,24,42,-1,-1,-1,-1
108,17,919,366,24,43,-1,-1,-1,-1
109,17,918,365,25,44,-1,-1,-1,-1
110,17,917,366,25,42,-1,-1,-1,-1
111,17,916,365,25,43,-1,-1,-1,-1
112,17,916,365,24,42,-1,-1,-1,-1
113,17,914,365,25,43,-1,-1,-1,-1
114,17,914,365,25,44,-1,-1,-1,-1
115,17,913,364,25,45,-1,-1,-1,-1
116,17,913,364,25,45,-1,-1,-1,-1
117,17,912,364,24,45,-1,-1,-1,-1
118,17,911,364,25,46,-1,-1,-1,-1
119,17,911,364,24,46,-1,-1,-1,-1
120,17,910,364,25,46,-1,-1,-1,-1
121,17,910,364,25,45,-1,-1,-1,-1
122,17,910,365,24,44,-1,-1,-1,-1
123,17,908,365,25,45,-1,-1,-1,-1
124,17,908,365,23,44,-1,-1,-1,-1
125,17,907,365,24,44,-1,-1,-1,-1
126,17,907,365,24,44,-1,-1,-1,-1
127,17,906,365,24,44,-1,-1,-1,-1
128,17,906,365,24,44,-1,-1,-1,-1
129,17,905,365,24,44,-1,-1,-1,-1
130,17,904,365,24,44,-1,-1,-1,-1
131,17,904,366,24,43,-1,-1,-1,-1
132,17,903,366,24,43,-1,-1,-1,-1
133,17,903,366,23,43,-1,-1,-1,-1
134,17,902,366,24,43,-1,-1,-1,-1
135,17,901,366,24,43,-1,-1,-1,-1
136,17,900,365,24,45,-1,-1,-1,-1
137,17,899,364,24,46,-1,-1,-1,-1
138,17,898,364,24,46,-1,-1,-1,-1
139,17,897,365,24,45,-1,-1,-1,-1
140,17,897,365,24,45,-1,-1,-1,-1
141,17,896,365,24,45,-1,-1,-1,-1
142,17,896,365,24,45,-1,-1,-1,-1
143,17,896,366,24,44,-1,-1,-1,-1
144,17,896,366,24,44,-1,-1,-1,-1
145,17,895,367,24,43,-1,-1,-1,-1
146,17,894,366,25,44,-1,-1,-1,-1
147,17,894,367,24,43,-1,-1,-1,-1
148,17,893,366,24,44,-1,-1,-1,-1
149,17,892,366,24,44,-1,-1,-1,-1
150,17,892,366,23,43,-1,-1,-1,-1
151,17,891,366,24,43,-1,-1,-1,-1
152,17,890,365,25,44,-1,-1,-1,-1
153,17,889,365,24,45,-1,-1,-1,-1
154,17,888,365,24,44,-1,-1,-1,-1
155,17,887,365,25,44,-1,-1,-1,-1
156,17,887,366,24,43,-1,-1,-1,-1
157,17,886,365,25,44,-1,-1,-1,-1
158,17,885,365,25,44,-1,-1,-1,-1
159,17,884,366,24,43,-1,-1,-1,-1
160,17,883,365,24,45,-1,-1,-1,-1
161,17,882,366,24,43,-1,-1,-1,-1
162,17,882,366,23,44,-1,-1,-1,-1
163,17,881,366,24,44,-1,-1,-1,-1
164,17,881,366,24,44,-1,-1,-1,-1
165,17,881,366,24,44,-1,-1,-1,-1
166,17,880,365,24,45,-1,-1,-1,-1
167,17,879,365,25,45,-1,-1,-1,-1
168,17,879,366,25,44,-1,-1,-1,-1
169,17,879,366,24,44,-1,-1,-1,-1
170,17,879,366,23,44,-1,-1,-1,-1
171,17,877,366,24,44,-1,-1,-1,-1
172,17,876,366,24,44,-1,-1,-1,-1
173,17,876,366,24,44,-1,-1,-1,-1
174,17,875,366,24,43,-1,-1,-1,-1
175,17,874,366,24,43,-1,-1,-1,-1
176,17,874,366,24,43,-1,-1,-1,-1
177,17,873,366,24,44,-1,-1,-1,-1
178,17,872,365,25,45,-1,-1,-1,-1
179,17,871,365,25,45,-1,-1,-1,-1
180,17,870,365,26,46,-1,-1,-1,-1
181,17,870,366,26,45,-1,-1,-1,-1
182,17,869,366,26,45,-1,-1,-1,-1
183,17,868,366,25,45,-1,-1,-1,-1
184,17,867,367,25,44,-1,-1,-1,-1
185,17,867,366,24,45,-1,-1,-1,-1
186,17,866,367,24,43,-1,-1,-1,-1
187,17,865,367,25,44,-1,-1,-1,-1
188,17,865,367,24,44,-1,-1,-1,-1
189,17,865,367,24,44,-1,-1,-1,-1
190,17,864,366,25,45,-1,-1,-1,-1
191,17,864,366,24,44,-1,-1,-1,-1
192,17,864,366,23,44,-1,-1,-1,-1
193,17,863,366,23,44,-1,-1,-1,-1
194,17,863,366,23,45,-1,-1,-1,-1
195,17,863,367,22,43,-1,-1,-1,-1
196,17,862,367,23,43,-1,-1,-1,-1
197,17,861,366,23,44,-1,-1,-1,-1
198,17,860,367,23,43,-1,-1,-1,-1
199,17,859,367,23,43,-1,-1,-1,-1
200,17,860,369,22,41,-1,-1,-1,-1
201,17,859,369,22,41,-1,-1,-1,-1
202,17,858,368,23,42,-1,-1,-1,-1
203,17,857,368,24,42,-1,-1,-1,-1
204,17,856,367,24,43,-1,-1,-1,-1
205,17,855,368,24,41,-1,-1,-1,-1
206,17,855,368,22,42,-1,-1,-1,-1
207,17,853,367,23,43,-1,-1,-1,-1
208,17,852,367,24,43,-1,-1,-1,-1
209,17,851,366,24,44,-1,-1,-1,-1
210,17,851,367,24,43,-1,-1,-1,-1
211,17,851,367,23,43,-1,-1,-1,-1
212,17,850,366,24,44,-1,-1,-1,-1
213,17,850,367,22,43,-1,-1,-1,-1
214,17,850,366,22,44,-1,-1,-1,-1
215,17,849,367,23,43,-1,-1,-1,-1
216,17,849,368,22,42,-1,-1,-1,-1
217,17,848,368,22,42,-1,-1,-1,-1
218,17,847,367,22,42,-1,-1,-1,-1
219,17,846,367,22,43,-1,-1,-1,-1
220,17,843,365,25,46,-1,-1,-1,-1
221,17,843,364,25,47,-1,-1,-1,-1
222,17,842,363,25,48,-1,-1,-1,-1
223,17,842,364,25,47,-1,-1,-1,-1
224,17,843,366,23,44,-1,-1,-1,-1
225,17,841,363,25,47,-1,-1,-1,-1
226,17,840,363,25,47,-1,-1,-1,-1
227,17,839,363,26,48,-1,-1,-1,-1
228,17,838,364,25,47,-1,-1,-1,-1
229,17,837,362,26,49,-1,-1,-1,-1
230,17,837,362,24,49,-1,-1,-1,-1
231,17,836,360,25,51,-1,-1,-1,-1
232,17,835,360,25,51,-1,-1,-1,-1
233,17,835,360,25,51,-1,-1,-1,-1
234,17,834,359,27,52,-1,-1,-1,-1
235,17,834,359,27,52,-1,-1,-1,-1
236,17,835,363,24,47,-1,-1,-1,-1
237,17,834,362,25,48,-1,-1,-1,-1
238,17,834,363,25,47,-1,-1,-1,-1
239,17,834,365,24,45,-1,-1,-1,-1
240,17,833,364,24,46,-1,-1,-1,-1
241,17,831,363,26,48,-1,-1,-1,-1
242,17,832,363,24,48,-1,-1,-1,-1
243,17,830,363,25,48,-1,-1,-1,-1
244,17,830,364,24,47,-1,-1,-1,-1
245,17,829,364,25,47,-1,-1,-1,-1
246,17,829,365,24,45,-1,-1,-1,-1
247,17,829,365,23,46,-1,-1,-1,-1
248,17,828,365,24,45,-1,-1,-1,-1
249,17,828,366,23,44,-1,-1,-1,-1
250,17,827,366,23,45,-1,-1,-1,-1
251,17,826,366,23,45,-1,-1,-1,-1
252,17,825,366,24,45,-1,-1,-1,-1
253,17,825,367,23,44,-1,-1,-1,-1
254,17,824,368,23,43,-1,-1,-1,-1
255,17,823,366,24,45,-1,-1,-1,-1
256,17,823,366,24,45,-1,-1,-1,-1
257,17,822,365,25,46,-1,-1,-1,-1
258,17,821,364,26,47,-1,-1,-1,-1
259,17,821,365,25,47,-1,-1,-1,-1
260,17,821,366,24,45,-1,-1,-1,-1
261,17,821,366,23,45,-1,-1,-1,-1
262,17,821,367,23,44,-1,-1,-1,-1
263,17,821,368,22,43,-1,-1,-1,-1
264,17,821,368,22,43,-1,-1,-1,-1
265,17,820,367,23,45,-1,-1,-1,-1
266,17,819,368,23,43,-1,-1,-1,-1
267,17,819,368,23,44,-1,-1,-1,-1
268,17,819,369,22,43,-1,-1,-1,-1
269,17,818,367,22,45,-1,-1,-1,-1
270,17,817,367,23,45,-1,-1,-1,-1
271,17,816,366,24,47,-1,-1,-1,-1
272,17,816,366,23,47,-1,-1,-1,-1
273,17,814,367,25,47,-1,-1,-1,-1
274,17,814,367,24,46,-1,-1,-1,-1
275,17,813,367,25,47,-1,-1,-1,-1
276,17,812,367,25,47,-1,-1,-1,-1
277,17,812,368,24,46,-1,-1,-1,-1
278,17,812,367,24,47,-1,-1,-1,-1
279,17,811,367,24,47,-1,-1,-1,-1
280,17,811,367,24,46,-1,-1,-1,-1
281,17,811,368,24,45,-1,-1,-1,-1
282,17,811,367,23,47,-1,-1,-1,-1
283,17,811,368,23,46,-1,-1,-1,-1
284,17,810,367,23,48,-1,-1,-1,-1
285,17,810,368,23,47,-1,-1,-1,-1
286,17,809,368,23,46,-1,-1,-1,-1
287,17,810,369,21,44,-1,-1,-1,-1
288,17,809,369,22,44,-1,-1,-1,-1
289,17,808,368,23,45,-1,-1,-1,-1
290,17,807,369,24,45,-1,-1,-1,-1
291,17,806,367,24,47,-1,-1,-1,-1
292,17,806,368,24,46,-1,-1,-1,-1
293,17,806,369,24,45,-1,-1,-1,-1
294,17,807,369,22,44,-1,-1,-1,-1
295,17,806,369,23,44,-1,-1,-1,-1
296,17,806,369,23,44,-1,-1,-1,-1
297,17,806,370,22,43,-1,-1,-1,-1
298,17,806,369,22,44,-1,-1,-1,-1
299,17,806,368,21,46,-1,-1,-1,-1
300,17,805,369,22,45,-1,-1,-1,-1
301,17,804,367,23,48,-1,-1,-1,-1
302,17,804,367,23,48,-1,-1,-1,-1
303,17,804,368,22,47,-1,-1,-1,-1
304,17,804,368,22,46,-1,-1,-1,-1
305,17,803,367,23,47,-1,-1,-1,-1
306,17,803,367,23,48,-1,-1,-1,-1
307,17,803,367,22,48,-1,-1,-1,-1
308,17,803,367,22,48,-1,-1,-1,-1
309,17,802,366,23,50,-1,-1,-1,-1
310,17,801,367,24,49,-1,-1,-1,-1
311,17,802,367,23,48,-1,-1,-1,-1
312,17,800,367,25,47,-1,-1,-1,-1
313,17,800,368,25,46,-1,-1,-1,-1
314,17,799,368,25,48,-1,-1,-1,-1
315,17,799,370,25,46,-1,-1,-1,-1
316,17,800,371,23,45,-1,-1,-1,-1
317,17,800,372,23,44,-1,-1,-1,-1
318,17,799,372,24,44,-1,-1,-1,-1
319,17,798,372,24,45,-1,-1,-1,-1
320,17,797,372,25,45,-1,-1,-1,-1
321,17,797,371,25,47,-1,-1,-1,-1
322,17,797,371,25,46,-1,-1,-1,-1
323,17,797,371,25,47,-1,-1,-1,-1
324,17,797,371,25,47,-1,-1,-1,-1
325,17,796,371,26,47,-1,-1,-1,-1
326,17,796,370,25,48,-1,-1,-1,-1
327,17,795,370,25,48,-1,-1,-1,-1
328,17,795,370,25,48,-1,-1,-1,-1
329,17,794,369,26,49,-1,-1,-1,-1
330,17,795,370,25,48,-1,-1,-1,-1
331,17,795,371,25,46,-1,-1,-1,-1
332,17,796,373,23,44,-1,-1,-1,-1
333,17,795,373,23,43,-1,-1,-1,-1
334,17,794,373,24,44,-1,-1,-1,-1
335,17,793,371,25,46,-1,-1,-1,-1
336,17,793,370,24,47,-1,-1,-1,-1
337,17,793,371,24,46,-1,-1,-1,-1
338,17,793,370,24,47,-1,-1,-1,-1
339,17,792,370,25,48,-1,-1,-1,-1
340,17,792,371,25,47,-1,-1,-1,-1
341,17,792,371,25,47,-1,-1,-1,-1
342,17,791,370,26,48,-1,-1,-1,-1
343,17,791,371,25,47,-1,-1,-1,-1
344,17,792,372,24,46,-1,-1,-1,-1
345,17,791,372,25,46,-1,-1,-1,-1
346,17,791,372,24,46,-1,-1,-1,-1
347,17,791,372,24,47,-1,-1,-1,-1
348,17,790,373,24,45,-1,-1,-1,-1
349,17,790,373,24,46,-1,-1,-1,-1
350,17,789,373,24,45,-1,-1,-1,-1
351,17,788,373,25,46,-1,-1,-1,-1
352,17,788,374,25,46,-1,-1,-1,-1
353,17,787,374,25,46,-1,-1,-1,-1
354,17,787,374,25,46,-1,-1,-1,-1
355,17,787,375,24,46,-1,-1,-1,-1
356,17,787,375,24,47,-1,-1,-1,-1
357,17,787,375,23,46,-1,-1,-1,-1
358,17,786,375,24,47,-1,-1,-1,-1
359,17,786,375,24,47,-1,-1,-1,-1
360,17,784,375,26,46,-1,-1,-1,-1
361,17,784,375,26,46,-1,-1,-1,-1
362,17,783,374,26,47,-1,-1,-1,-1
363,17,782,374,27,46,-1,-1,-1,-1
364,17,782,373,26,46,-1,-1,-1,-1
365,17,782,374,26,46,-1,-1,-1,-1
366,17,781,373,27,47,-1,-1,-1,-1
367,17,781,374,27,46,-1,-1,-1,-1
368,17,781,375,27,45,-1,-1,-1,-1
369,17,781,375,26,45,-1,-1,-1,-1
370,17,781,375,26,44,-1,-1,-1,-1
371,17,781,375,26,44,-1,-1,-1,-1
372,17,780,375,27,43,-1,-1,-1,-1
373,17,782,376,24,45,-1,-1,-1,-1
374,17,780,377,26,41,-1,-1,-1,-1
375,17,780,377,25,41,-1,-1,-1,-1
376,17,779,377,26,40,-1,-1,-1,-1
377,17,780,377,24,40,-1,-1,-1,-1
378,17,778,377,25,41,-1,-1,-1,-1
379,17,778,377,25,42,-1,-1,-1,-1
380,17,777,376,26,43,-1,-1,-1,-1
381,17,779,375,22,43,-1,-1,-1,-1
382,17,777,375,24,43,-1,-1,-1,-1
383,17,775,376,24,44,-1,-1,-1,-1
384,17,774,375,24,45,-1,-1,-1,-1
385,17,773,375,25,45,-1,-1,-1,-1
386,17,773,375,25,46,-1,-1,-1,-1
387,17,772,374,26,46,-1,-1,-1,-1
388,17,772,373,26,49,-1,-1,-1,-1
389,17,771,375,26,46,-1,-1,-1,-1
390,17,770,374,27,44,-1,-1,-1,-1
391,17,772,377,25,44,-1,-1,-1,-1
392,17,772,378,24,43,-1,-1,-1,-1
393,17,771,376,25,44,-1,-1,-1,-1
394,17,771,376,25,46,-1,-1,-1,-1
395,17,771,379,24,43,-1,-1,-1,-1
396,17,768,377,26,43,-1,-1,-1,-1
397,17,768,376,24,43,-1,-1,-1,-1
398,17,768,375,23,41,-1,-1,-1,-1
399,17,769,375,21,41,-1,-1,-1,-1
400,17,764,375,26,43,-1,-1,-1,-1
401,17,768,374,22,42,-1,-1,-1,-1
402,17,765,374,23,41,-1,-1,-1,-1
403,17,764,378,27,38,-1,-1,-1,-1
404,17,763,379,27,38,-1,-1,-1,-1
405,17,761,377,26,40,-1,-1,-1,-1
406,17,763,379,27,39,-1,-1,-1,-1
407,17,761,376,28,40,-1,-1,-1,-1
408,17,762,380,27,37,-1,-1,-1,-1
411,18,1055,277,17,23,-1,-1,-1,-1
412,18,1055,279,17,24,-1,-1,-1,-1
413,18,1051,278,19,23,-1,-1,-1,-1
414,18,1051,278,18,25,-1,-1,-1,-1
415,18,1051,278,17,24,-1,-1,-1,-1
416,18,1051,277,17,25,-1,-1,-1,-1
417,18,1050,277,17,26,-1,-1,-1,-1
418,18,1050,276,18,26,-1,-1,-1,-1
419,18,1050,277,17,25,-1,-1,-1,-1
420,18,1049,276,18,26,-1,-1,-1,-1
421,18,1049,276,18,26,-1,-1,-1,-1
422,18,1049,276,17,25,-1,-1,-1,-1
423,18,1049,275,17,26,-1,-1,-1,-1
424,18,1049,277,16,25,-1,-1,-1,-1
425,18,1049,276,16,24,-1,-1,-1,-1
426,18,1049,276,17,26,-1,-1,-1,-1
422,19,750,379,18,39,-1,-1,-1,-1
423,19,749,377,22,40,-1,-1,-1,-1
424,19,748,376,22,41,-1,-1,-1,-1
425,19,746,377,23,40,-1,-1,-1,-1
426,19,745,377,23,41,-1,-1,-1,-1
427,19,745,377,22,41,-1,-1,-1,-1
428,19,745,377,20,42,-1,-1,-1,-1
429,19,743,379,22,40,-1,-1,-1,-1
430,19,742,377,23,42,-1,-1,-1,-1
431,19,743,377,22,42,-1,-1,-1,-1
432,19,742,378,22,41,-1,-1,-1,-1
433,19,741,377,22,42,-1,-1,-1,-1
434,19,740,380,21,40,-1,-1,-1,-1
435,19,740,378,22,41,-1,-1,-1,-1
436,19,740,378,21,41,-1,-1,-1,-1
437,19,740,378,21,41,-1,-1,-1,-1
438,19,740,377,20,42,-1,-1,-1,-1
439,19,739,375,20,44,-1,-1,-1,-1
440,19,737,376,23,44,-1,-1,-1,-1
441,19,736,380,21,40,-1,-1,-1,-1
442,19,736,377,20,43,-1,-1,-1,-1
443,19,734,375,24,44,-1,-1,-1,-1
444,19,734,373,23,45,-1,-1,-1,-1
445,19,733,373,23,45,-1,-1,-1,-1
446,19,731,372,25,46,-1,-1,-1,-1
447,19,731,373,24,45,-1,-1,-1,-1
448,19,731,373,24,45,-1,-1,-1,-1
449,19,731,373,24,45,-1,-1,-1,-1
450,19,730,373,25,45,-1,-1,-1,-1
451,19,730,372,25,46,-1,-1,-1,-1
452,19,730,372,25,46,-1,-1,-1,-1
453,19,729,371,26,47,-1,-1,-1,-1
454,19,729,371,25,47,-1,-1,-1,-1
455,19,729,371,24,47,-1,-1,-1,-1
456,19,728,371,25,47,-1,-1,-1,-1
457,19,727,371,27,47,-1,-1,-1,-1
458,19,727,370,25,47,-1,-1,-1,-1
459,19,726,369,25,49,-1,-1,-1,-1
460,19,725,370,25,47,-1,-1,-1,-1
461,19,724,369,27,48,-1,-1,-1,-1
462,19,724,370,26,46,-1,-1,-1,-1
463,19,722,369,27,47,-1,-1,-1,-1
464,19,722,367,28,52,-1,-1,-1,-1
465,19,723,367,27,52,-1,-1,-1,-1
466,19,722,369,28,48,-1,-1,-1,-1
467,19,723,369,27,49,-1,-1,-1,-1
468,19,721,369,28,47,-1,-1,-1,-1
469,19,721,369,29,47,-1,-1,-1,-1
470,19,723,369,26,49,-1,-1,-1,-1
471,19,720,369,28,46,-1,-1,-1,-1
472,19,721,369,27,48,-1,-1,-1,-1
473,19,718,370,30,46,-1,-1,-1,-1
474,19,718,369,27,46,-1,-1,-1,-1
475,19,717,369,27,47,-1,-1,-1,-1
476,19,717,368,26,47,-1,-1,-1,-1
477,19,717,368,26,46,-1,-1,-1,-1
478,19,717,368,27,47,-1,-1,-1,-1
479,19,717,369,25,44,-1,-1,-1,-1
480,19,717,368,25,44,-1,-1,-1,-1
481,19,717,368,26,46,-1,-1,-1,-1
482,19,716,368,26,47,-1,-1,-1,-1
483,19,716,368,26,46,-1,-1,-1,-1
484,19,715,368,27,46,-1,-1,-1,-1
485,19,715,367,27,47,-1,-1,-1,-1
486,19,714,367,27,47,-1,-1,-1,-1
487,19,714,367,27,46,-1,-1,-1,-1
488,19,714,368,26,44,-1,-1,-1,-1
489,19,713,368,28,45,-1,-1,-1,-1
490,19,713,368,27,44,-1,-1,-1,-1
491,19,714,368,26,45,-1,-1,-1,-1
492,19,714,368,26,44,-1,-1,-1,-1
493,19,714,366,24,46,-1,-1,-1,-1
494,19,713,367,27,45,-1,-1,-1,-1
495,19,713,366,26,46,-1,-1,-1,-1
496,19,713,367,27,45,-1,-1,-1,-1
497,19,713,367,27,45,-1,-1,-1,-1
498,19,713,367,27,45,-1,-1,-1,-1
499,19,713,366,27,45,-1,-1,-1,-1
500,19,713,367,27,44,-1,-1,-1,-1
501,19,714,367,26,44,-1,-1,-1,-1
502,19,714,366,26,45,-1,-1,-1,-1
503,19,714,365,24,46,-1,-1,-1,-1
504,19,714,366,26,45,-1,-1,-1,-1
505,19,713,367,27,44,-1,-1,-1,-1
506,19,713,367,27,44,-1,-1,-1,-1
507,19,713,367,27,44,-1,-1,-1,-1
508,19,713,367,27,45,-1,-1,-1,-1
509,19,713,367,27,45,-1,-1,-1,-1
510,19,713,367,27,45,-1,-1,-1,-1
511,19,713,367,27,45,-1,-1,-1,-1
512,19,713,368,27,43,-1,-1,-1,-1
513,19,713,368,27,45,-1,-1,-1,-1
514,19,713,368,27,45,-1,-1,-1,-1
515,19,713,366,26,47,-1,-1,-1,-1
516,19,713,367,26,46,-1,-1,-1,-1
517,19,713,367,27,47,-1,-1,-1,-1
518,19,713,366,26,48,-1,-1,-1,-1
519,19,713,366,27,49,-1,-1,-1,-1
520,19,713,367,27,49,-1,-1,-1,-1
521,19,713,367,27,48,-1,-1,-1,-1
522,19,714,367,26,48,-1,-1,-1,-1
523,19,714,367,26,47,-1,-1,-1,-1
524,19,714,367,26,47,-1,-1,-1,-1
525,19,713,368,26,46,-1,-1,-1,-1
526,19,712,368,27,46,-1,-1,-1,-1
527,19,712,369,28,46,-1,-1,-1,-1
528,19,711,369,29,46,-1,-1,-1,-1
529,19,712,368,29,46,-1,-1,-1,-1
530,19,711,369,29,46,-1,-1,-1,-1
531,19,712,368,28,47,-1,-1,-1,-1
532,19,711,368,30,47,-1,-1,-1,-1
533,19,711,368,29,48,-1,-1,-1,-1
534,19,712,369,28,47,-1,-1,-1,-1
535,19,711,369,29,47,-1,-1,-1,-1
536,19,711,369,29,47,-1,-1,-1,-1
537,19,711,368,29,47,-1,-1,-1,-1
538,19,711,368,29,48,-1,-1,-1,-1
539,19,711,368,29,48,-1,-1,-1,-1
540,19,711,368,29,48,-1,-1,-1,-1
541,19,712,369,29,46,-1,-1,-1,-1
542,19,712,368,29,47,-1,-1,-1,-1
543,19,712,368,29,47,-1,-1,-1,-1
544,19,712,368,29,48,-1,-1,-1,-1
545,19,713,367,28,49,-1,-1,-1,-1
546,19,713,367,28,49,-1,-1,-1,-1
547,19,713,366,28,50,-1,-1,-1,-1
548,19,713,366,28,49,-1,-1,-1,-1
549,19,713,367,27,48,-1,-1,-1,-1
550,19,713,367,27,48,-1,-1,-1,-1
551,19,714,366,26,49,-1,-1,-1,-1
552,19,714,366,26,49,-1,-1,-1,-1
553,19,713,367,28,46,-1,-1,-1,-1
554,19,714,367,27,47,-1,-1,-1,-1
555,19,714,367,28,47,-1,-1,-1,-1
556,19,714,366,27,48,-1,-1,-1,-1
557,19,713,367,28,47,-1,-1,-1,-1
558,19,712,367,29,47,-1,-1,-1,-1
559,19,714,367,27,47,-1,-1,-1,-1
560,19,715,368,26,48,-1,-1,-1,-1
561,19,715,368,26,47,-1,-1,-1,-1
562,19,716,367,26,47,-1,-1,-1,-1
563,19,717,368,24,46,-1,-1,-1,-1
564,19,717,367,24,47,-1,-1,-1,-1
565,19,714,368,28,40,-1,-1,-1,-1
566,19,715,368,27,40,-1,-1,-1,-1
567,19,714,369,29,40,-1,-1,-1,-1
568,19,714,368,29,40,-1,-1,-1,-1
569,19,714,368,29,40,-1,-1,-1,-1
570,19,719,368,23,43,-1,-1,-1,-1
571,19,714,368,28,40,-1,-1,-1,-1
572,19,714,368,28,40,-1,-1,-1,-1
573,19,714,368,28,40,-1,-1,-1,-1
574,19,714,369,29,39,-1,-1,-1,-1
575,19,713,369,29,39,-1,-1,-1,-1
576,19,714,368,29,39,-1,-1,-1,-1
577,19,714,368,28,39,-1,-1,-1,-1
578,19,714,368,27,40,-1,-1,-1,-1
579,19,713,369,29,39,-1,-1,-1,-1
580,19,714,368,28,40,-1,-1,-1,-1
581,19,717,367,25,42,-1,-1,-1,-1
582,19,716,367,25,42,-1,-1,-1,-1
583,19,716,367,26,43,-1,-1,-1,-1
584,19,717,367,25,42,-1,-1,-1,-1
585,19,716,367,25,42,-1,-1,-1,-1
586,19,713,367,28,40,-1,-1,-1,-1
587,19,712,367,29,40,-1,-1,-1,-1
588,19,713,368,28,38,-1,-1,-1,-1
589,19,712,367,28,41,-1,-1,-1,-1
590,19,712,367,29,40,-1,-1,-1,-1
591,19,711,367,30,40,-1,-1,-1,-1
592,19,712,367,29,40,-1,-1,-1,-1
593,19,712,367,30,40,-1,-1,-1,-1
594,19,712,367,30,40,-1,-1,-1,-1
595,19,712,366,29,42,-1,-1,-1,-1
596,19,712,367,29,41,-1,-1,-1,-1
597,19,715,366,26,43,-1,-1,-1,-1
598,19,713,367,28,40,-1,-1,-1,-1
599,19,712,367,28,40,-1,-1,-1,-1
600,19,712,367,29,40,-1,-1,-1,-1
601,19,716,367,25,42,-1,-1,-1,-1
602,19,713,367,27,40,-1,-1,-1,-1
603,19,713,368,27,39,-1,-1,-1,-1
604,19,712,367,28,40,-1,-1,-1,-1
605,19,712,368,28,40,-1,-1,-1,-1
606,19,712,368,28,39,-1,-1,-1,-1
607,19,715,368,26,41,-1,-1,-1,-1
608,19,712,369,28,39,-1,-1,-1,-1
609,19,712,369,28,39,-1,-1,-1,-1
610,19,712,369,27,40,-1,-1,-1,-1
611,19,712,368,28,41,-1,-1,-1,-1
612,19,712,368,29,41,-1,-1,-1,-1
613,19,711,369,27,40,-1,-1,-1,-1
614,19,711,369,27,39,-1,-1,-1,-1
615,19,711,369,28,40,-1,-1,-1,-1
616,19,712,370,27,40,-1,-1,-1,-1
617,19,710,370,26,40,-1,-1,-1,-1
618,19,710,370,24,41,-1,-1,-1,-1
619,19,710,371,24,39,-1,-1,-1,-1
620,19,710,371,24,39,-1,-1,-1,-1
621,19,711,372,24,38,-1,-1,-1,-1
622,19,710,372,26,38,-1,-1,-1,-1
623,19,711,371,25,39,-1,-1,-1,-1
624,19,711,372,23,37,-1,-1,-1,-1
625,19,711,373,24,36,-1,-1,-1,-1
626,19,711,373,23,36,-1,-1,-1,-1
627,19,711,372,23,36,-1,-1,-1,-1
628,19,711,372,24,37,-1,-1,-1,-1
629,19,711,372,25,37,-1,-1,-1,-1
630,19,711,372,24,36,-1,-1,-1,-1
631,19,712,373,24,35,-1,-1,-1,-1
452,20,1037,276,14,28,-1,-1,-1,-1
453,20,1037,277,15,28,-1,-1,-1,-1
454,20,1035,277,15,26,-1,-1,-1,-1
455,20,1037,277,16,24,-1,-1,-1,-1
456,20,1036,277,17,24,-1,-1,-1,-1
457,20,1036,276,16,25,-1,-1,-1,-1
458,20,1036,276,16,25,-1,-1,-1,-1
459,20,1036,276,16,25,-1,-1,-1,-1
460,20,1036,277,16,24,-1,-1,-1,-1
461,20,1034,276,17,26,-1,-1,-1,-1
462,20,1033,276,17,25,-1,-1,-1,-1
463,20,1034,275,17,25,-1,-1,-1,-1
464,20,1034,276,17,23,-1,-1,-1,-1
465,20,1032,277,17,24,-1,-1,-1,-1
466,20,1032,277,17,23,-1,-1,-1,-1
467,20,1032,275,17,24,-1,-1,-1,-1
468,20,1032,277,17,24,-1,-1,-1,-1
469,20,1031,277,17,23,-1,-1,-1,-1
470,20,1031,277,16,25,-1,-1,-1,-1
471,20,1031,278,16,23,-1,-1,-1,-1
472,20,1030,278,17,24,-1,-1,-1,-1
473,20,1031,277,15,25,-1,-1,-1,-1
474,20,1029,278,16,24,-1,-1,-1,-1
475,20,1029,277,15,24,-1,-1,-1,-1
476,20,1028,276,16,23,-1,-1,-1,-1
477,20,1028,277,16,23,-1,-1,-1,-1
478,20,1027,275,16,23,-1,-1,-1,-1
479,20,1026,277,17,22,-1,-1,-1,-1
480,20,1025,277,18,22,-1,-1,-1,-1
481,20,1026,278,17,23,-1,-1,-1,-1
482,20,1026,278,17,23,-1,-1,-1,-1
483,20,1025,277,16,25,-1,-1,-1,-1
484,20,1023,276,16,25,-1,-1,-1,-1
485,20,1023,276,16,26,-1,-1,-1,-1
486,20,1023,277,16,26,-1,-1,-1,-1
487,20,1022,277,17,25,-1,-1,-1,-1
488,20,1022,277,17,26,-1,-1,-1,-1
489,20,1022,277,17,25,-1,-1,-1,-1
490,20,1021,278,17,25,-1,-1,-1,-1
491,20,1021,277,17,25,-1,-1,-1,-1
492,20,1021,277,17,25,-1,-1,-1,-1
493,20,1020,276,17,27,-1,-1,-1,-1
494,20,1019,276,18,27,-1,-1,-1,-1
495,20,1019,275,18,27,-1,-1,-1,-1
496,20,1018,276,19,27,-1,-1,-1,-1
497,20,1018,276,19,27,-1,-1,-1,-1
498,20,1018,276,19,27,-1,-1,-1,-1
499,20,1018,276,19,28,-1,-1,-1,-1
500,20,1018,277,19,26,-1,-1,-1,-1
501,20,1018,277,19,27,-1,-1,-1,-1
502,20,1017,279,17,25,-1,-1,-1,-1
503,20,1017,279,17,25,-1,-1,-1,-1
504,20,1017,278,16,26,-1,-1,-1,-1
505,20,1017,278,16,26,-1,-1,-1,-1
506,20,1016,278,16,26,-1,-1,-1,-1
507,20,1016,278,15,26,-1,-1,-1,-1
508,20,1016,278,15,26,-1,-1,-1,-1
509,20,1015,278,15,26,-1,-1,-1,-1
510,20,1015,278,15,26,-1,-1,-1,-1
511,20,1014,278,15,26,-1,-1,-1,-1
512,20,1014,279,15,25,-1,-1,-1,-1
513,20,1014,279,16,25,-1,-1,-1,-1
514,20,1014,279,15,25,-1,-1,-1,-1
515,20,1014,279,14,25,-1,-1,-1,-1
516,20,1014,279,14,25,-1,-1,-1,-1
517,20,1013,279,14,24,-1,-1,-1,-1
518,20,1013,279,14,24,-1,-1,-1,-1
519,20,1012,278,14,24,-1,-1,-1,-1
520,20,1012,278,14,24,-1,-1,-1,-1
521,20,1013,278,14,25,-1,-1,-1,-1
522,20,1012,278,14,25,-1,-1,-1,-1
523,20,1012,278,14,24,-1,-1,-1,-1
524,20,1012,279,14,23,-1,-1,-1,-1
525,20,1011,278,15,24,-1,-1,-1,-1
526,20,1011,278,15,25,-1,-1,-1,-1
527,20,1011,278,14,26,-1,-1,-1,-1
528,20,1011,279,14,25,-1,-1,-1,-1
529,20,1011,279,14,26,-1,-1,-1,-1
530,20,1010,279,15,25,-1,-1,-1,-1
531,20,1010,279,15,25,-1,-1,-1,-1
532,20,1010,278,16,27,-1,-1,-1,-1
533,20,1010,278,15,27,-1,-1,-1,-1
534,20,1010,278,15,26,-1,-1,-1,-1
535,20,1010,278,14,26,-1,-1,-1,-1
536,20,1009,278,15,26,-1,-1,-1,-1
537,20,1009,278,15,26,-1,-1,-1,-1
538,20,1009,278,15,26,-1,-1,-1,-1
539,20,1008,278,15,26,-1,-1,-1,-1
540,20,1008,279,15,26,-1,-1,-1,-1
541,20,1007,279,15,27,-1,-1,-1,-1
542,20,1007,280,15,27,-1,-1,-1,-1
543,20,1006,280,15,27,-1,-1,-1,-1
544,20,1006,281,16,26,-1,-1,-1,-1
545,20,1006,281,15,26,-1,-1,-1,-1
546,20,1006,280,15,27,-1,-1,-1,-1
547,20,1006,280,15,27,-1,-1,-1,-1
548,20,1006,280,15,26,-1,-1,-1,-1
549,20,1006,281,15,26,-1,-1,-1,-1
550,20,1006,281,15,26,-1,-1,-1,-1
551,20,1005,281,15,26,-1,-1,-1,-1
552,20,1004,280,16,26,-1,-1,-1,-1
553,20,1004,280,15,25,-1,-1,-1,-1
554,20,1004,280,16,25,-1,-1,-1,-1
555,20,1005,280,16,27,-1,-1,-1,-1
556,20,1005,280,16,27,-1,-1,-1,-1
557,20,1004,281,15,24,-1,-1,-1,-1
558,20,1004,282,14,24,-1,-1,-1,-1
559,20,1004,281,15,25,-1,-1,-1,-1
560,20,1006,281,14,26,-1,-1,-1,-1
561,20,1005,280,16,27,-1,-1,-1,-1
562,20,1004,279,16,25,-1,-1,-1,-1
563,20,1004,280,15,24,-1,-1,-1,-1
564,20,1003,281,16,25,-1,-1,-1,-1
565,20,1004,280,15,25,-1,-1,-1,-1
566,20,1004,280,14,26,-1,-1,-1,-1
567,20,1003,280,15,26,-1,-1,-1,-1
568,20,1003,280,15,26,-1,-1,-1,-1
569,20,1002,280,16,26,-1,-1,-1,-1
570,20,1002,280,16,25,-1,-1,-1,-1
571,20,1001,280,15,26,-1,-1,-1,-1
572,20,1001,280,15,26,-1,-1,-1,-1
573,20,1001,280,15,26,-1,-1,-1,-1
574,20,1000,280,15,25,-1,-1,-1,-1
575,20,1000,281,14,23,-1,-1,-1,-1
576,20,1000,282,14,23,-1,-1,-1,-1
577,20,1000,282,14,23,-1,-1,-1,-1
578,20,999,281,15,24,-1,-1,-1,-1
579,20,1000,281,14,24,-1,-1,-1,-1
580,20,999,281,15,25,-1,-1,-1,-1
581,20,1000,281,14,25,-1,-1,-1,-1
582,20,999,280,15,26,-1,-1,-1,-1
583,20,999,281,14,24,-1,-1,-1,-1
584,20,998,281,16,24,-1,-1,-1,-1
585,20,998,282,15,23,-1,-1,-1,-1
586,20,998,281,15,24,-1,-1,-1,-1
587,20,998,280,15,25,-1,-1,-1,-1
588,20,998,281,15,24,-1,-1,-1,-1
589,20,999,281,14,24,-1,-1,-1,-1
590,20,997,280,16,24,-1,-1,-1,-1
591,20,998,280,16,24,-1,-1,-1,-1
592,20,998,280,16,25,-1,-1,-1,-1
593,20,998,280,16,25,-1,-1,-1,-1
594,20,999,280,15,24,-1,-1,-1,-1
595,20,999,281,15,24,-1,-1,-1,-1
596,20,998,280,16,24,-1,-1,-1,-1
597,20,998,280,16,24,-1,-1,-1,-1
598,20,997,280,15,24,-1,-1,-1,-1
599,20,997,280,15,25,-1,-1,-1,-1
600,20,997,280,14,24,-1,-1,-1,-1
601,20,996,280,15,26,-1,-1,-1,-1
602,20,995,280,15,26,-1,-1,-1,-1
603,20,993,279,15,27,-1,-1,-1,-1
604,20,995,280,14,26,-1,-1,-1,-1
605,20,993,279,14,27,-1,-1,-1,-1
606,20,992,279,15,26,-1,-1,-1,-1
607,20,993,278,15,25,-1,-1,-1,-1
608,20,992,278,16,25,-1,-1,-1,-1
609,20,991,277,17,25,-1,-1,-1,-1
610,20,991,278,17,24,-1,-1,-1,-1
611,20,989,278,17,24,-1,-1,-1,-1
612,20,991,278,17,25,-1,-1,-1,-1
613,20,989,278,17,25,-1,-1,-1,-1
614,20,989,278,17,24,-1,-1,-1,-1
615,20,989,278,17,25,-1,-1,-1,-1
616,20,989,279,17,25,-1,-1,-1,-1
617,20,989,279,17,25,-1,-1,-1,-1
618,20,988,278,18,24,-1,-1,-1,-1
619,20,988,279,17,24,-1,-1,-1,-1
620,20,989,279,16,24,-1,-1,-1,-1
621,20,988,279,17,24,-1,-1,-1,-1
622,20,988,278,17,24,-1,-1,-1,-1
623,20,988,279,17,24,-1,-1,-1,-1
624,20,988,279,17,24,-1,-1,-1,-1
625,20,988,279,17,24,-1,-1,-1,-1
626,20,988,278,18,25,-1,-1,-1,-1
627,20,987,278,18,25,-1,-1,-1,-1
628,20,988,277,18,25,-1,-1,-1,-1
629,20,987,278,17,23,-1,-1,-1,-1
630,20,987,277,17,24,-1,-1,-1,-1
631,20,987,279,16,24,-1,-1,-1,-1
632,20,986,278,17,23,-1,-1,-1,-1
633,20,986,278,17,25,-1,-1,-1,-1
634,20,987,279,16,25,-1,-1,-1,-1
635,20,986,278,16,24,-1,-1,-1,-1
636,20,986,278,17,24,-1,-1,-1,-1
637,20,985,278,17,25,-1,-1,-1,-1
638,20,985,278,18,27,-1,-1,-1,-1
639,20,985,278,17,25,-1,-1,-1,-1
640,20,985,278,16,25,-1,-1,-1,-1
641,20,984,279,17,24,-1,-1,-1,-1
642,20,984,279,17,24,-1,-1,-1,-1
643,20,984,279,17,24,-1,-1,-1,-1
644,20,984,278,17,27,-1,-1,-1,-1
645,20,983,279,17,26,-1,-1,-1,-1
646,20,984,279,16,27,-1,-1,-1,-1
647,20,983,279,17,27,-1,-1,-1,-1
648,20,983,279,17,27,-1,-1,-1,-1
649,20,983,279,18,27,-1,-1,-1,-1
650,20,983,279,17,27,-1,-1,-1,-1
651,20,982,279,18,27,-1,-1,-1,-1
652,20,982,279,17,26,-1,-1,-1,-1
653,20,981,280,17,26,-1,-1,-1,-1
654,20,981,280,17,26,-1,-1,-1,-1
655,20,981,279,17,27,-1,-1,-1,-1
656,20,981,278,17,27,-1,-1,-1,-1
657,20,979,278,19,27,-1,-1,-1,-1
658,20,979,278,18,27,-1,-1,-1,-1
659,20,978,277,18,28,-1,-1,-1,-1
660,20,978,278,18,27,-1,-1,-1,-1
661,20,977,277,18,29,-1,-1,-1,-1
662,20,977,277,18,29,-1,-1,-1,-1
663,20,977,278,16,28,-1,-1,-1,-1
664,20,976,276,17,29,-1,-1,-1,-1
665,20,976,277,17,29,-1,-1,-1,-1
666,20,976,277,17,30,-1,-1,-1,-1
667,20,975,277,18,31,-1,-1,-1,-1
668,20,975,277,17,29,-1,-1,-1,-1
669,20,975,276,18,29,-1,-1,-1,-1
670,20,975,275,17,29,-1,-1,-1,-1
671,20,975,275,17,29,-1,-1,-1,-1
672,20,974,275,18,29,-1,-1,-1,-1
673,20,974,275,18,29,-1,-1,-1,-1
674,20,974,276,18,29,-1,-1,-1,-1
675,20,973,278,17,29,-1,-1,-1,-1
676,20,973,276,18,30,-1,-1,-1,-1
677,20,973,278,17,28,-1,-1,-1,-1
678,20,973,277,17,30,-1,-1,-1,-1
679,20,973,277,16,29,-1,-1,-1,-1
680,20,972,277,17,29,-1,-1,-1,-1
681,20,972,277,17,29,-1,-1,-1,-1
682,20,972,278,16,28,-1,-1,-1,-1
683,20,972,277,16,29,-1,-1,-1,-1
684,20,971,277,16,27,-1,-1,-1,-1
685,20,971,278,14,26,-1,-1,-1,-1
686,20,970,279,15,26,-1,-1,-1,-1
687,20,970,280,14,25,-1,-1,-1,-1
688,20,970,280,14,25,-1,-1,-1,-1
689,20,970,281,14,25,-1,-1,-1,-1
690,20,970,281,14,24,-1,-1,-1,-1
691,20,969,278,14,27,-1,-1,-1,-1
692,20,969,280,14,25,-1,-1,-1,-1
693,20,968,280,14,25,-1,-1,-1,-1
694,20,968,278,14,27,-1,-1,-1,-1
695,20,967,279,14,26,-1,-1,-1,-1
696,20,965,277,16,27,-1,-1,-1,-1
697,20,963,276,18,28,-1,-1,-1,-1
698,20,963,276,17,28,-1,-1,-1,-1
699,20,962,276,18,29,-1,-1,-1,-1
700,20,963,275,18,29,-1,-1,-1,-1
701,20,962,275,18,28,-1,-1,-1,-1
702,20,962,275,17,27,-1,-1,-1,-1
703,20,962,275,17,27,-1,-1,-1,-1
704,20,962,275,17,28,-1,-1,-1,-1
705,20,961,275,18,27,-1,-1,-1,-1
706,20,961,277,16,28,-1,-1,-1,-1
707,20,959,276,19,28,-1,-1,-1,-1
708,20,959,276,18,27,-1,-1,-1,-1
709,20,959,276,19,28,-1,-1,-1,-1
710,20,959,277,19,28,-1,-1,-1,-1
711,20,959,277,18,28,-1,-1,-1,-1
712,20,959,277,19,28,-1,-1,-1,-1
713,20,959,276,19,28,-1,-1,-1,-1
714,20,959,275,18,29,-1,-1,-1,-1
715,20,959,276,18,27,-1,-1,-1,-1
716,20,958,277,18,28,-1,-1,-1,-1
721,20,959,282,16,24,-1,-1,-1,-1
722,20,958,280,17,26,-1,-1,-1,-1
723,20,958,280,17,26,-1,-1,-1,-1
724,20,958,280,17,26,-1,-1,-1,-1
725,20,958,280,17,26,-1,-1,-1,-1
726,20,958,280,14,26,-1,-1,-1,-1
727,20,957,278,16,28,-1,-1,-1,-1
728,20,957,279,15,26,-1,-1,-1,-1
729,20,957,278,15,27,-1,-1,-1,-1
730,20,957,280,14,26,-1,-1,-1,-1
731,20,957,281,13,26,-1,-1,-1,-1
732,20,956,280,14,26,-1,-1,-1,-1
757,22,946,284,16,24,-1,-1,-1,-1
758,22,945,284,17,25,-1,-1,-1,-1
759,22,945,284,17,26,-1,-1,-1,-1
760,22,945,284,16,25,-1,-1,-1,-1
761,22,945,283,16,25,-1,-1,-1,-1
764,22,944,283,15,26,-1,-1,-1,-1
765,22,944,283,15,27,-1,-1,-1,-1
766,22,943,284,16,26,-1,-1,-1,-1
767,22,944,283,15,26,-1,-1,-1,-1
768,22,943,283,16,27,-1,-1,-1,-1
770,24,941,281,16,30,-1,-1,-1,-1
771,24,943,282,16,28,-1,-1,-1,-1
772,24,943,282,16,28,-1,-1,-1,-1
777,22,941,281,16,27,-1,-1,-1,-1
778,22,941,281,15,26,-1,-1,-1,-1
779,22,940,281,16,28,-1,-1,-1,-1
780,22,939,281,16,29,-1,-1,-1,-1
781,22,939,283,16,30,-1,-1,-1,-1
782,22,939,282,16,30,-1,-1,-1,-1
783,22,939,282,15,28,-1,-1,-1,-1
784,22,938,283,16,29,-1,-1,-1,-1
785,22,938,283,16,29,-1,-1,-1,-1
786,22,938,283,15,29,-1,-1,-1,-1
787,22,938,283,14,27,-1,-1,-1,-1
788,22,938,283,14,27,-1,-1,-1,-1
789,22,938,282,14,26,-1,-1,-1,-1
790,22,937,280,15,26,-1,-1,-1,-1
791,22,938,280,14,26,-1,-1,-1,-1
792,22,937,282,15,26,-1,-1,-1,-1
793,22,937,283,14,25,-1,-1,-1,-1
794,22,936,282,16,26,-1,-1,-1,-1
795,22,936,281,15,26,-1,-1,-1,-1
796,22,935,280,16,25,-1,-1,-1,-1
797,22,935,280,16,26,-1,-1,-1,-1
940,26,1044,363,15,34,-1,-1,-1,-1
941,26,1044,363,16,34,-1,-1,-1,-1
942,26,1045,364,15,32,-1,-1,-1,-1
943,26,1044,363,16,34,-1,-1,-1,-1
800,22,934,279,16,27,-1,-1,-1,-1
801,22,933,279,17,27,-1,-1,-1,-1
802,22,932,278,17,27,-1,-1,-1,-1
803,22,932,278,16,27,-1,-1,-1,-1
804,22,932,278,16,27,-1,-1,-1,-1
805,22,931,278,17,27,-1,-1,-1,-1
806,22,931,278,17,28,-1,-1,-1,-1
807,22,931,278,17,28,-1,-1,-1,-1
808,22,931,277,16,29,-1,-1,-1,-1
809,22,930,277,17,29,-1,-1,-1,-1
810,22,930,277,17,28,-1,-1,-1,-1
811,22,930,278,17,28,-1,-1,-1,-1
812,22,930,278,17,27,-1,-1,-1,-1
813,22,928,278,19,29,-1,-1,-1,-1
814,22,928,279,18,29,-1,-1,-1,-1
815,22,928,278,16,29,-1,-1,-1,-1
816,22,927,278,17,28,-1,-1,-1,-1
817,22,927,278,17,29,-1,-1,-1,-1
818,22,927,277,17,29,-1,-1,-1,-1
819,22,927,277,17,29,-1,-1,-1,-1
820,22,927,278,16,29,-1,-1,-1,-1
821,22,927,278,16,28,-1,-1,-1,-1
822,22,927,279,16,26,-1,-1,-1,-1
823,22,927,279,15,26,-1,-1,-1,-1
824,22,927,279,15,27,-1,-1,-1,-1
825,22,927,279,15,27,-1,-1,-1,-1
826,22,926,278,17,28,-1,-1,-1,-1
827,22,926,279,16,27,-1,-1,-1,-1
828,22,926,281,15,26,-1,-1,-1,-1
829,22,926,282,14,26,-1,-1,-1,-1
830,22,925,283,15,26,-1,-1,-1,-1
831,22,924,281,16,28,-1,-1,-1,-1
832,22,923,281,15,26,-1,-1,-1,-1
833,22,923,280,15,27,-1,-1,-1,-1
834,22,922,278,16,29,-1,-1,-1,-1
835,22,922,278,16,28,-1,-1,-1,-1
836,22,921,278,17,30,-1,-1,-1,-1
837,22,921,279,16,29,-1,-1,-1,-1
838,22,921,279,16,26,-1,-1,-1,-1
839,22,921,279,15,26,-1,-1,-1,-1
840,22,920,278,16,25,-1,-1,-1,-1
841,22,920,279,16,26,-1,-1,-1,-1
842,22,920,278,15,27,-1,-1,-1,-1
843,22,918,278,17,29,-1,-1,-1,-1
844,22,918,279,17,27,-1,-1,-1,-1
845,22,918,279,16,29,-1,-1,-1,-1
846,22,917,280,16,28,-1,-1,-1,-1
847,22,917,280,16,28,-1,-1,-1,-1
848,22,917,280,15,26,-1,-1,-1,-1
849,22,916,281,15,27,-1,-1,-1,-1
850,22,915,279,17,28,-1,-1,-1,-1
851,22,915,278,17,29,-1,-1,-1,-1
852,22,914,278,17,28,-1,-1,-1,-1
853,22,914,277,17,29,-1,-1,-1,-1
854,22,914,278,17,27,-1,-1,-1,-1
855,22,913,277,18,29,-1,-1,-1,-1
856,22,913,279,17,27,-1,-1,-1,-1
857,22,913,279,17,27,-1,-1,-1,-1
858,22,913,279,17,27,-1,-1,-1,-1
859,22,913,280,17,27,-1,-1,-1,-1
860,22,913,282,16,26,-1,-1,-1,-1
861,22,912,281,17,26,-1,-1,-1,-1
862,22,911,278,17,28,-1,-1,-1,-1
863,22,911,278,18,28,-1,-1,-1,-1
864,22,910,279,17,27,-1,-1,-1,-1
865,22,910,280,17,26,-1,-1,-1,-1
866,22,910,280,18,27,-1,-1,-1,-1
867,22,910,281,16,25,-1,-1,-1,-1
868,22,909,279,17,26,-1,-1,-1,-1
869,22,909,280,17,27,-1,-1,-1,-1
870,22,908,280,16,27,-1,-1,-1,-1
871,22,908,279,18,29,-1,-1,-1,-1
872,22,907,279,18,27,-1,-1,-1,-1
873,22,907,278,17,29,-1,-1,-1,-1
874,22,906,279,17,27,-1,-1,-1,-1
875,22,906,279,16,27,-1,-1,-1,-1
876,22,906,280,16,26,-1,-1,-1,-1
877,22,906,282,16,26,-1,-1,-1,-1
878,22,905,280,17,29,-1,-1,-1,-1
879,22,904,281,16,26,-1,-1,-1,-1
880,22,904,280,16,28,-1,-1,-1,-1
881,22,904,281,16,27,-1,-1,-1,-1
882,22,903,280,15,27,-1,-1,-1,-1
883,22,901,276,17,29,-1,-1,-1,-1
884,22,901,278,17,27,-1,-1,-1,-1
885,22,899,277,18,28,-1,-1,-1,-1
886,22,899,276,18,28,-1,-1,-1,-1
887,22,899,275,17,28,-1,-1,-1,-1
888,22,899,278,17,26,-1,-1,-1,-1
889,22,898,276,18,29,-1,-1,-1,-1
890,22,899,276,17,28,-1,-1,-1,-1
891,22,898,276,18,30,-1,-1,-1,-1
892,22,897,275,20,34,-1,-1,-1,-1
893,22,898,276,17,30,-1,-1,-1,-1
894,22,898,277,17,28,-1,-1,-1,-1
895,22,898,276,17,29,-1,-1,-1,-1
896,22,897,276,18,29,-1,-1,-1,-1
897,22,897,276,17,28,-1,-1,-1,-1
898,22,897,278,17,29,-1,-1,-1,-1
899,22,897,280,17,28,-1,-1,-1,-1
900,22,897,277,17,30,-1,-1,-1,-1
901,22,895,275,19,30,-1,-1,-1,-1
902,22,896,274,18,30,-1,-1,-1,-1
903,22,895,275,19,29,-1,-1,-1,-1
904,22,895,275,19,29,-1,-1,-1,-1
905,22,894,275,19,32,-1,-1,-1,-1
906,22,894,276,19,31,-1,-1,-1,-1
907,22,894,277,18,31,-1,-1,-1,-1
908,22,894,279,18,29,-1,-1,-1,-1
909,22,894,279,17,28,-1,-1,-1,-1
910,22,894,281,16,28,-1,-1,-1,-1
911,22,893,280,17,28,-1,-1,-1,-1
912,22,893,280,16,28,-1,-1,-1,-1
913,22,893,280,16,29,-1,-1,-1,-1
914,22,892,280,16,27,-1,-1,-1,-1
915,22,892,282,15,28,-1,-1,-1,-1
916,22,891,282,15,26,-1,-1,-1,-1
917,22,890,281,17,28,-1,-1,-1,-1
918,22,890,282,15,25,-1,-1,-1,-1
919,22,889,281,15,26,-1,-1,-1,-1
920,22,889,280,16,28,-1,-1,-1,-1
921,22,888,280,16,26,-1,-1,-1,-1
922,22,888,280,15,26,-1,-1,-1,-1
923,22,887,281,16,27,-1,-1,-1,-1
924,22,887,281,16,27,-1,-1,-1,-1
925,22,887,281,14,27,-1,-1,-1,-1
926,22,887,283,13,25,-1,-1,-1,-1
927,22,887,282,14,27,-1,-1,-1,-1
928,22,886,282,14,27,-1,-1,-1,-1
929,22,886,282,14,26,-1,-1,-1,-1
930,22,886,281,15,26,-1,-1,-1,-1
931,22,885,280,15,28,-1,-1,-1,-1
932,22,883,281,16,27,-1,-1,-1,-1
933,22,883,282,15,27,-1,-1,-1,-1
934,22,882,279,17,29,-1,-1,-1,-1
935,22,882,279,17,29,-1,-1,-1,-1
936,22,882,279,16,28,-1,-1,-1,-1
937,22,881,279,17,29,-1,-1,-1,-1
938,22,881,279,17,29,-1,-1,-1,-1
939,22,881,279,17,29,-1,-1,-1,-1
940,22,880,278,18,31,-1,-1,-1,-1
941,22,880,279,17,30,-1,-1,-1,-1
942,22,880,279,16,28,-1,-1,-1,-1
943,22,880,280,16,29,-1,-1,-1,-1
944,22,880,281,16,28,-1,-1,-1,-1
945,22,879,282,16,28,-1,-1,-1,-1
946,22,879,282,16,28,-1,-1,-1,-1
947,22,879,282,15,28,-1,-1,-1,-1
948,22,878,282,17,29,-1,-1,-1,-1
949,22,878,282,16,29,-1,-1,-1,-1
950,22,877,281,17,29,-1,-1,-1,-1
951,22,876,280,18,30,-1,-1,-1,-1
952,22,876,283,17,27,-1,-1,-1,-1
953,22,876,283,16,27,-1,-1,-1,-1
954,22,876,283,16,26,-1,-1,-1,-1
955,22,875,283,17,26,-1,-1,-1,-1
956,22,874,282,17,26,-1,-1,-1,-1
957,22,872,279,19,29,-1,-1,-1,-1
888,28,1212,313,14,28,-1,-1,-1,-1
889,28,1211,314,15,29,-1,-1,-1,-1
890,28,1211,314,14,29,-1,-1,-1,-1
891,28,1208,314,15,30,-1,-1,-1,-1
892,28,1208,314,14,29,-1,-1,-1,-1
893,28,1207,314,13,29,-1,-1,-1,-1
894,28,1206,314,14,30,-1,-1,-1,-1
895,28,1206,314,14,28,-1,-1,-1,-1
896,28,1205,315,16,27,-1,-1,-1,-1
897,28,1205,313,14,28,-1,-1,-1,-1
898,28,1204,313,15,27,-1,-1,-1,-1
899,28,1204,312,15,28,-1,-1,-1,-1
900,28,1204,312,15,28,-1,-1,-1,-1
901,28,1204,313,15,27,-1,-1,-1,-1
902,28,1204,313,15,27,-1,-1,-1,-1
903,28,1203,313,14,27,-1,-1,-1,-1
904,28,1202,313,15,26,-1,-1,-1,-1
905,28,1202,312,14,26,-1,-1,-1,-1
906,28,1201,312,12,26,-1,-1,-1,-1
907,28,1200,313,13,26,-1,-1,-1,-1
908,28,1200,313,13,27,-1,-1,-1,-1
909,28,1198,312,15,27,-1,-1,-1,-1
910,28,1197,311,16,28,-1,-1,-1,-1
911,28,1195,311,17,28,-1,-1,-1,-1
912,28,1195,311,17,29,-1,-1,-1,-1
913,28,1195,311,16,28,-1,-1,-1,-1
914,28,1194,311,16,28,-1,-1,-1,-1
915,28,1193,312,16,28,-1,-1,-1,-1
916,28,1192,312,17,29,-1,-1,-1,-1
917,28,1191,312,17,29,-1,-1,-1,-1
918,28,1191,312,17,30,-1,-1,-1,-1
919,28,1191,313,16,27,-1,-1,-1,-1
920,28,1190,312,16,28,-1,-1,-1,-1
921,28,1190,313,16,27,-1,-1,-1,-1
922,28,1189,312,16,28,-1,-1,-1,-1
923,28,1189,312,16,28,-1,-1,-1,-1
924,28,1188,312,17,28,-1,-1,-1,-1
925,28,1187,312,17,28,-1,-1,-1,-1
926,28,1187,312,16,28,-1,-1,-1,-1
927,28,1186,313,17,27,-1,-1,-1,-1
928,28,1186,313,16,27,-1,-1,-1,-1
929,28,1186,312,16,28,-1,-1,-1,-1
930,28,1185,313,15,26,-1,-1,-1,-1
931,28,1186,313,14,26,-1,-1,-1,-1
932,28,1184,313,14,26,-1,-1,-1,-1
933,28,1183,312,15,27,-1,-1,-1,-1
934,28,1183,313,14,27,-1,-1,-1,-1
935,28,1182,312,15,28,-1,-1,-1,-1
936,28,1181,312,15,28,-1,-1,-1,-1
937,28,1180,312,16,28,-1,-1,-1,-1
938,28,1179,312,16,28,-1,-1,-1,-1
939,28,1177,312,17,28,-1,-1,-1,-1
940,28,1177,311,16,29,-1,-1,-1,-1
941,28,1178,313,14,27,-1,-1,-1,-1
942,28,1177,313,15,27,-1,-1,-1,-1
943,28,1176,312,15,27,-1,-1,-1,-1
944,28,1176,312,15,27,-1,-1,-1,-1
945,28,1175,311,16,29,-1,-1,-1,-1
946,28,1174,310,17,31,-1,-1,-1,-1
947,28,1173,311,18,31,-1,-1,-1,-1
948,28,1172,312,17,29,-1,-1,-1,-1
949,28,1172,312,18,29,-1,-1,-1,-1
950,28,1171,311,18,30,-1,-1,-1,-1
951,28,1171,311,18,30,-1,-1,-1,-1
952,28,1170,311,19,30,-1,-1,-1,-1
953,28,1170,311,17,30,-1,-1,-1,-1
954,28,1169,311,18,30,-1,-1,-1,-1
955,28,1169,310,18,31,-1,-1,-1,-1
956,28,1168,310,18,31,-1,-1,-1,-1
957,28,1167,310,18,31,-1,-1,-1,-1
958,28,1167,311,18,30,-1,-1,-1,-1
959,28,1166,310,19,31,-1,-1,-1,-1
960,28,1165,310,19,30,-1,-1,-1,-1
961,28,1165,311,18,29,-1,-1,-1,-1
962,28,1164,310,17,30,-1,-1,-1,-1
963,28,1162,311,17,29,-1,-1,-1,-1
964,28,1162,311,16,29,-1,-1,-1,-1
965,28,1160,311,18,30,-1,-1,-1,-1
966,28,1160,310,18,30,-1,-1,-1,-1
967,28,1160,311,17,30,-1,-1,-1,-1
968,28,1159,310,18,31,-1,-1,-1,-1
969,28,1158,311,18,30,-1,-1,-1,-1
970,28,1158,311,18,29,-1,-1,-1,-1
971,28,1157,310,18,30,-1,-1,-1,-1
972,28,1157,311,17,30,-1,-1,-1,-1
973,28,1156,311,18,30,-1,-1,-1,-1
974,28,1156,311,18,30,-1,-1,-1,-1
975,28,1156,312,17,29,-1,-1,-1,-1
976,28,1156,312,17,29,-1,-1,-1,-1
977,28,1155,312,17,28,-1,-1,-1,-1
978,28,1155,312,16,28,-1,-1,-1,-1
979,28,1154,311,16,29,-1,-1,-1,-1
980,28,1154,312,16,28,-1,-1,-1,-1
981,28,1154,311,16,29,-1,-1,-1,-1
959,22,871,280,18,26,-1,-1,-1,-1
960,22,872,280,17,28,-1,-1,-1,-1
961,22,873,281,16,26,-1,-1,-1,-1
962,22,873,282,15,26,-1,-1,-1,-1
963,22,871,285,13,25,-1,-1,-1,-1
964,22,870,286,14,25,-1,-1,-1,-1
965,22,869,285,15,25,-1,-1,-1,-1
966,22,869,285,14,25,-1,-1,-1,-1
967,22,868,284,15,27,-1,-1,-1,-1
968,22,868,283,15,27,-1,-1,-1,-1
969,22,867,283,16,26,-1,-1,-1,-1
970,22,867,282,16,27,-1,-1,-1,-1
971,22,867,283,16,27,-1,-1,-1,-1
972,22,867,283,16,28,-1,-1,-1,-1
973,22,866,282,17,28,-1,-1,-1,-1
974,22,866,283,16,27,-1,-1,-1,-1
975,22,865,283,15,26,-1,-1,-1,-1
976,22,865,283,16,27,-1,-1,-1,-1
977,22,864,283,16,27,-1,-1,-1,-1
978,22,865,283,15,27,-1,-1,-1,-1
979,22,864,284,15,26,-1,-1,-1,-1
980,22,864,284,15,27,-1,-1,-1,-1
981,22,863,283,15,28,-1,-1,-1,-1
