18,0,1205,349,20,34,-1,-1,-1,-1
19,0,1205,349,20,35,-1,-1,-1,-1
20,0,1206,350,19,33,-1,-1,-1,-1
21,0,1205,348,19,34,-1,-1,-1,-1
22,0,1204,349,20,36,-1,-1,-1,-1
23,0,1203,350,21,36,-1,-1,-1,-1
24,0,1204,352,20,34,-1,-1,-1,-1
45,1,1201,354,17,34,-1,-1,-1,-1
46,1,1201,354,19,36,-1,-1,-1,-1
47,1,1201,355,18,34,-1,-1,-1,-1
53,1,1201,355,17,32,-1,-1,-1,-1
54,1,1201,355,17,32,-1,-1,-1,-1
55,1,1201,355,17,32,-1,-1,-1,-1
56,1,1201,355,16,32,-1,-1,-1,-1
62,3,101,541,30,50,-1,-1,-1,-1
63,3,104,544,32,53,-1,-1,-1,-1
64,3,107,539,33,59,-1,-1,-1,-1
65,3,114,546,28,48,-1,-1,-1,-1
66,3,116,548,33,50,-1,-1,-1,-1
67,3,121,547,35,62,-1,-1,-1,-1
68,3,128,549,32,60,-1,-1,-1,-1
69,3,134,550,32,59,-1,-1,-1,-1
70,3,139,550,35,61,-1,-1,-1,-1
71,3,139,548,40,68,-1,-1,-1,-1
72,3,147,553,36,65,-1,-1,-1,-1
73,3,152,554,36,62,-1,-1,-1,-1
74,3,155,555,32,56,-1,-1,-1,-1
77,4,169,557,32,63,-1,-1,-1,-1
78,4,172,560,36,63,-1,-1,-1,-1
79,4,175,569,42,56,-1,-1,-1,-1
80,4,183,565,36,58,-1,-1,-1,-1
81,4,187,564,39,66,-1,-1,-1,-1
82,4,192,567,37,57,-1,-1,-1,-1
83,4,199,567,32,63,-1,-1,-1,-1
84,4,202,568,34,63,-1,-1,-1,-1
85,4,204,567,45,69,-1,-1,-1,-1
86,4,213,568,36,66,-1,-1,-1,-1
87,4,219,569,37,68,-1,-1,-1,-1
88,4,222,570,39,67,-1,-1,-1,-1
89,4,233,576,42,67,-1,-1,-1,-1
1,5,1197,283,17,26,-1,-1,-1,-1
2,5,1197,283,17,26,-1,-1,-1,-1
3,5,1196,283,17,25,-1,-1,-1,-1
4,5,1195,282,17,28,-1,-1,-1,-1
5,5,1195,283,17,25,-1,-1,-1,-1
6,5,1195,284,17,24,-1,-1,-1,-1
7,5,1195,283,16,26,-1,-1,-1,-1
8,5,1194,283,17,26,-1,-1,-1,-1
9,5,1193,283,18,26,-1,-1,-1,-1
10,5,1193,284,17,26,-1,-1,-1,-1
11,5,1192,284,17,26,-1,-1,-1,-1
12,5,1191,285,18,25,-1,-1,-1,-1
13,5,1193,283,14,30,-1,-1,-1,-1
14,5,1190,283,18,30,-1,-1,-1,-1
15,5,1191,284,16,26,-1,-1,-1,-1
16,5,1191,282,14,29,-1,-1,-1,-1
17,5,1190,283,16,26,-1,-1,-1,-1
18,5,1189,282,16,25,-1,-1,-1,-1
19,5,1189,281,16,25,-1,-1,-1,-1
20,5,1189,282,16,26,-1,-1,-1,-1
21,5,1189,282,16,26,-1,-1,-1,-1
22,5,1189,282,16,25,-1,-1,-1,-1
23,5,1188,281,17,26,-1,-1,-1,-1
24,5,1188,281,17,27,-1,-1,-1,-1
25,5,1188,282,17,27,-1,-1,-1,-1
26,5,1187,282,18,28,-1,-1,-1,-1
27,5,1187,282,15,26,-1,-1,-1,-1
28,5,1186,282,15,27,-1,-1,-1,-1
29,5,1186,281,14,28,-1,-1,-1,-1
30,5,1185,282,15,27,-1,-1,-1,-1
31,5,1185,282,14,27,-1,-1,-1,-1
32,5,1184,282,14,27,-1,-1,-1,-1
33,5,1184,281,14,27,-1,-1,-1,-1
34,5,1184,280,13,26,-1,-1,-1,-1
35,5,1183,280,14,26,-1,-1,-1,-1
36,5,1182,280,14,25,-1,-1,-1,-1
37,5,1182,281,14,26,-1,-1,-1,-1
38,5,1181,280,14,25,-1,-1,-1,-1
39,5,1180,280,15,26,-1,-1,-1,-1
40,5,1180,280,15,26,-1,-1,-1,-1
41,5,1180,280,15,26,-1,-1,-1,-1
42,5,1180,280,14,26,-1,-1,-1,-1
43,5,1179,280,14,26,-1,-1,-1,-1
44,5,1178,279,15,27,-1,-1,-1,-1
45,5,1178,280,14,27,-1,-1,-1,-1
46,5,1177,280,15,27,-1,-1,-1,-1
47,5,1177,280,15,27,-1,-1,-1,-1
48,5,1177,280,15,27,-1,-1,-1,-1
49,5,1176,280,15,27,-1,-1,-1,-1
50,5,1176,280,15,27,-1,-1,-1,-1
51,5,1175,281,15,26,-1,-1,-1,-1
52,5,1175,281,15,26,-1,-1,-1,-1
53,5,1175,280,14,26,-1,-1,-1,-1
54,5,1174,280,15,26,-1,-1,-1,-1
55,5,1173,279,17,27,-1,-1,-1,-1
56,5,1173,280,16,26,-1,-1,-1,-1
57,5,1171,281,17,27,-1,-1,-1,-1
58,5,1171,281,17,27,-1,-1,-1,-1
59,5,1170,281,17,27,-1,-1,-1,-1
60,5,1170,281,16,28,-1,-1,-1,-1
61,5,1169,280,17,27,-1,-1,-1,-1
62,5,1168,280,16,27,-1,-1,-1,-1
63,5,1169,281,15,26,-1,-1,-1,-1
64,5,1168,281,16,27,-1,-1,-1,-1
65,5,1167,281,16,26,-1,-1,-1,-1
66,5,1166,280,16,25,-1,-1,-1,-1
67,5,1166,280,15,25,-1,-1,-1,-1
68,5,1166,280,15,25,-1,-1,-1,-1
69,5,1166,279,14,25,-1,-1,-1,-1
70,5,1165,280,15,25,-1,-1,-1,-1
71,5,1165,280,15,26,-1,-1,-1,-1
72,5,1164,279,16,26,-1,-1,-1,-1
73,5,1163,279,17,26,-1,-1,-1,-1
74,5,1163,279,16,26,-1,-1,-1,-1
75,5,1161,278,18,28,-1,-1,-1,-1
76,5,1160,278,18,28,-1,-1,-1,-1
77,5,1161,279,17,26,-1,-1,-1,-1
78,5,1160,279,18,26,-1,-1,-1,-1
79,5,1160,278,17,28,-1,-1,-1,-1
80,5,1160,279,17,26,-1,-1,-1,-1
81,5,1159,278,18,27,-1,-1,-1,-1
82,5,1159,278,16,26,-1,-1,-1,-1
83,5,1158,279,17,23,-1,-1,-1,-1
84,5,1158,279,16,24,-1,-1,-1,-1
85,5,1158,278,17,24,-1,-1,-1,-1
86,5,1157,279,18,24,-1,-1,-1,-1
87,5,1156,277,17,26,-1,-1,-1,-1
88,5,1156,277,18,26,-1,-1,-1,-1
89,5,1156,277,18,25,-1,-1,-1,-1
90,5,1156,279,17,26,-1,-1,-1,-1
91,5,1156,280,15,25,-1,-1,-1,-1
92,5,1155,278,15,25,-1,-1,-1,-1
93,5,1153,278,16,25,-1,-1,-1,-1
94,5,1153,276,16,26,-1,-1,-1,-1
91,6,243,576,42,68,-1,-1,-1,-1
92,6,247,579,45,68,-1,-1,-1,-1
93,6,252,581,45,67,-1,-1,-1,-1
94,6,256,581,46,71,-1,-1,-1,-1
95,6,260,581,51,69,-1,-1,-1,-1
96,6,268,582,44,69,-1,-1,-1,-1
97,6,273,585,46,68,-1,-1,-1,-1
98,6,278,585,44,68,-1,-1,-1,-1
99,6,284,586,44,68,-1,-1,-1,-1
100,6,290,588,39,67,-1,-1,-1,-1
101,6,297,591,46,67,-1,-1,-1,-1
102,6,299,589,43,71,-1,-1,-1,-1
103,6,304,593,49,72,-1,-1,-1,-1
104,6,308,596,51,68,-1,-1,-1,-1
105,6,317,597,43,67,-1,-1,-1,-1
106,6,323,599,41,66,-1,-1,-1,-1
107,6,327,598,48,70,-1,-1,-1,-1
108,6,332,597,52,74,-1,-1,-1,-1
109,6,338,599,44,73,-1,-1,-1,-1
110,6,348,605,45,70,-1,-1,-1,-1
111,6,358,608,40,71,-1,-1,-1,-1
112,6,363,609,41,69,-1,-1,-1,-1
113,6,369,611,36,63,-1,-1,-1,-1
114,6,373,612,42,67,-1,-1,-1,-1
115,6,380,614,40,65,-1,-1,-1,-1
116,6,383,615,38,64,-1,-1,-1,-1
117,6,389,616,44,66,-1,-1,-1,-1
118,6,401,618,43,68,-1,-1,-1,-1
119,6,407,619,44,71,-1,-1,-1,-1
120,6,416,621,37,63,-1,-1,-1,-1
121,6,420,624,44,67,-1,-1,-1,-1
122,6,427,624,41,68,-1,-1,-1,-1
123,6,431,626,47,67,-1,-1,-1,-1
124,6,431,627,59,69,-1,-1,-1,-1
125,6,443,627,52,70,-1,-1,-1,-1
126,6,449,628,56,71,-1,-1,-1,-1
127,6,457,629,50,73,-1,-1,-1,-1
131,7,482,633,43,71,-1,-1,-1,-1
132,7,493,636,42,67,-1,-1,-1,-1
133,7,493,633,53,76,-1,-1,-1,-1
134,7,503,635,48,71,-1,-1,-1,-1
103,8,1150,279,14,25,-1,-1,-1,-1
104,8,1149,278,15,25,-1,-1,-1,-1
105,8,1150,276,15,26,-1,-1,-1,-1
106,8,1149,276,16,27,-1,-1,-1,-1
107,8,1149,276,15,27,-1,-1,-1,-1
108,8,1149,277,14,25,-1,-1,-1,-1
109,8,1148,277,14,24,-1,-1,-1,-1
110,8,1148,277,14,25,-1,-1,-1,-1
111,8,1147,277,15,25,-1,-1,-1,-1
112,8,1147,277,16,25,-1,-1,-1,-1
113,8,1146,278,16,24,-1,-1,-1,-1
114,8,1146,277,16,25,-1,-1,-1,-1
115,8,1144,276,17,26,-1,-1,-1,-1
116,8,1143,276,16,27,-1,-1,-1,-1
117,8,1143,278,16,26,-1,-1,-1,-1
118,8,1142,275,18,27,-1,-1,-1,-1
119,8,1141,277,15,26,-1,-1,-1,-1
120,8,1141,277,15,26,-1,-1,-1,-1
121,8,1141,277,16,26,-1,-1,-1,-1
122,8,1141,276,16,27,-1,-1,-1,-1
123,8,1141,277,15,26,-1,-1,-1,-1
124,8,1140,276,16,26,-1,-1,-1,-1
125,8,1140,276,15,26,-1,-1,-1,-1
126,8,1140,276,15,26,-1,-1,-1,-1
127,8,1140,276,14,23,-1,-1,-1,-1
128,8,1138,277,13,23,-1,-1,-1,-1
129,8,1137,276,14,25,-1,-1,-1,-1
130,8,1137,276,14,24,-1,-1,-1,-1
131,8,1136,276,15,26,-1,-1,-1,-1
132,8,1135,276,16,25,-1,-1,-1,-1
133,8,1135,276,16,25,-1,-1,-1,-1
134,8,1134,277,17,25,-1,-1,-1,-1
135,8,1135,277,15,26,-1,-1,-1,-1
136,8,1133,277,16,25,-1,-1,-1,-1
137,8,1133,276,16,25,-1,-1,-1,-1
138,8,1132,277,16,23,-1,-1,-1,-1
139,8,1132,276,15,24,-1,-1,-1,-1
140,8,1131,276,15,25,-1,-1,-1,-1
141,8,1131,276,15,25,-1,-1,-1,-1
142,8,1130,275,17,25,-1,-1,-1,-1
143,8,1130,275,17,25,-1,-1,-1,-1
144,8,1130,274,17,26,-1,-1,-1,-1
145,8,1130,275,16,25,-1,-1,-1,-1
146,8,1130,274,16,26,-1,-1,-1,-1
147,8,1129,275,17,27,-1,-1,-1,-1
148,8,1129,275,17,27,-1,-1,-1,-1
149,8,1128,275,17,27,-1,-1,-1,-1
150,8,1127,274,18,27,-1,-1,-1,-1
151,8,1127,274,18,27,-1,-1,-1,-1
152,8,1127,274,18,27,-1,-1,-1,-1
153,8,1127,275,18,26,-1,-1,-1,-1
154,8,1126,276,17,25,-1,-1,-1,-1
155,8,1126,276,17,25,-1,-1,-1,-1
156,8,1126,275,17,26,-1,-1,-1,-1
157,8,1126,276,16,25,-1,-1,-1,-1
158,8,1125,276,16,25,-1,-1,-1,-1
159,8,1124,276,16,24,-1,-1,-1,-1
160,8,1126,273,16,25,-1,-1,-1,-1
161,8,1126,275,16,24,-1,-1,-1,-1
162,8,1126,276,16,23,-1,-1,-1,-1
163,8,1126,276,15,23,-1,-1,-1,-1
164,8,1125,275,15,24,-1,-1,-1,-1
165,8,1121,274,15,24,-1,-1,-1,-1
166,8,1120,273,15,25,-1,-1,-1,-1
167,8,1119,275,16,24,-1,-1,-1,-1
168,8,1119,274,15,24,-1,-1,-1,-1
169,8,1119,274,15,25,-1,-1,-1,-1
170,8,1118,276,16,24,-1,-1,-1,-1
171,8,1118,275,15,24,-1,-1,-1,-1
172,8,1117,275,16,24,-1,-1,-1,-1
173,8,1116,274,16,24,-1,-1,-1,-1
174,8,1115,273,16,25,-1,-1,-1,-1
175,8,1115,273,16,25,-1,-1,-1,-1
176,8,1115,272,15,25,-1,-1,-1,-1
177,8,1115,272,15,26,-1,-1,-1,-1
178,8,1115,273,15,26,-1,-1,-1,-1
179,8,1114,273,15,25,-1,-1,-1,-1
180,8,1114,273,15,26,-1,-1,-1,-1
181,8,1113,273,16,26,-1,-1,-1,-1
182,8,1113,273,16,26,-1,-1,-1,-1
183,8,1112,274,16,26,-1,-1,-1,-1
184,8,1112,274,16,27,-1,-1,-1,-1
185,8,1112,273,16,27,-1,-1,-1,-1
186,8,1110,276,16,23,-1,-1,-1,-1
187,8,1110,274,16,24,-1,-1,-1,-1
188,8,1110,274,16,25,-1,-1,-1,-1
189,8,1109,272,17,26,-1,-1,-1,-1
190,8,1108,272,16,25,-1,-1,-1,-1
191,8,1107,272,15,26,-1,-1,-1,-1
192,8,1107,273,15,24,-1,-1,-1,-1
193,8,1107,272,14,25,-1,-1,-1,-1
194,8,1106,272,14,25,-1,-1,-1,-1
195,8,1106,273,14,24,-1,-1,-1,-1
196,8,1106,273,14,24,-1,-1,-1,-1
197,8,1105,274,15,23,-1,-1,-1,-1
198,8,1105,275,15,24,-1,-1,-1,-1
199,8,1105,276,15,23,-1,-1,-1,-1
200,8,1103,275,16,23,-1,-1,-1,-1
201,8,1104,275,15,23,-1,-1,-1,-1
202,8,1104,274,14,23,-1,-1,-1,-1
203,8,1103,274,15,23,-1,-1,-1,-1
204,8,1102,274,15,24,-1,-1,-1,-1
205,8,1103,273,14,23,-1,-1,-1,-1
206,8,1103,275,14,22,-1,-1,-1,-1
207,8,1100,275,16,27,-1,-1,-1,-1
208,8,1101,275,14,24,-1,-1,-1,-1
211,9,1098,276,15,29,-1,-1,-1,-1
212,9,1099,274,15,27,-1,-1,-1,-1
213,9,1100,273,15,25,-1,-1,-1,-1
214,9,1100,273,15,25,-1,-1,-1,-1
215,9,1099,274,15,25,-1,-1,-1,-1
216,9,1098,273,15,26,-1,-1,-1,-1
217,9,1098,273,16,28,-1,-1,-1,-1
218,9,1098,272,15,27,-1,-1,-1,-1
226,10,1092,273,15,25,-1,-1,-1,-1
227,10,1092,273,16,25,-1,-1,-1,-1
228,10,1092,273,15,26,-1,-1,-1,-1
229,10,1091,274,15,25,-1,-1,-1,-1
230,10,1090,274,16,25,-1,-1,-1,-1
231,10,1090,274,16,24,-1,-1,-1,-1
232,10,1090,273,15,25,-1,-1,-1,-1
233,10,1090,273,15,25,-1,-1,-1,-1
234,10,1089,273,15,25,-1,-1,-1,-1
239,11,1085,272,16,25,-1,-1,-1,-1
240,11,1084,271,17,26,-1,-1,-1,-1
241,11,1084,272,15,25,-1,-1,-1,-1
242,11,1084,271,15,25,-1,-1,-1,-1
243,11,1083,271,15,26,-1,-1,-1,-1
244,11,1084,271,15,26,-1,-1,-1,-1
245,11,1083,272,15,25,-1,-1,-1,-1
246,11,1082,272,16,26,-1,-1,-1,-1
247,11,1082,272,15,26,-1,-1,-1,-1
248,11,1081,273,16,25,-1,-1,-1,-1
249,11,1081,272,16,25,-1,-1,-1,-1
250,11,1081,272,16,25,-1,-1,-1,-1
251,11,1081,273,16,25,-1,-1,-1,-1
252,11,1082,273,15,25,-1,-1,-1,-1
253,11,1081,274,16,25,-1,-1,-1,-1
254,11,1082,274,15,24,-1,-1,-1,-1
259,12,1077,275,16,25,-1,-1,-1,-1
260,12,1077,271,15,26,-1,-1,-1,-1
261,12,1076,271,15,25,-1,-1,-1,-1
262,12,1076,272,14,25,-1,-1,-1,-1
263,12,1075,271,15,25,-1,-1,-1,-1
264,12,1075,273,15,25,-1,-1,-1,-1
268,13,1071,274,17,24,-1,-1,-1,-1
269,13,1071,273,16,25,-1,-1,-1,-1
270,13,1070,273,17,25,-1,-1,-1,-1
271,13,1071,273,15,24,-1,-1,-1,-1
272,13,1070,272,16,26,-1,-1,-1,-1
273,13,1069,272,17,26,-1,-1,-1,-1
274,13,1070,272,16,26,-1,-1,-1,-1
275,13,1069,272,16,27,-1,-1,-1,-1
276,13,1068,271,18,27,-1,-1,-1,-1
277,13,1069,271,17,27,-1,-1,-1,-1
278,13,1068,271,17,27,-1,-1,-1,-1
279,13,1068,271,17,27,-1,-1,-1,-1
280,13,1067,271,17,27,-1,-1,-1,-1
281,13,1067,271,16,28,-1,-1,-1,-1
282,13,1066,272,17,28,-1,-1,-1,-1
283,13,1066,271,17,28,-1,-1,-1,-1
284,13,1066,271,17,28,-1,-1,-1,-1
285,13,1066,271,17,27,-1,-1,-1,-1
314,14,1050,270,16,27,-1,-1,-1,-1
315,14,1050,269,16,27,-1,-1,-1,-1
316,14,1050,270,16,27,-1,-1,-1,-1
1,15,1111,653,32,64,-1,-1,-1,-1
2,15,1112,654,33,62,-1,-1,-1,-1
3,15,1113,655,33,61,-1,-1,-1,-1
4,15,1113,655,35,62,-1,-1,-1,-1
5,15,1114,655,32,61,-1,-1,-1,-1
6,15,1113,654,36,64,-1,-1,-1,-1
7,15,1114,652,38,67,-1,-1,-1,-1
8,15,1114,652,40,67,-1,-1,-1,-1
9,15,1113,651,41,69,-1,-1,-1,-1
10,15,1116,650,39,70,-1,-1,-1,-1
11,15,1117,650,37,69,-1,-1,-1,-1
12,15,1119,650,35,67,-1,-1,-1,-1
13,15,1119,650,34,64,-1,-1,-1,-1
14,15,1120,649,32,65,-1,-1,-1,-1
15,15,1119,647,34,70,-1,-1,-1,-1
16,15,1119,647,34,70,-1,-1,-1,-1
17,15,1121,646,32,70,-1,-1,-1,-1
18,15,1120,646,34,73,-1,-1,-1,-1
19,15,1120,645,35,74,-1,-1,-1,-1
20,15,1120,644,35,74,-1,-1,-1,-1
21,15,1121,645,37,72,-1,-1,-1,-1
22,15,1120,642,38,74,-1,-1,-1,-1
23,15,1120,639,41,76,-1,-1,-1,-1
24,15,1121,639,40,78,-1,-1,-1,-1
25,15,1121,639,41,78,-1,-1,-1,-1
26,15,1122,639,40,78,-1,-1,-1,-1
27,15,1124,639,39,77,-1,-1,-1,-1
28,15,1124,641,38,75,-1,-1,-1,-1
29,15,1124,642,38,72,-1,-1,-1,-1
30,15,1129,643,34,68,-1,-1,-1,-1
31,15,1130,643,31,66,-1,-1,-1,-1
32,15,1132,641,31,68,-1,-1,-1,-1
33,15,1134,637,27,72,-1,-1,-1,-1
34,15,1133,635,29,74,-1,-1,-1,-1
35,15,1133,635,31,72,-1,-1,-1,-1
36,15,1133,634,33,76,-1,-1,-1,-1
37,15,1131,632,38,77,-1,-1,-1,-1
38,15,1131,631,40,80,-1,-1,-1,-1
39,15,1132,630,41,82,-1,-1,-1,-1
40,15,1131,631,41,81,-1,-1,-1,-1
41,15,1132,632,40,81,-1,-1,-1,-1
42,15,1133,632,40,80,-1,-1,-1,-1
43,15,1133,633,39,76,-1,-1,-1,-1
44,15,1133,632,39,76,-1,-1,-1,-1
45,15,1136,631,36,76,-1,-1,-1,-1
46,15,1136,631,35,75,-1,-1,-1,-1
47,15,1134,627,36,81,-1,-1,-1,-1
48,15,1135,626,35,81,-1,-1,-1,-1
49,15,1135,625,38,81,-1,-1,-1,-1
50,15,1135,624,37,80,-1,-1,-1,-1
51,15,1135,621,42,84,-1,-1,-1,-1
52,15,1137,619,41,83,-1,-1,-1,-1
53,15,1136,620,39,80,-1,-1,-1,-1
54,15,1136,619,42,81,-1,-1,-1,-1
55,15,1137,620,39,79,-1,-1,-1,-1
56,15,1137,618,44,83,-1,-1,-1,-1
57,15,1141,623,38,77,-1,-1,-1,-1
58,15,1145,622,35,75,-1,-1,-1,-1
59,15,1146,621,36,76,-1,-1,-1,-1
60,15,1146,620,37,77,-1,-1,-1,-1
61,15,1146,619,38,78,-1,-1,-1,-1
62,15,1146,619,40,78,-1,-1,-1,-1
63,15,1147,619,40,77,-1,-1,-1,-1
64,15,1149,618,39,76,-1,-1,-1,-1
65,15,1149,617,41,77,-1,-1,-1,-1
66,15,1150,616,41,79,-1,-1,-1,-1
67,15,1150,616,40,78,-1,-1,-1,-1
68,15,1150,616,42,80,-1,-1,-1,-1
69,15,1150,616,41,79,-1,-1,-1,-1
70,15,1150,616,42,80,-1,-1,-1,-1
71,15,1151,616,40,79,-1,-1,-1,-1
72,15,1152,616,38,79,-1,-1,-1,-1
73,15,1152,615,40,80,-1,-1,-1,-1
74,15,1152,614,41,81,-1,-1,-1,-1
75,15,1152,614,41,79,-1,-1,-1,-1
76,15,1153,612,39,81,-1,-1,-1,-1
77,15,1153,610,40,83,-1,-1,-1,-1
78,15,1153,610,38,82,-1,-1,-1,-1
79,15,1154,610,38,80,-1,-1,-1,-1
80,15,1154,609,38,79,-1,-1,-1,-1
81,15,1155,608,38,80,-1,-1,-1,-1
82,15,1156,608,38,80,-1,-1,-1,-1
83,15,1157,609,37,76,-1,-1,-1,-1
84,15,1156,609,38,77,-1,-1,-1,-1
85,15,1157,608,39,80,-1,-1,-1,-1
86,15,1157,608,40,79,-1,-1,-1,-1
87,15,1161,608,38,76,-1,-1,-1,-1
88,15,1161,608,38,76,-1,-1,-1,-1
89,15,1161,607,41,79,-1,-1,-1,-1
90,15,1161,606,42,79,-1,-1,-1,-1
91,15,1162,606,41,78,-1,-1,-1,-1
92,15,1162,606,41,79,-1,-1,-1,-1
93,15,1163,606,41,76,-1,-1,-1,-1
94,15,1163,606,41,75,-1,-1,-1,-1
95,15,1164,605,42,75,-1,-1,-1,-1
96,15,1165,605,41,74,-1,-1,-1,-1
97,15,1165,604,42,75,-1,-1,-1,-1
98,15,1166,604,40,74,-1,-1,-1,-1
99,15,1166,603,41,76,-1,-1,-1,-1
100,15,1167,603,40,76,-1,-1,-1,-1
101,15,1167,603,42,75,-1,-1,-1,-1
102,15,1167,603,43,76,-1,-1,-1,-1
103,15,1168,602,43,79,-1,-1,-1,-1
104,15,1168,601,43,80,-1,-1,-1,-1
105,15,1167,601,42,79,-1,-1,-1,-1
106,15,1168,601,40,78,-1,-1,-1,-1
107,15,1170,599,39,79,-1,-1,-1,-1
108,15,1170,600,34,73,-1,-1,-1,-1
109,15,1170,598,37,76,-1,-1,-1,-1
110,15,1171,599,38,73,-1,-1,-1,-1
111,15,1170,598,38,73,-1,-1,-1,-1
112,15,1170,598,37,72,-1,-1,-1,-1
113,15,1171,598,37,72,-1,-1,-1,-1
114,15,1173,598,36,70,-1,-1,-1,-1
115,15,1173,598,36,72,-1,-1,-1,-1
116,15,1173,597,36,73,-1,-1,-1,-1
117,15,1173,597,36,73,-1,-1,-1,-1
118,15,1175,597,34,73,-1,-1,-1,-1
119,15,1175,596,36,74,-1,-1,-1,-1
120,15,1175,596,39,74,-1,-1,-1,-1
121,15,1175,594,39,76,-1,-1,-1,-1
122,15,1175,593,41,76,-1,-1,-1,-1
123,15,1175,593,41,74,-1,-1,-1,-1
124,15,1174,592,40,74,-1,-1,-1,-1
125,15,1174,592,42,75,-1,-1,-1,-1
126,15,1178,590,38,75,-1,-1,-1,-1
127,15,1177,591,37,72,-1,-1,-1,-1
128,15,1178,590,37,73,-1,-1,-1,-1
129,15,1179,588,38,75,-1,-1,-1,-1
130,15,1177,590,40,74,-1,-1,-1,-1
131,15,1178,590,39,73,-1,-1,-1,-1
132,15,1178,590,41,73,-1,-1,-1,-1
133,15,1177,590,42,76,-1,-1,-1,-1
134,15,1178,589,43,79,-1,-1,-1,-1
135,15,1179,589,41,77,-1,-1,-1,-1
136,15,1180,588,41,76,-1,-1,-1,-1
137,15,1181,588,41,77,-1,-1,-1,-1
138,15,1181,587,44,75,-1,-1,-1,-1
139,15,1183,587,44,75,-1,-1,-1,-1
140,15,1183,584,46,79,-1,-1,-1,-1
141,15,1184,584,46,79,-1,-1,-1,-1
142,15,1183,585,41,76,-1,-1,-1,-1
143,15,1185,585,41,76,-1,-1,-1,-1
144,15,1185,585,40,75,-1,-1,-1,-1
145,15,1186,584,40,76,-1,-1,-1,-1
146,15,1186,585,41,75,-1,-1,-1,-1
147,15,1186,586,41,73,-1,-1,-1,-1
148,15,1186,586,38,71,-1,-1,-1,-1
149,15,1187,584,36,73,-1,-1,-1,-1
150,15,1187,585,37,71,-1,-1,-1,-1
151,15,1187,585,39,72,-1,-1,-1,-1
152,15,1189,583,37,69,-1,-1,-1,-1
153,15,1189,582,37,72,-1,-1,-1,-1
154,15,1190,582,37,71,-1,-1,-1,-1
155,15,1190,582,36,69,-1,-1,-1,-1
156,15,1191,582,35,66,-1,-1,-1,-1
157,15,1191,582,35,67,-1,-1,-1,-1
158,15,1189,581,38,70,-1,-1,-1,-1
159,15,1190,581,36,69,-1,-1,-1,-1
160,15,1190,579,38,74,-1,-1,-1,-1
161,15,1190,579,40,74,-1,-1,-1,-1
162,15,1191,578,38,77,-1,-1,-1,-1
163,15,1192,579,38,75,-1,-1,-1,-1
164,15,1192,579,37,74,-1,-1,-1,-1
165,15,1192,578,37,75,-1,-1,-1,-1
166,15,1192,578,37,74,-1,-1,-1,-1
167,15,1192,578,37,74,-1,-1,-1,-1
168,15,1194,578,35,70,-1,-1,-1,-1
169,15,1193,578,35,69,-1,-1,-1,-1
170,15,1194,577,34,69,-1,-1,-1,-1
171,15,1194,576,35,68,-1,-1,-1,-1
172,15,1195,576,35,69,-1,-1,-1,-1
173,15,1194,575,38,71,-1,-1,-1,-1
174,15,1195,575,38,70,-1,-1,-1,-1
175,15,1195,575,38,71,-1,-1,-1,-1
176,15,1196,574,39,71,-1,-1,-1,-1
177,15,1195,575,40,70,-1,-1,-1,-1
178,15,1196,575,39,69,-1,-1,-1,-1
179,15,1197,574,38,70,-1,-1,-1,-1
180,15,1197,574,39,70,-1,-1,-1,-1
181,15,1198,574,38,70,-1,-1,-1,-1
182,15,1198,574,38,71,-1,-1,-1,-1
183,15,1198,574,38,71,-1,-1,-1,-1
184,15,1198,573,38,71,-1,-1,-1,-1
185,15,1197,573,39,71,-1,-1,-1,-1
186,15,1199,572,38,71,-1,-1,-1,-1
187,15,1199,571,38,72,-1,-1,-1,-1
188,15,1199,570,39,73,-1,-1,-1,-1
189,15,1200,570,41,74,-1,-1,-1,-1
190,15,1200,570,40,72,-1,-1,-1,-1
191,15,1201,570,41,72,-1,-1,-1,-1
192,15,1201,569,40,72,-1,-1,-1,-1
193,15,1201,570,40,70,-1,-1,-1,-1
194,15,1201,570,41,72,-1,-1,-1,-1
195,15,1201,570,39,69,-1,-1,-1,-1
196,15,1201,569,41,74,-1,-1,-1,-1
197,15,1201,568,40,76,-1,-1,-1,-1
198,15,1202,568,35,73,-1,-1,-1,-1
199,15,1201,568,36,72,-1,-1,-1,-1
200,15,1203,567,36,68,-1,-1,-1,-1
201,15,1203,568,35,66,-1,-1,-1,-1
202,15,1204,567,34,67,-1,-1,-1,-1
203,15,1206,566,31,68,-1,-1,-1,-1
204,15,1206,566,32,66,-1,-1,-1,-1
205,15,1206,566,32,67,-1,-1,-1,-1
206,15,1206,566,33,66,-1,-1,-1,-1
207,15,1207,566,32,65,-1,-1,-1,-1
208,15,1207,566,32,65,-1,-1,-1,-1
209,15,1209,566,31,65,-1,-1,-1,-1
210,15,1209,566,32,66,-1,-1,-1,-1
211,15,1209,565,33,67,-1,-1,-1,-1
212,15,1209,564,32,67,-1,-1,-1,-1
213,15,1210,563,31,69,-1,-1,-1,-1
214,15,1210,563,31,68,-1,-1,-1,-1
215,15,1210,562,31,69,-1,-1,-1,-1
216,15,1211,561,31,69,-1,-1,-1,-1
217,15,1211,560,32,71,-1,-1,-1,-1
218,15,1211,560,32,70,-1,-1,-1,-1
219,15,1211,560,33,69,-1,-1,-1,-1
220,15,1211,560,33,68,-1,-1,-1,-1
221,15,1211,558,36,71,-1,-1,-1,-1
222,15,1211,558,38,72,-1,-1,-1,-1
223,15,1210,559,40,72,-1,-1,-1,-1
224,15,1211,559,39,72,-1,-1,-1,-1
225,15,1211,559,39,73,-1,-1,-1,-1
226,15,1211,559,39,72,-1,-1,-1,-1
227,15,1211,559,38,72,-1,-1,-1,-1
228,15,1211,558,39,74,-1,-1,-1,-1
229,15,1211,558,39,73,-1,-1,-1,-1
230,15,1211,558,38,73,-1,-1,-1,-1
231,15,1212,558,35,69,-1,-1,-1,-1
232,15,1212,558,34,66,-1,-1,-1,-1
233,15,1211,557,37,68,-1,-1,-1,-1
234,15,1212,556,35,69,-1,-1,-1,-1
235,15,1212,555,36,69,-1,-1,-1,-1
236,15,1212,556,35,68,-1,-1,-1,-1
237,15,1213,555,35,68,-1,-1,-1,-1
238,15,1214,554,36,69,-1,-1,-1,-1
239,15,1215,555,34,68,-1,-1,-1,-1
240,15,1215,555,33,68,-1,-1,-1,-1
241,15,1216,555,32,66,-1,-1,-1,-1
242,15,1216,555,32,65,-1,-1,-1,-1
243,15,1216,554,32,66,-1,-1,-1,-1
244,15,1216,554,32,65,-1,-1,-1,-1
245,15,1217,554,32,65,-1,-1,-1,-1
246,15,1218,554,31,65,-1,-1,-1,-1
247,15,1218,553,33,65,-1,-1,-1,-1
248,15,1218,553,33,65,-1,-1,-1,-1
249,15,1218,553,32,65,-1,-1,-1,-1
250,15,1218,553,33,64,-1,-1,-1,-1
251,15,1219,553,32,64,-1,-1,-1,-1
252,15,1218,553,32,64,-1,-1,-1,-1
253,15,1220,553,31,63,-1,-1,-1,-1
254,15,1221,552,31,65,-1,-1,-1,-1
255,15,1221,552,31,64,-1,-1,-1,-1
256,15,1222,552,31,64,-1,-1,-1,-1
257,15,1223,552,31,64,-1,-1,-1,-1
258,15,1223,552,31,62,-1,-1,-1,-1
259,15,1222,550,33,64,-1,-1,-1,-1
260,15,1223,549,32,63,-1,-1,-1,-1
261,15,1223,549,32,62,-1,-1,-1,-1
262,15,1224,548,32,63,-1,-1,-1,-1
263,15,1225,548,32,63,-1,-1,-1,-1
264,15,1226,548,33,65,-1,-1,-1,-1
265,15,1226,547,35,67,-1,-1,-1,-1
266,15,1225,546,36,69,-1,-1,-1,-1
267,15,1225,546,36,69,-1,-1,-1,-1
268,15,1227,545,34,69,-1,-1,-1,-1
269,15,1226,545,35,69,-1,-1,-1,-1
270,15,1227,546,36,69,-1,-1,-1,-1
271,15,1227,546,35,68,-1,-1,-1,-1
272,15,1227,547,35,66,-1,-1,-1,-1
273,15,1229,545,34,66,-1,-1,-1,-1
274,15,1229,545,32,65,-1,-1,-1,-1
275,15,1230,545,31,64,-1,-1,-1,-1
276,15,1229,545,34,66,-1,-1,-1,-1
277,15,1229,545,34,66,-1,-1,-1,-1
278,15,1230,543,33,67,-1,-1,-1,-1
279,15,1230,542,33,67,-1,-1,-1,-1
280,15,1231,543,32,66,-1,-1,-1,-1
281,15,1232,543,30,64,-1,-1,-1,-1
282,15,1232,544,30,63,-1,-1,-1,-1
283,15,1232,545,31,63,-1,-1,-1,-1
284,15,1233,545,30,63,-1,-1,-1,-1
285,15,1234,547,30,59,-1,-1,-1,-1
286,15,1235,547,29,58,-1,-1,-1,-1
287,15,1234,547,31,60,-1,-1,-1,-1
288,15,1234,546,32,62,-1,-1,-1,-1
289,15,1236,546,30,60,-1,-1,-1,-1
290,15,1237,544,29,59,-1,-1,-1,-1
291,15,1239,543,27,61,-1,-1,-1,-1
292,15,1239,542,28,60,-1,-1,-1,-1
293,15,1238,541,29,61,-1,-1,-1,-1
294,15,1239,540,29,61,-1,-1,-1,-1
295,15,1239,541,30,63,-1,-1,-1,-1
296,15,1240,539,29,61,-1,-1,-1,-1
297,15,1242,539,27,60,-1,-1,-1,-1
298,15,1241,538,29,62,-1,-1,-1,-1
299,15,1242,539,29,60,-1,-1,-1,-1
300,15,1242,539,33,61,-1,-1,-1,-1
301,15,1243,537,31,65,-1,-1,-1,-1
302,15,1243,537,33,64,-1,-1,-1,-1
303,15,1243,537,30,64,-1,-1,-1,-1
304,15,1243,536,32,64,-1,-1,-1,-1
305,15,1244,536,31,66,-1,-1,-1,-1
306,15,1244,535,33,66,-1,-1,-1,-1
307,15,1246,535,29,65,-1,-1,-1,-1
308,15,1248,533,27,66,-1,-1,-1,-1
309,15,1248,532,27,68,-1,-1,-1,-1
310,15,1248,530,27,70,-1,-1,-1,-1
311,15,1248,531,27,69,-1,-1,-1,-1
312,15,1250,531,25,70,-1,-1,-1,-1
313,15,1249,531,26,68,-1,-1,-1,-1
314,15,1249,531,26,69,-1,-1,-1,-1
315,15,1251,531,24,67,-1,-1,-1,-1
316,15,1251,532,24,65,-1,-1,-1,-1
317,15,1251,533,25,63,-1,-1,-1,-1
318,15,1252,533,24,63,-1,-1,-1,-1
319,15,1253,533,23,64,-1,-1,-1,-1
320,15,1254,532,22,65,-1,-1,-1,-1
321,15,1253,532,22,62,-1,-1,-1,-1
322,15,1254,532,20,61,-1,-1,-1,-1
323,15,1254,532,21,63,-1,-1,-1,-1
324,15,1255,531,21,60,-1,-1,-1,-1
325,15,1255,530,21,61,-1,-1,-1,-1
326,15,1255,531,21,61,-1,-1,-1,-1
327,15,1256,531,20,60,-1,-1,-1,-1
328,15,1257,530,20,60,-1,-1,-1,-1
329,15,1258,529,19,60,-1,-1,-1,-1
330,15,1259,530,17,61,-1,-1,-1,-1
331,15,1260,530,17,61,-1,-1,-1,-1
332,15,1260,530,17,61,-1,-1,-1,-1
333,15,1260,529,17,61,-1,-1,-1,-1
334,15,1260,527,17,61,-1,-1,-1,-1
335,15,1261,526,16,62,-1,-1,-1,-1
336,15,1261,526,17,62,-1,-1,-1,-1
337,15,1260,526,17,63,-1,-1,-1,-1
338,15,1261,526,17,62,-1,-1,-1,-1
339,15,1260,526,18,63,-1,-1,-1,-1
340,15,1260,524,17,64,-1,-1,-1,-1
341,15,1261,525,17,62,-1,-1,-1,-1
342,15,1261,525,17,60,-1,-1,-1,-1
343,15,1261,525,16,59,-1,-1,-1,-1
344,15,1261,525,17,59,-1,-1,-1,-1
345,15,1261,526,17,57,-1,-1,-1,-1
346,15,1262,526,15,57,-1,-1,-1,-1
347,15,1261,525,17,60,-1,-1,-1,-1
348,15,1263,527,14,55,-1,-1,-1,-1
349,15,1262,527,16,56,-1,-1,-1,-1
350,15,1263,526,14,55,-1,-1,-1,-1
351,15,1264,526,13,52,-1,-1,-1,-1
354,15,1264,526,13,50,-1,-1,-1,-1
355,15,1263,527,15,48,-1,-1,-1,-1
356,15,1265,527,12,55,-1,-1,-1,-1
368,17,1030,267,16,23,-1,-1,-1,-1
369,17,1030,266,15,23,-1,-1,-1,-1
370,17,1029,266,15,24,-1,-1,-1,-1
371,17,1028,265,16,25,-1,-1,-1,-1
138,18,524,641,61,78,-1,-1,-1,-1
139,18,533,643,57,74,-1,-1,-1,-1
140,18,537,642,60,75,-1,-1,-1,-1
141,18,546,643,54,74,-1,-1,-1,-1
142,18,551,642,62,75,-1,-1,-1,-1
143,18,560,643,55,76,-1,-1,-1,-1
144,18,568,644,58,74,-1,-1,-1,-1
145,18,579,643,50,73,-1,-1,-1,-1
146,18,586,647,52,68,-1,-1,-1,-1
147,18,594,648,47,70,-1,-1,-1,-1
148,18,603,647,49,72,-1,-1,-1,-1
149,18,615,655,50,60,-1,-1,-1,-1
150,18,621,653,49,65,-1,-1,-1,-1
151,18,628,655,49,62,-1,-1,-1,-1
152,18,634,655,51,62,-1,-1,-1,-1
153,18,642,655,52,61,-1,-1,-1,-1
154,18,651,656,43,60,-1,-1,-1,-1
155,18,659,657,45,59,-1,-1,-1,-1
156,18,666,659,43,59,-1,-1,-1,-1
157,18,669,651,57,64,-1,-1,-1,-1
158,18,681,659,43,59,-1,-1,-1,-1
159,18,686,658,52,59,-1,-1,-1,-1
160,18,694,661,47,56,-1,-1,-1,-1
161,18,704,658,48,60,-1,-1,-1,-1
162,18,709,661,46,55,-1,-1,-1,-1
163,18,716,660,45,59,-1,-1,-1,-1
164,18,723,661,47,56,-1,-1,-1,-1
165,18,730,662,46,56,-1,-1,-1,-1
166,18,738,662,48,55,-1,-1,-1,-1
167,18,750,664,38,51,-1,-1,-1,-1
168,18,756,665,43,52,-1,-1,-1,-1
169,18,763,665,38,51,-1,-1,-1,-1
170,18,770,663,43,53,-1,-1,-1,-1
171,18,779,664,39,53,-1,-1,-1,-1
172,18,785,665,40,53,-1,-1,-1,-1
173,18,791,665,41,51,-1,-1,-1,-1
174,18,799,667,39,50,-1,-1,-1,-1
175,18,804,669,42,50,-1,-1,-1,-1
176,18,810,669,39,49,-1,-1,-1,-1
177,18,813,667,42,48,-1,-1,-1,-1
178,18,825,667,38,51,-1,-1,-1,-1
179,18,828,667,41,47,-1,-1,-1,-1
180,18,833,667,44,50,-1,-1,-1,-1
181,18,839,667,40,48,-1,-1,-1,-1
182,18,844,665,38,51,-1,-1,-1,-1
183,18,850,664,39,53,-1,-1,-1,-1
184,18,857,664,38,53,-1,-1,-1,-1
185,18,861,665,45,48,-1,-1,-1,-1
186,18,870,664,43,55,-1,-1,-1,-1
187,18,878,663,41,51,-1,-1,-1,-1
188,18,884,661,38,56,-1,-1,-1,-1
189,18,887,661,46,57,-1,-1,-1,-1
190,18,892,662,45,56,-1,-1,-1,-1
191,18,898,662,41,56,-1,-1,-1,-1
192,18,901,662,45,57,-1,-1,-1,-1
193,18,905,663,49,55,-1,-1,-1,-1
194,18,913,662,42,56,-1,-1,-1,-1
195,18,917,661,42,58,-1,-1,-1,-1
196,18,920,661,50,58,-1,-1,-1,-1
197,18,927,663,44,55,-1,-1,-1,-1
198,18,929,661,47,59,-1,-1,-1,-1
199,18,937,659,49,60,-1,-1,-1,-1
200,18,941,661,47,57,-1,-1,-1,-1
201,18,945,661,46,58,-1,-1,-1,-1
202,18,950,661,43,58,-1,-1,-1,-1
203,18,956,661,47,57,-1,-1,-1,-1
204,18,960,660,44,60,-1,-1,-1,-1
205,18,963,658,45,61,-1,-1,-1,-1
206,18,970,658,43,60,-1,-1,-1,-1
207,18,974,659,46,60,-1,-1,-1,-1
208,18,977,658,46,61,-1,-1,-1,-1
209,18,987,655,46,63,-1,-1,-1,-1
210,18,990,656,45,63,-1,-1,-1,-1
211,18,993,654,45,65,-1,-1,-1,-1
212,18,1000,654,44,64,-1,-1,-1,-1
213,18,1004,653,42,65,-1,-1,-1,-1
214,18,1008,652,43,67,-1,-1,-1,-1
215,18,1011,651,43,68,-1,-1,-1,-1
216,18,1014,651,48,67,-1,-1,-1,-1
217,18,1018,651,44,67,-1,-1,-1,-1
218,18,1023,651,41,68,-1,-1,-1,-1
219,18,1025,649,43,70,-1,-1,-1,-1
220,18,1028,649,47,69,-1,-1,-1,-1
221,18,1034,646,43,72,-1,-1,-1,-1
222,18,1038,646,42,73,-1,-1,-1,-1
223,18,1039,645,45,74,-1,-1,-1,-1
224,18,1042,646,46,73,-1,-1,-1,-1
225,18,1048,645,45,74,-1,-1,-1,-1
226,18,1052,645,42,73,-1,-1,-1,-1
227,18,1053,643,48,73,-1,-1,-1,-1
228,18,1055,643,50,76,-1,-1,-1,-1
229,18,1060,642,48,78,-1,-1,-1,-1
230,18,1067,643,43,74,-1,-1,-1,-1
231,18,1067,642,48,76,-1,-1,-1,-1
232,18,1072,641,43,76,-1,-1,-1,-1
233,18,1077,643,42,72,-1,-1,-1,-1
234,18,1078,642,45,75,-1,-1,-1,-1
235,18,1080,642,47,73,-1,-1,-1,-1
236,18,1082,641,47,77,-1,-1,-1,-1
237,18,1091,641,41,72,-1,-1,-1,-1
238,18,1097,640,41,73,-1,-1,-1,-1
239,18,1101,635,42,77,-1,-1,-1,-1
240,18,1105,638,36,70,-1,-1,-1,-1
241,18,1106,637,36,68,-1,-1,-1,-1
242,18,1111,635,35,71,-1,-1,-1,-1
243,18,1112,636,35,67,-1,-1,-1,-1
244,18,1114,632,36,65,-1,-1,-1,-1
245,18,1119,630,35,66,-1,-1,-1,-1
246,18,1118,628,39,73,-1,-1,-1,-1
247,18,1121,625,40,75,-1,-1,-1,-1
248,18,1123,627,39,72,-1,-1,-1,-1
249,18,1125,627,41,72,-1,-1,-1,-1
250,18,1129,626,37,67,-1,-1,-1,-1
251,18,1131,626,36,65,-1,-1,-1,-1
252,18,1134,622,36,70,-1,-1,-1,-1
253,18,1134,622,38,72,-1,-1,-1,-1
254,18,1136,620,37,70,-1,-1,-1,-1
255,18,1139,618,33,71,-1,-1,-1,-1
256,18,1140,618,36,67,-1,-1,-1,-1
257,18,1141,618,35,66,-1,-1,-1,-1
258,18,1144,620,32,60,-1,-1,-1,-1
259,18,1147,617,33,67,-1,-1,-1,-1
260,18,1148,618,33,67,-1,-1,-1,-1
261,18,1151,616,31,68,-1,-1,-1,-1
262,18,1151,615,34,68,-1,-1,-1,-1
263,18,1152,616,32,69,-1,-1,-1,-1
264,18,1154,613,30,68,-1,-1,-1,-1
265,18,1154,611,32,69,-1,-1,-1,-1
266,18,1155,613,32,66,-1,-1,-1,-1
267,18,1156,612,33,65,-1,-1,-1,-1
268,18,1159,610,32,66,-1,-1,-1,-1
269,18,1161,611,32,60,-1,-1,-1,-1
270,18,1164,609,30,62,-1,-1,-1,-1
271,18,1162,607,32,65,-1,-1,-1,-1
272,18,1163,605,34,67,-1,-1,-1,-1
273,18,1164,603,34,68,-1,-1,-1,-1
274,18,1166,601,33,68,-1,-1,-1,-1
275,18,1167,601,33,68,-1,-1,-1,-1
276,18,1168,601,33,68,-1,-1,-1,-1
277,18,1169,600,32,68,-1,-1,-1,-1
278,18,1169,599,33,67,-1,-1,-1,-1
279,18,1170,598,33,68,-1,-1,-1,-1
280,18,1171,599,33,66,-1,-1,-1,-1
281,18,1172,599,33,65,-1,-1,-1,-1
282,18,1173,599,32,64,-1,-1,-1,-1
283,18,1175,597,30,63,-1,-1,-1,-1
284,18,1175,596,31,63,-1,-1,-1,-1
285,18,1176,595,31,64,-1,-1,-1,-1
286,18,1177,595,31,62,-1,-1,-1,-1
287,18,1178,593,30,63,-1,-1,-1,-1
288,18,1178,592,31,65,-1,-1,-1,-1
289,18,1181,589,31,65,-1,-1,-1,-1
290,18,1181,589,31,65,-1,-1,-1,-1
291,18,1182,588,31,64,-1,-1,-1,-1
292,18,1183,587,30,65,-1,-1,-1,-1
293,18,1184,586,30,65,-1,-1,-1,-1
294,18,1185,585,30,64,-1,-1,-1,-1
295,18,1186,585,29,63,-1,-1,-1,-1
296,18,1186,585,30,61,-1,-1,-1,-1
297,18,1186,585,30,60,-1,-1,-1,-1
298,18,1186,583,32,62,-1,-1,-1,-1
299,18,1188,582,31,61,-1,-1,-1,-1
300,18,1189,582,30,60,-1,-1,-1,-1
301,18,1189,581,31,60,-1,-1,-1,-1
302,18,1190,580,30,61,-1,-1,-1,-1
303,18,1190,579,31,62,-1,-1,-1,-1
304,18,1191,578,30,63,-1,-1,-1,-1
305,18,1192,577,30,63,-1,-1,-1,-1
306,18,1192,576,31,63,-1,-1,-1,-1
307,18,1193,575,30,63,-1,-1,-1,-1
308,18,1194,573,30,64,-1,-1,-1,-1
309,18,1194,572,31,65,-1,-1,-1,-1
310,18,1195,572,31,64,-1,-1,-1,-1
311,18,1196,571,31,63,-1,-1,-1,-1
312,18,1197,570,31,63,-1,-1,-1,-1
313,18,1197,571,31,61,-1,-1,-1,-1
314,18,1198,570,30,61,-1,-1,-1,-1
315,18,1199,569,30,62,-1,-1,-1,-1
316,18,1199,566,30,65,-1,-1,-1,-1
317,18,1199,565,30,66,-1,-1,-1,-1
318,18,1199,565,31,65,-1,-1,-1,-1
319,18,1199,563,32,65,-1,-1,-1,-1
320,18,1200,562,31,65,-1,-1,-1,-1
321,18,1200,561,31,66,-1,-1,-1,-1
322,18,1200,559,32,67,-1,-1,-1,-1
323,18,1201,558,32,67,-1,-1,-1,-1
324,18,1201,558,32,66,-1,-1,-1,-1
325,18,1202,559,32,64,-1,-1,-1,-1
326,18,1203,558,31,63,-1,-1,-1,-1
327,18,1202,556,32,63,-1,-1,-1,-1
328,18,1203,556,31,60,-1,-1,-1,-1
329,18,1203,556,31,59,-1,-1,-1,-1
330,18,1205,555,30,57,-1,-1,-1,-1
331,18,1205,554,30,58,-1,-1,-1,-1
332,18,1205,554,30,57,-1,-1,-1,-1
333,18,1205,552,30,58,-1,-1,-1,-1
334,18,1206,550,30,60,-1,-1,-1,-1
335,18,1207,550,29,59,-1,-1,-1,-1
336,18,1208,550,29,59,-1,-1,-1,-1
337,18,1208,549,30,60,-1,-1,-1,-1
338,18,1210,548,29,62,-1,-1,-1,-1
339,18,1209,546,30,63,-1,-1,-1,-1
340,18,1209,545,30,63,-1,-1,-1,-1
341,18,1210,545,29,61,-1,-1,-1,-1
342,18,1211,545,29,59,-1,-1,-1,-1
343,18,1211,543,30,60,-1,-1,-1,-1
344,18,1211,542,30,60,-1,-1,-1,-1
345,18,1212,542,29,59,-1,-1,-1,-1
346,18,1212,540,30,60,-1,-1,-1,-1
347,18,1212,539,30,60,-1,-1,-1,-1
348,18,1213,539,29,59,-1,-1,-1,-1
349,18,1214,539,29,58,-1,-1,-1,-1
350,18,1214,538,29,58,-1,-1,-1,-1
351,18,1214,538,29,58,-1,-1,-1,-1
352,18,1215,538,27,57,-1,-1,-1,-1
353,18,1215,536,27,59,-1,-1,-1,-1
354,18,1216,535,26,59,-1,-1,-1,-1
355,18,1216,534,26,59,-1,-1,-1,-1
356,18,1216,533,27,60,-1,-1,-1,-1
357,18,1217,533,27,59,-1,-1,-1,-1
358,18,1217,532,27,59,-1,-1,-1,-1
359,18,1217,530,29,61,-1,-1,-1,-1
360,18,1218,528,29,62,-1,-1,-1,-1
361,18,1219,528,28,61,-1,-1,-1,-1
362,18,1219,527,28,61,-1,-1,-1,-1
363,18,1219,527,29,60,-1,-1,-1,-1
364,18,1220,527,28,59,-1,-1,-1,-1
365,18,1220,527,28,58,-1,-1,-1,-1
366,18,1220,526,28,57,-1,-1,-1,-1
367,18,1220,527,28,56,-1,-1,-1,-1
368,18,1221,526,28,55,-1,-1,-1,-1
369,18,1221,525,28,56,-1,-1,-1,-1
370,18,1222,524,28,56,-1,-1,-1,-1
371,18,1222,523,29,56,-1,-1,-1,-1
372,18,1224,522,27,56,-1,-1,-1,-1
373,18,1224,521,27,56,-1,-1,-1,-1
374,18,1224,521,27,56,-1,-1,-1,-1
375,18,1224,521,28,55,-1,-1,-1,-1
376,18,1225,521,28,55,-1,-1,-1,-1
377,18,1226,520,28,54,-1,-1,-1,-1
378,18,1228,518,27,55,-1,-1,-1,-1
379,18,1228,517,28,56,-1,-1,-1,-1
380,18,1229,517,27,56,-1,-1,-1,-1
381,18,1230,518,26,55,-1,-1,-1,-1
382,18,1231,515,27,55,-1,-1,-1,-1
383,18,1231,515,27,55,-1,-1,-1,-1
384,18,1233,513,27,55,-1,-1,-1,-1
385,18,1233,513,28,53,-1,-1,-1,-1
386,18,1234,514,28,51,-1,-1,-1,-1
387,18,1234,513,29,54,-1,-1,-1,-1
388,18,1234,514,29,55,-1,-1,-1,-1
389,18,1236,514,28,55,-1,-1,-1,-1
390,18,1237,514,27,56,-1,-1,-1,-1
391,18,1237,514,28,55,-1,-1,-1,-1
392,18,1240,513,25,51,-1,-1,-1,-1
393,18,1240,513,26,53,-1,-1,-1,-1
394,18,1241,513,25,47,-1,-1,-1,-1
395,18,1242,512,25,48,-1,-1,-1,-1
396,18,1244,513,23,45,-1,-1,-1,-1
397,18,1246,513,23,45,-1,-1,-1,-1
398,18,1245,509,25,48,-1,-1,-1,-1
399,18,1246,507,25,49,-1,-1,-1,-1
400,18,1244,504,29,54,-1,-1,-1,-1
401,18,1244,502,28,56,-1,-1,-1,-1
402,18,1247,503,26,54,-1,-1,-1,-1
403,18,1246,503,27,54,-1,-1,-1,-1
404,18,1248,502,26,54,-1,-1,-1,-1
405,18,1250,499,24,58,-1,-1,-1,-1
406,18,1253,498,23,58,-1,-1,-1,-1
407,18,1255,494,22,61,-1,-1,-1,-1
408,18,1255,492,22,61,-1,-1,-1,-1
409,18,1256,492,21,60,-1,-1,-1,-1
410,18,1256,493,21,59,-1,-1,-1,-1
411,18,1257,498,20,54,-1,-1,-1,-1
412,18,1259,496,18,55,-1,-1,-1,-1
413,18,1260,496,18,55,-1,-1,-1,-1
414,18,1260,494,17,55,-1,-1,-1,-1
415,18,1261,494,16,54,-1,-1,-1,-1
416,18,1262,492,15,54,-1,-1,-1,-1
417,18,1262,497,16,52,-1,-1,-1,-1
418,18,1263,494,15,54,-1,-1,-1,-1
419,18,1264,493,13,53,-1,-1,-1,-1
420,18,1264,492,13,53,-1,-1,-1,-1
421,18,1264,492,13,50,-1,-1,-1,-1
422,18,1263,495,15,46,-1,-1,-1,-1
373,17,1027,265,16,24,-1,-1,-1,-1
374,17,1024,263,17,26,-1,-1,-1,-1
375,17,1024,264,17,25,-1,-1,-1,-1
376,17,1023,263,17,26,-1,-1,-1,-1
377,17,1022,262,18,27,-1,-1,-1,-1
378,17,1022,262,18,27,-1,-1,-1,-1
379,17,1021,262,17,27,-1,-1,-1,-1
380,17,1021,261,18,27,-1,-1,-1,-1
381,17,1021,262,17,25,-1,-1,-1,-1
382,17,1021,263,16,26,-1,-1,-1,-1
383,17,1018,262,17,28,-1,-1,-1,-1
384,17,1019,261,17,27,-1,-1,-1,-1
385,17,1019,263,17,29,-1,-1,-1,-1
386,17,1018,260,18,30,-1,-1,-1,-1
387,17,1018,262,16,28,-1,-1,-1,-1
388,17,1017,261,18,29,-1,-1,-1,-1
389,17,1017,261,16,30,-1,-1,-1,-1
390,17,1017,261,16,29,-1,-1,-1,-1
391,17,1017,259,16,31,-1,-1,-1,-1
392,17,1017,260,17,30,-1,-1,-1,-1
393,17,1016,263,15,27,-1,-1,-1,-1
394,17,1017,264,15,28,-1,-1,-1,-1
395,17,1016,263,15,27,-1,-1,-1,-1
396,17,1015,262,16,30,-1,-1,-1,-1
397,17,1014,260,17,29,-1,-1,-1,-1
398,17,1013,259,16,28,-1,-1,-1,-1
399,17,1014,263,14,27,-1,-1,-1,-1
400,17,1014,265,13,26,-1,-1,-1,-1
401,17,1013,264,13,26,-1,-1,-1,-1
402,17,1012,263,15,27,-1,-1,-1,-1
403,17,1013,264,14,25,-1,-1,-1,-1
404,17,1012,264,14,25,-1,-1,-1,-1
405,17,1012,264,14,26,-1,-1,-1,-1
406,17,1011,264,14,26,-1,-1,-1,-1
407,17,1010,263,15,26,-1,-1,-1,-1
408,17,1010,265,14,26,-1,-1,-1,-1
409,17,1008,262,16,28,-1,-1,-1,-1
410,17,1008,266,15,26,-1,-1,-1,-1
411,17,1007,262,17,31,-1,-1,-1,-1
412,17,1007,265,16,29,-1,-1,-1,-1
413,17,1006,265,17,29,-1,-1,-1,-1
414,17,1006,265,17,30,-1,-1,-1,-1
415,17,1006,264,17,29,-1,-1,-1,-1
416,17,1005,261,19,30,-1,-1,-1,-1
417,17,1006,265,17,29,-1,-1,-1,-1
418,17,1004,261,17,29,-1,-1,-1,-1
419,17,1004,262,16,28,-1,-1,-1,-1
420,17,1003,262,17,27,-1,-1,-1,-1
421,17,1003,261,17,28,-1,-1,-1,-1
422,17,1003,262,18,28,-1,-1,-1,-1
423,17,1003,262,17,26,-1,-1,-1,-1
424,17,1003,263,17,27,-1,-1,-1,-1
425,17,1003,263,16,27,-1,-1,-1,-1
426,17,1003,262,17,28,-1,-1,-1,-1
427,17,1002,262,16,26,-1,-1,-1,-1
428,17,1001,261,16,27,-1,-1,-1,-1
429,17,1002,263,14,25,-1,-1,-1,-1
430,17,1001,262,15,27,-1,-1,-1,-1
431,17,1001,264,13,25,-1,-1,-1,-1
432,17,1000,262,14,26,-1,-1,-1,-1
433,17,999,261,15,27,-1,-1,-1,-1
435,17,998,261,14,27,-1,-1,-1,-1
436,17,999,264,13,25,-1,-1,-1,-1
437,17,999,265,13,25,-1,-1,-1,-1
473,21,980,267,15,28,-1,-1,-1,-1
474,21,980,266,14,28,-1,-1,-1,-1
475,21,979,265,15,29,-1,-1,-1,-1
476,21,978,264,16,30,-1,-1,-1,-1
477,21,979,264,15,30,-1,-1,-1,-1
478,21,977,265,16,30,-1,-1,-1,-1
479,21,977,264,16,30,-1,-1,-1,-1
480,21,977,264,15,30,-1,-1,-1,-1
481,21,977,263,15,31,-1,-1,-1,-1
482,21,976,263,16,30,-1,-1,-1,-1
483,21,976,264,17,30,-1,-1,-1,-1
484,21,977,265,16,29,-1,-1,-1,-1
489,22,976,267,15,28,-1,-1,-1,-1
490,22,976,266,15,29,-1,-1,-1,-1
491,22,976,266,15,28,-1,-1,-1,-1
492,22,976,266,15,28,-1,-1,-1,-1
493,22,974,265,16,30,-1,-1,-1,-1
494,22,975,266,15,29,-1,-1,-1,-1
1,23,482,452,29,57,-1,-1,-1,-1
2,23,482,452,29,56,-1,-1,-1,-1
3,23,483,454,29,54,-1,-1,-1,-1
4,23,485,453,29,55,-1,-1,-1,-1
5,23,485,454,29,53,-1,-1,-1,-1
6,23,486,453,28,54,-1,-1,-1,-1
7,23,486,453,29,53,-1,-1,-1,-1
8,23,487,451,29,54,-1,-1,-1,-1
9,23,487,451,30,53,-1,-1,-1,-1
10,23,487,450,30,53,-1,-1,-1,-1
11,23,487,449,30,53,-1,-1,-1,-1
12,23,487,449,31,55,-1,-1,-1,-1
13,23,487,449,32,54,-1,-1,-1,-1
14,23,487,450,32,54,-1,-1,-1,-1
15,23,486,450,33,54,-1,-1,-1,-1
16,23,486,450,33,54,-1,-1,-1,-1
17,23,486,450,34,54,-1,-1,-1,-1
18,23,486,450,34,54,-1,-1,-1,-1
19,23,486,450,33,53,-1,-1,-1,-1
20,23,486,449,33,55,-1,-1,-1,-1
21,23,487,450,32,53,-1,-1,-1,-1
22,23,487,450,32,53,-1,-1,-1,-1
23,23,487,449,33,54,-1,-1,-1,-1
24,23,487,449,33,53,-1,-1,-1,-1
25,23,488,449,32,54,-1,-1,-1,-1
26,23,488,448,31,54,-1,-1,-1,-1
27,23,488,447,32,55,-1,-1,-1,-1
28,23,488,446,32,55,-1,-1,-1,-1
29,23,489,447,30,53,-1,-1,-1,-1
30,23,489,447,29,52,-1,-1,-1,-1
31,23,491,445,27,47,-1,-1,-1,-1
32,23,490,445,28,48,-1,-1,-1,-1
33,23,490,446,28,51,-1,-1,-1,-1
34,23,489,446,29,52,-1,-1,-1,-1
35,23,489,446,30,52,-1,-1,-1,-1
36,23,489,445,31,54,-1,-1,-1,-1
37,23,489,445,31,53,-1,-1,-1,-1
38,23,491,445,29,52,-1,-1,-1,-1
39,23,491,444,29,54,-1,-1,-1,-1
40,23,491,445,30,53,-1,-1,-1,-1
41,23,491,444,29,51,-1,-1,-1,-1
42,23,491,443,29,54,-1,-1,-1,-1
43,23,491,444,30,55,-1,-1,-1,-1
44,23,491,443,30,57,-1,-1,-1,-1
45,23,492,443,27,55,-1,-1,-1,-1
46,23,490,445,30,55,-1,-1,-1,-1
47,23,490,445,29,56,-1,-1,-1,-1
48,23,491,443,29,57,-1,-1,-1,-1
49,23,491,443,29,57,-1,-1,-1,-1
50,23,490,444,29,54,-1,-1,-1,-1
51,23,491,445,28,52,-1,-1,-1,-1
52,23,491,444,28,53,-1,-1,-1,-1
53,23,491,444,28,52,-1,-1,-1,-1
54,23,491,444,28,53,-1,-1,-1,-1
55,23,491,444,28,53,-1,-1,-1,-1
56,23,491,444,28,52,-1,-1,-1,-1
57,23,493,441,28,51,-1,-1,-1,-1
58,23,494,441,27,54,-1,-1,-1,-1
59,23,492,442,28,56,-1,-1,-1,-1
60,23,492,442,29,55,-1,-1,-1,-1
61,23,492,442,29,56,-1,-1,-1,-1
62,23,492,442,29,57,-1,-1,-1,-1
63,23,492,442,29,54,-1,-1,-1,-1
64,23,492,442,30,56,-1,-1,-1,-1
65,23,492,443,30,54,-1,-1,-1,-1
66,23,492,442,30,57,-1,-1,-1,-1
67,23,492,443,30,55,-1,-1,-1,-1
68,23,494,441,28,55,-1,-1,-1,-1
69,23,495,442,27,52,-1,-1,-1,-1
70,23,494,442,28,53,-1,-1,-1,-1
71,23,495,442,27,52,-1,-1,-1,-1
72,23,495,442,28,51,-1,-1,-1,-1
73,23,496,442,26,50,-1,-1,-1,-1
74,23,496,442,27,49,-1,-1,-1,-1
75,23,496,441,27,51,-1,-1,-1,-1
76,23,496,441,27,52,-1,-1,-1,-1
77,23,496,440,28,51,-1,-1,-1,-1
78,23,496,440,28,50,-1,-1,-1,-1
79,23,496,439,29,50,-1,-1,-1,-1
80,23,496,439,29,50,-1,-1,-1,-1
81,23,496,439,29,50,-1,-1,-1,-1
82,23,497,439,28,50,-1,-1,-1,-1
83,23,497,439,28,49,-1,-1,-1,-1
84,23,498,439,28,49,-1,-1,-1,-1
85,23,499,439,27,50,-1,-1,-1,-1
86,23,499,439,27,51,-1,-1,-1,-1
87,23,499,439,27,51,-1,-1,-1,-1
88,23,498,439,28,52,-1,-1,-1,-1
89,23,499,439,27,51,-1,-1,-1,-1
90,23,499,439,27,50,-1,-1,-1,-1
91,23,499,439,27,51,-1,-1,-1,-1
92,23,499,438,27,51,-1,-1,-1,-1
93,23,499,438,27,51,-1,-1,-1,-1
94,23,499,438,27,49,-1,-1,-1,-1
95,23,499,438,27,49,-1,-1,-1,-1
96,23,499,438,27,49,-1,-1,-1,-1
97,23,499,438,27,49,-1,-1,-1,-1
98,23,499,437,27,49,-1,-1,-1,-1
99,23,499,437,27,50,-1,-1,-1,-1
100,23,499,437,27,49,-1,-1,-1,-1
101,23,499,437,27,49,-1,-1,-1,-1
102,23,499,437,28,49,-1,-1,-1,-1
103,23,499,437,28,49,-1,-1,-1,-1
104,23,499,437,28,49,-1,-1,-1,-1
105,23,500,438,27,48,-1,-1,-1,-1
106,23,500,438,26,48,-1,-1,-1,-1
107,23,500,438,27,48,-1,-1,-1,-1
108,23,501,438,26,48,-1,-1,-1,-1
109,23,501,438,27,48,-1,-1,-1,-1
110,23,501,437,28,50,-1,-1,-1,-1
111,23,502,437,27,50,-1,-1,-1,-1
112,23,502,436,28,51,-1,-1,-1,-1
113,23,503,436,27,52,-1,-1,-1,-1
114,23,503,435,27,52,-1,-1,-1,-1
115,23,503,434,28,53,-1,-1,-1,-1
116,23,503,433,28,54,-1,-1,-1,-1
117,23,503,434,28,52,-1,-1,-1,-1
118,23,503,434,28,52,-1,-1,-1,-1
119,23,503,434,28,52,-1,-1,-1,-1
120,23,503,434,28,52,-1,-1,-1,-1
121,23,503,433,28,53,-1,-1,-1,-1
122,23,503,433,28,52,-1,-1,-1,-1
123,23,503,433,29,52,-1,-1,-1,-1
124,23,503,433,28,52,-1,-1,-1,-1
125,23,504,432,27,53,-1,-1,-1,-1
126,23,504,432,28,53,-1,-1,-1,-1
127,23,504,432,27,53,-1,-1,-1,-1
128,23,504,432,27,52,-1,-1,-1,-1
129,23,504,432,27,52,-1,-1,-1,-1
130,23,504,431,27,53,-1,-1,-1,-1
131,23,504,432,27,51,-1,-1,-1,-1
132,23,504,432,27,51,-1,-1,-1,-1
133,23,504,431,27,51,-1,-1,-1,-1
134,23,504,431,27,51,-1,-1,-1,-1
135,23,504,431,27,51,-1,-1,-1,-1
136,23,504,431,27,52,-1,-1,-1,-1
137,23,504,431,28,52,-1,-1,-1,-1
138,23,504,431,28,52,-1,-1,-1,-1
139,23,504,431,28,51,-1,-1,-1,-1
140,23,504,431,27,51,-1,-1,-1,-1
141,23,504,431,27,51,-1,-1,-1,-1
142,23,504,431,28,51,-1,-1,-1,-1
143,23,504,430,28,52,-1,-1,-1,-1
144,23,504,430,28,52,-1,-1,-1,-1
145,23,505,431,27,51,-1,-1,-1,-1
146,23,505,432,28,50,-1,-1,-1,-1
147,23,505,429,30,53,-1,-1,-1,-1
148,23,505,430,29,52,-1,-1,-1,-1
149,23,505,431,28,50,-1,-1,-1,-1
150,23,506,430,28,51,-1,-1,-1,-1
151,23,506,431,28,50,-1,-1,-1,-1
152,23,506,432,28,49,-1,-1,-1,-1
153,23,506,432,28,49,-1,-1,-1,-1
154,23,506,432,28,49,-1,-1,-1,-1
155,23,509,431,26,50,-1,-1,-1,-1
156,23,509,431,26,50,-1,-1,-1,-1
157,23,507,431,28,50,-1,-1,-1,-1
158,23,507,431,27,49,-1,-1,-1,-1
159,23,509,433,26,48,-1,-1,-1,-1
160,23,510,431,26,49,-1,-1,-1,-1
161,23,509,431,27,49,-1,-1,-1,-1
162,23,509,431,26,49,-1,-1,-1,-1
163,23,509,431,26,49,-1,-1,-1,-1
164,23,510,431,25,49,-1,-1,-1,-1
165,23,509,431,26,49,-1,-1,-1,-1
166,23,509,431,26,49,-1,-1,-1,-1
167,23,509,430,27,49,-1,-1,-1,-1
168,23,509,429,27,49,-1,-1,-1,-1
169,23,509,428,27,51,-1,-1,-1,-1
170,23,509,427,28,52,-1,-1,-1,-1
171,23,508,427,29,51,-1,-1,-1,-1
172,23,508,427,29,51,-1,-1,-1,-1
173,23,509,425,28,52,-1,-1,-1,-1
174,23,509,427,27,50,-1,-1,-1,-1
175,23,509,427,27,50,-1,-1,-1,-1
176,23,510,426,27,49,-1,-1,-1,-1
177,23,510,426,27,49,-1,-1,-1,-1
178,23,510,426,27,49,-1,-1,-1,-1
179,23,511,426,27,49,-1,-1,-1,-1
180,23,511,425,27,50,-1,-1,-1,-1
181,23,512,424,26,51,-1,-1,-1,-1
182,23,512,424,27,51,-1,-1,-1,-1
183,23,512,423,26,52,-1,-1,-1,-1
184,23,512,423,27,52,-1,-1,-1,-1
185,23,513,422,27,52,-1,-1,-1,-1
186,23,513,423,28,49,-1,-1,-1,-1
187,23,514,423,27,49,-1,-1,-1,-1
188,23,514,422,28,50,-1,-1,-1,-1
189,23,515,423,27,49,-1,-1,-1,-1
190,23,515,424,26,48,-1,-1,-1,-1
191,23,515,424,26,49,-1,-1,-1,-1
192,23,515,424,26,49,-1,-1,-1,-1
193,23,516,424,25,48,-1,-1,-1,-1
194,23,517,425,24,48,-1,-1,-1,-1
195,23,516,425,25,48,-1,-1,-1,-1
196,23,517,425,24,48,-1,-1,-1,-1
197,23,516,425,25,47,-1,-1,-1,-1
198,23,516,425,25,47,-1,-1,-1,-1
199,23,516,425,25,47,-1,-1,-1,-1
200,23,517,424,25,48,-1,-1,-1,-1
201,23,516,424,26,48,-1,-1,-1,-1
202,23,517,424,26,47,-1,-1,-1,-1
203,23,516,423,27,48,-1,-1,-1,-1
204,23,516,422,27,49,-1,-1,-1,-1
205,23,516,422,27,49,-1,-1,-1,-1
206,23,517,422,26,48,-1,-1,-1,-1
207,23,517,422,26,48,-1,-1,-1,-1
208,23,517,422,26,49,-1,-1,-1,-1
209,23,518,423,25,47,-1,-1,-1,-1
210,23,519,423,25,46,-1,-1,-1,-1
211,23,520,423,25,47,-1,-1,-1,-1
212,23,520,423,25,47,-1,-1,-1,-1
213,23,521,424,25,46,-1,-1,-1,-1
214,23,521,423,24,47,-1,-1,-1,-1
215,23,521,423,25,47,-1,-1,-1,-1
216,23,522,423,24,47,-1,-1,-1,-1
217,23,521,423,25,47,-1,-1,-1,-1
218,23,521,422,25,48,-1,-1,-1,-1
219,23,521,422,25,48,-1,-1,-1,-1
220,23,521,422,25,48,-1,-1,-1,-1
221,23,521,422,26,48,-1,-1,-1,-1
222,23,521,422,26,48,-1,-1,-1,-1
223,23,522,421,26,49,-1,-1,-1,-1
224,23,522,420,26,50,-1,-1,-1,-1
225,23,523,421,27,49,-1,-1,-1,-1
226,23,523,421,27,49,-1,-1,-1,-1
227,23,523,422,26,48,-1,-1,-1,-1
228,23,523,421,27,49,-1,-1,-1,-1
229,23,523,422,26,48,-1,-1,-1,-1
230,23,523,421,27,48,-1,-1,-1,-1
231,23,524,423,25,46,-1,-1,-1,-1
232,23,524,421,26,48,-1,-1,-1,-1
233,23,525,423,25,46,-1,-1,-1,-1
234,23,525,423,26,46,-1,-1,-1,-1
235,23,525,423,26,46,-1,-1,-1,-1
236,23,525,423,26,47,-1,-1,-1,-1
237,23,526,423,26,47,-1,-1,-1,-1
238,23,526,423,26,47,-1,-1,-1,-1
239,23,526,421,26,48,-1,-1,-1,-1
240,23,526,419,26,49,-1,-1,-1,-1
241,23,527,420,24,47,-1,-1,-1,-1
242,23,528,419,24,48,-1,-1,-1,-1
243,23,528,420,25,47,-1,-1,-1,-1
244,23,528,419,25,48,-1,-1,-1,-1
245,23,527,419,26,49,-1,-1,-1,-1
246,23,528,420,25,47,-1,-1,-1,-1
247,23,529,421,24,45,-1,-1,-1,-1
248,23,529,421,24,45,-1,-1,-1,-1
249,23,529,422,24,45,-1,-1,-1,-1
250,23,530,422,23,44,-1,-1,-1,-1
251,23,530,421,22,44,-1,-1,-1,-1
252,23,530,420,22,45,-1,-1,-1,-1
253,23,529,421,24,46,-1,-1,-1,-1
254,23,529,420,26,47,-1,-1,-1,-1
255,23,530,418,26,47,-1,-1,-1,-1
256,23,530,418,26,47,-1,-1,-1,-1
257,23,530,417,26,49,-1,-1,-1,-1
258,23,530,416,27,50,-1,-1,-1,-1
259,23,530,414,28,52,-1,-1,-1,-1
260,23,530,413,29,53,-1,-1,-1,-1
261,23,530,413,29,53,-1,-1,-1,-1
262,23,530,412,28,53,-1,-1,-1,-1
263,23,530,411,29,55,-1,-1,-1,-1
264,23,531,413,27,52,-1,-1,-1,-1
265,23,531,414,27,51,-1,-1,-1,-1
266,23,532,415,26,49,-1,-1,-1,-1
267,23,532,415,25,48,-1,-1,-1,-1
268,23,533,415,24,48,-1,-1,-1,-1
269,23,533,415,24,49,-1,-1,-1,-1
270,23,533,413,24,50,-1,-1,-1,-1
271,23,533,413,24,50,-1,-1,-1,-1
272,23,533,413,25,50,-1,-1,-1,-1
273,23,533,413,24,49,-1,-1,-1,-1
274,23,533,413,25,49,-1,-1,-1,-1
275,23,533,413,25,49,-1,-1,-1,-1
276,23,533,413,25,49,-1,-1,-1,-1
277,23,533,413,25,49,-1,-1,-1,-1
278,23,533,412,25,49,-1,-1,-1,-1
279,23,534,413,24,48,-1,-1,-1,-1
280,23,535,413,24,48,-1,-1,-1,-1
281,23,535,414,24,47,-1,-1,-1,-1
282,23,535,414,24,47,-1,-1,-1,-1
283,23,535,414,24,46,-1,-1,-1,-1
284,23,536,414,23,46,-1,-1,-1,-1
285,23,536,414,23,46,-1,-1,-1,-1
286,23,536,414,24,46,-1,-1,-1,-1
287,23,535,413,25,47,-1,-1,-1,-1
288,23,536,414,24,45,-1,-1,-1,-1
289,23,536,413,24,46,-1,-1,-1,-1
290,23,537,413,24,46,-1,-1,-1,-1
291,23,538,411,24,48,-1,-1,-1,-1
292,23,537,412,25,46,-1,-1,-1,-1
293,23,537,412,25,47,-1,-1,-1,-1
294,23,537,411,26,48,-1,-1,-1,-1
295,23,537,410,26,50,-1,-1,-1,-1
296,23,537,410,26,50,-1,-1,-1,-1
297,23,537,408,26,51,-1,-1,-1,-1
298,23,537,409,26,51,-1,-1,-1,-1
299,23,538,409,25,51,-1,-1,-1,-1
300,23,538,410,25,50,-1,-1,-1,-1
301,23,538,409,25,51,-1,-1,-1,-1
302,23,538,409,25,51,-1,-1,-1,-1
303,23,538,409,25,51,-1,-1,-1,-1
304,23,538,409,26,50,-1,-1,-1,-1
305,23,538,408,26,51,-1,-1,-1,-1
306,23,538,408,26,50,-1,-1,-1,-1
307,23,538,408,26,50,-1,-1,-1,-1
308,23,538,408,26,50,-1,-1,-1,-1
309,23,538,408,27,49,-1,-1,-1,-1
310,23,538,408,26,49,-1,-1,-1,-1
311,23,538,408,26,49,-1,-1,-1,-1
312,23,538,409,27,48,-1,-1,-1,-1
313,23,538,408,26,48,-1,-1,-1,-1
314,23,538,407,26,49,-1,-1,-1,-1
315,23,538,407,26,49,-1,-1,-1,-1
316,23,539,407,26,49,-1,-1,-1,-1
317,23,539,407,26,48,-1,-1,-1,-1
318,23,538,408,27,48,-1,-1,-1,-1
319,23,539,408,26,48,-1,-1,-1,-1
320,23,539,408,26,48,-1,-1,-1,-1
321,23,539,409,26,46,-1,-1,-1,-1
322,23,539,408,26,48,-1,-1,-1,-1
323,23,539,407,26,48,-1,-1,-1,-1
324,23,539,407,26,48,-1,-1,-1,-1
325,23,539,406,27,49,-1,-1,-1,-1
326,23,540,406,25,49,-1,-1,-1,-1
327,23,540,406,26,49,-1,-1,-1,-1
328,23,539,407,27,47,-1,-1,-1,-1
329,23,539,406,27,49,-1,-1,-1,-1
330,23,540,406,27,48,-1,-1,-1,-1
331,23,540,406,27,48,-1,-1,-1,-1
332,23,541,405,26,50,-1,-1,-1,-1
333,23,541,405,26,50,-1,-1,-1,-1
334,23,541,405,26,50,-1,-1,-1,-1
335,23,541,405,27,50,-1,-1,-1,-1
336,23,541,405,26,50,-1,-1,-1,-1
337,23,541,405,27,50,-1,-1,-1,-1
338,23,541,406,26,49,-1,-1,-1,-1
339,23,541,405,27,50,-1,-1,-1,-1
340,23,542,405,26,50,-1,-1,-1,-1
341,23,541,406,27,49,-1,-1,-1,-1
342,23,540,405,28,49,-1,-1,-1,-1
343,23,541,406,27,48,-1,-1,-1,-1
344,23,541,406,27,47,-1,-1,-1,-1
345,23,540,406,27,47,-1,-1,-1,-1
346,23,540,406,27,46,-1,-1,-1,-1
347,23,541,407,25,46,-1,-1,-1,-1
348,23,541,406,26,47,-1,-1,-1,-1
349,23,542,406,25,47,-1,-1,-1,-1
350,23,542,406,25,47,-1,-1,-1,-1
351,23,542,406,25,47,-1,-1,-1,-1
352,23,542,406,24,46,-1,-1,-1,-1
353,23,542,407,24,45,-1,-1,-1,-1
354,23,542,406,25,46,-1,-1,-1,-1
355,23,543,406,23,46,-1,-1,-1,-1
356,23,543,405,24,47,-1,-1,-1,-1
357,23,543,406,24,46,-1,-1,-1,-1
358,23,544,405,24,47,-1,-1,-1,-1
359,23,545,406,23,45,-1,-1,-1,-1
360,23,545,405,23,46,-1,-1,-1,-1
361,23,544,405,25,45,-1,-1,-1,-1
362,23,545,406,24,45,-1,-1,-1,-1
363,23,545,405,25,45,-1,-1,-1,-1
364,23,545,405,25,46,-1,-1,-1,-1
365,23,545,404,25,47,-1,-1,-1,-1
366,23,545,405,25,46,-1,-1,-1,-1
367,23,545,404,26,48,-1,-1,-1,-1
368,23,545,405,26,47,-1,-1,-1,-1
369,23,545,404,25,48,-1,-1,-1,-1
370,23,546,404,25,48,-1,-1,-1,-1
371,23,546,404,25,48,-1,-1,-1,-1
372,23,546,404,25,48,-1,-1,-1,-1
373,23,546,404,25,48,-1,-1,-1,-1
374,23,546,404,25,47,-1,-1,-1,-1
375,23,546,404,25,47,-1,-1,-1,-1
376,23,546,403,26,49,-1,-1,-1,-1
377,23,546,403,26,48,-1,-1,-1,-1
378,23,547,404,24,47,-1,-1,-1,-1
379,23,547,403,25,47,-1,-1,-1,-1
380,23,547,402,25,47,-1,-1,-1,-1
381,23,547,401,25,48,-1,-1,-1,-1
382,23,548,402,24,47,-1,-1,-1,-1
383,23,547,401,25,47,-1,-1,-1,-1
384,23,547,401,26,47,-1,-1,-1,-1
385,23,547,401,25,47,-1,-1,-1,-1
386,23,547,400,26,47,-1,-1,-1,-1
387,23,547,400,26,46,-1,-1,-1,-1
388,23,547,400,25,46,-1,-1,-1,-1
389,23,546,400,27,46,-1,-1,-1,-1
390,23,547,399,26,48,-1,-1,-1,-1
391,23,548,399,26,48,-1,-1,-1,-1
392,23,549,399,25,48,-1,-1,-1,-1
393,23,549,399,25,47,-1,-1,-1,-1
394,23,550,399,25,47,-1,-1,-1,-1
395,23,550,399,25,46,-1,-1,-1,-1
396,23,550,399,25,46,-1,-1,-1,-1
397,23,551,399,24,46,-1,-1,-1,-1
398,23,550,398,25,47,-1,-1,-1,-1
399,23,551,398,25,46,-1,-1,-1,-1
400,23,551,398,25,47,-1,-1,-1,-1
401,23,551,398,25,47,-1,-1,-1,-1
402,23,551,399,25,46,-1,-1,-1,-1
403,23,552,399,24,47,-1,-1,-1,-1
404,23,551,399,25,47,-1,-1,-1,-1
405,23,551,399,25,47,-1,-1,-1,-1
406,23,552,400,24,45,-1,-1,-1,-1
407,23,552,400,23,45,-1,-1,-1,-1
408,23,552,400,23,46,-1,-1,-1,-1
409,23,552,400,24,46,-1,-1,-1,-1
410,23,553,400,23,45,-1,-1,-1,-1
411,23,553,400,23,45,-1,-1,-1,-1
412,23,553,399,23,45,-1,-1,-1,-1
413,23,553,399,23,43,-1,-1,-1,-1
414,23,554,399,22,42,-1,-1,-1,-1
415,23,553,398,23,43,-1,-1,-1,-1
416,23,553,399,24,41,-1,-1,-1,-1
417,23,554,399,23,41,-1,-1,-1,-1
418,23,554,398,23,42,-1,-1,-1,-1
419,23,553,398,24,41,-1,-1,-1,-1
420,23,554,397,24,43,-1,-1,-1,-1
421,23,554,399,24,40,-1,-1,-1,-1
422,23,554,399,23,40,-1,-1,-1,-1
423,23,554,398,23,41,-1,-1,-1,-1
424,23,554,399,23,40,-1,-1,-1,-1
425,23,554,398,23,41,-1,-1,-1,-1
426,23,554,397,23,42,-1,-1,-1,-1
427,23,553,397,24,41,-1,-1,-1,-1
428,23,554,399,23,40,-1,-1,-1,-1
429,23,555,400,22,38,-1,-1,-1,-1
430,23,555,400,22,38,-1,-1,-1,-1
431,23,555,399,22,38,-1,-1,-1,-1
432,23,555,399,23,37,-1,-1,-1,-1
433,23,556,399,22,37,-1,-1,-1,-1
434,23,557,399,22,37,-1,-1,-1,-1
435,23,557,399,22,37,-1,-1,-1,-1
436,23,557,399,23,37,-1,-1,-1,-1
437,23,557,398,23,38,-1,-1,-1,-1
438,23,557,398,23,39,-1,-1,-1,-1
439,23,557,398,23,39,-1,-1,-1,-1
440,23,558,398,22,38,-1,-1,-1,-1
441,23,558,397,21,42,-1,-1,-1,-1
442,23,558,396,22,42,-1,-1,-1,-1
443,23,558,396,23,43,-1,-1,-1,-1
444,23,558,392,24,47,-1,-1,-1,-1
445,23,558,395,22,44,-1,-1,-1,-1
446,23,558,392,23,46,-1,-1,-1,-1
447,23,558,397,23,40,-1,-1,-1,-1
448,23,560,396,23,42,-1,-1,-1,-1
449,23,559,392,25,46,-1,-1,-1,-1
450,23,560,391,24,47,-1,-1,-1,-1
451,23,561,391,24,48,-1,-1,-1,-1
452,23,561,390,25,48,-1,-1,-1,-1
453,23,562,392,24,46,-1,-1,-1,-1
454,23,562,392,24,44,-1,-1,-1,-1
455,23,563,393,23,43,-1,-1,-1,-1
456,23,562,392,24,44,-1,-1,-1,-1
457,23,563,392,23,44,-1,-1,-1,-1
458,23,563,392,24,44,-1,-1,-1,-1
459,23,563,390,24,46,-1,-1,-1,-1
460,23,563,390,24,45,-1,-1,-1,-1
461,23,563,390,24,46,-1,-1,-1,-1
462,23,563,390,24,46,-1,-1,-1,-1
463,23,564,390,24,46,-1,-1,-1,-1
464,23,564,390,24,46,-1,-1,-1,-1
465,23,564,391,24,45,-1,-1,-1,-1
466,23,565,392,24,44,-1,-1,-1,-1
467,23,567,393,23,43,-1,-1,-1,-1
468,23,568,395,23,41,-1,-1,-1,-1
469,23,568,394,23,42,-1,-1,-1,-1
470,23,568,395,23,41,-1,-1,-1,-1
471,23,568,395,23,41,-1,-1,-1,-1
472,23,568,395,24,41,-1,-1,-1,-1
473,23,569,395,23,41,-1,-1,-1,-1
474,23,569,395,23,41,-1,-1,-1,-1
475,23,569,394,23,42,-1,-1,-1,-1
476,23,569,395,23,41,-1,-1,-1,-1
477,23,568,394,24,41,-1,-1,-1,-1
478,23,569,394,23,42,-1,-1,-1,-1
479,23,569,394,23,42,-1,-1,-1,-1
480,23,569,394,23,42,-1,-1,-1,-1
481,23,569,393,23,43,-1,-1,-1,-1
482,23,569,394,23,42,-1,-1,-1,-1
483,23,569,394,23,42,-1,-1,-1,-1
484,23,569,394,23,42,-1,-1,-1,-1
485,23,570,394,23,41,-1,-1,-1,-1
486,23,570,394,23,41,-1,-1,-1,-1
487,23,569,394,23,41,-1,-1,-1,-1
488,23,569,393,23,42,-1,-1,-1,-1
489,23,569,393,23,42,-1,-1,-1,-1
490,23,569,393,23,42,-1,-1,-1,-1
491,23,569,392,24,43,-1,-1,-1,-1
492,23,569,393,24,42,-1,-1,-1,-1
493,23,569,392,24,43,-1,-1,-1,-1
494,23,570,393,23,42,-1,-1,-1,-1
495,23,569,393,23,42,-1,-1,-1,-1
496,23,569,393,23,42,-1,-1,-1,-1
497,23,569,393,24,42,-1,-1,-1,-1
498,23,569,393,24,42,-1,-1,-1,-1
499,23,569,393,24,42,-1,-1,-1,-1
500,23,570,393,22,42,-1,-1,-1,-1
501,23,570,393,22,42,-1,-1,-1,-1
502,23,570,393,23,42,-1,-1,-1,-1
503,23,570,393,23,42,-1,-1,-1,-1
504,23,570,393,23,42,-1,-1,-1,-1
505,23,570,392,23,42,-1,-1,-1,-1
506,23,570,393,23,42,-1,-1,-1,-1
507,23,570,392,23,42,-1,-1,-1,-1
508,23,570,392,23,43,-1,-1,-1,-1
509,23,570,392,23,43,-1,-1,-1,-1
510,23,570,392,23,43,-1,-1,-1,-1
511,23,569,392,24,43,-1,-1,-1,-1
512,23,569,390,23,44,-1,-1,-1,-1
513,23,570,390,21,43,-1,-1,-1,-1
514,23,570,389,22,44,-1,-1,-1,-1
515,23,570,389,22,44,-1,-1,-1,-1
516,23,570,390,22,44,-1,-1,-1,-1
517,23,570,390,22,44,-1,-1,-1,-1
518,23,569,389,22,44,-1,-1,-1,-1
519,23,569,388,22,45,-1,-1,-1,-1
520,23,569,388,23,45,-1,-1,-1,-1
521,23,569,386,23,47,-1,-1,-1,-1
522,23,569,385,23,48,-1,-1,-1,-1
523,23,569,386,22,47,-1,-1,-1,-1
524,23,569,386,22,46,-1,-1,-1,-1
525,23,568,385,23,46,-1,-1,-1,-1
526,23,569,386,22,46,-1,-1,-1,-1
527,23,566,387,23,44,-1,-1,-1,-1
528,23,565,386,24,44,-1,-1,-1,-1
529,23,565,386,24,44,-1,-1,-1,-1
530,23,565,386,24,44,-1,-1,-1,-1
531,23,565,385,24,45,-1,-1,-1,-1
532,23,566,386,23,44,-1,-1,-1,-1
533,23,566,386,23,44,-1,-1,-1,-1
534,23,566,386,23,44,-1,-1,-1,-1
535,23,565,386,24,45,-1,-1,-1,-1
536,23,565,387,24,44,-1,-1,-1,-1
537,23,565,386,24,45,-1,-1,-1,-1
538,23,564,385,25,46,-1,-1,-1,-1
539,23,564,384,25,46,-1,-1,-1,-1
540,23,565,384,24,46,-1,-1,-1,-1
541,23,564,384,26,46,-1,-1,-1,-1
542,23,564,385,25,45,-1,-1,-1,-1
543,23,564,384,26,45,-1,-1,-1,-1
544,23,563,382,26,47,-1,-1,-1,-1
545,23,564,383,25,46,-1,-1,-1,-1
546,23,564,383,25,46,-1,-1,-1,-1
547,23,564,384,24,45,-1,-1,-1,-1
548,23,564,384,24,46,-1,-1,-1,-1
549,23,564,383,23,46,-1,-1,-1,-1
550,23,564,382,24,47,-1,-1,-1,-1
551,23,563,380,26,50,-1,-1,-1,-1
552,23,562,380,26,50,-1,-1,-1,-1
553,23,562,379,27,51,-1,-1,-1,-1
554,23,562,379,26,50,-1,-1,-1,-1
555,23,561,380,26,50,-1,-1,-1,-1
556,23,561,381,27,49,-1,-1,-1,-1
557,23,560,380,27,50,-1,-1,-1,-1
558,23,559,380,28,51,-1,-1,-1,-1
559,23,560,380,27,50,-1,-1,-1,-1
560,23,559,382,27,48,-1,-1,-1,-1
561,23,560,384,26,45,-1,-1,-1,-1
625,24,918,254,15,26,-1,-1,-1,-1
626,24,918,255,15,25,-1,-1,-1,-1
627,24,918,256,15,24,-1,-1,-1,-1
628,24,917,257,15,23,-1,-1,-1,-1
629,24,916,255,16,25,-1,-1,-1,-1
630,24,916,255,16,25,-1,-1,-1,-1
667,25,902,258,14,24,-1,-1,-1,-1
668,25,901,259,14,24,-1,-1,-1,-1
669,25,900,259,14,24,-1,-1,-1,-1
670,25,899,260,16,24,-1,-1,-1,-1
671,25,899,259,15,25,-1,-1,-1,-1
672,25,899,260,15,24,-1,-1,-1,-1
673,25,898,260,16,23,-1,-1,-1,-1
674,25,899,260,14,23,-1,-1,-1,-1
832,26,836,253,16,24,-1,-1,-1,-1
833,26,835,254,15,23,-1,-1,-1,-1
834,26,835,254,16,24,-1,-1,-1,-1
855,27,825,250,14,28,-1,-1,-1,-1
856,27,824,251,15,28,-1,-1,-1,-1
857,27,824,253,15,28,-1,-1,-1,-1
858,27,824,253,15,27,-1,-1,-1,-1
859,27,824,253,15,27,-1,-1,-1,-1
860,27,824,253,14,27,-1,-1,-1,-1
861,27,823,253,15,27,-1,-1,-1,-1
862,27,823,252,16,29,-1,-1,-1,-1
863,27,823,252,16,29,-1,-1,-1,-1
864,27,822,251,17,30,-1,-1,-1,-1
865,27,822,252,16,28,-1,-1,-1,-1
866,27,823,252,15,28,-1,-1,-1,-1
867,27,822,252,16,28,-1,-1,-1,-1
58,1,1201,354,17,33,-1,-1,-1,-1
59,1,1201,354,16,33,-1,-1,-1,-1
60,1,1201,354,17,33,-1,-1,-1,-1
61,1,1201,354,19,35,-1,-1,-1,-1
62,1,1200,355,18,35,-1,-1,-1,-1
63,1,1201,354,16,34,-1,-1,-1,-1
64,1,1201,355,17,35,-1,-1,-1,-1
65,1,1201,355,17,34,-1,-1,-1,-1
66,1,1200,355,18,34,-1,-1,-1,-1
67,1,1200,355,18,35,-1,-1,-1,-1
68,1,1200,356,18,34,-1,-1,-1,-1
69,1,1200,354,18,35,-1,-1,-1,-1
70,1,1199,355,19,34,-1,-1,-1,-1
71,1,1199,355,18,35,-1,-1,-1,-1
72,1,1199,355,18,35,-1,-1,-1,-1
73,1,1200,356,17,34,-1,-1,-1,-1
74,1,1200,357,17,34,-1,-1,-1,-1
75,1,1199,356,18,35,-1,-1,-1,-1
76,1,1199,357,17,33,-1,-1,-1,-1
77,1,1199,356,18,35,-1,-1,-1,-1
78,1,1199,357,18,34,-1,-1,-1,-1
79,1,1199,357,17,34,-1,-1,-1,-1
80,1,1199,356,18,35,-1,-1,-1,-1
81,1,1199,356,18,34,-1,-1,-1,-1
82,1,1199,356,17,34,-1,-1,-1,-1
83,1,1199,356,17,35,-1,-1,-1,-1
84,1,1199,356,17,35,-1,-1,-1,-1
85,1,1198,356,18,35,-1,-1,-1,-1
86,1,1199,357,17,34,-1,-1,-1,-1
87,1,1198,356,18,35,-1,-1,-1,-1
88,1,1198,356,19,35,-1,-1,-1,-1
89,1,1198,356,19,35,-1,-1,-1,-1
90,1,1198,356,19,35,-1,-1,-1,-1
91,1,1198,356,18,35,-1,-1,-1,-1
92,1,1197,356,19,35,-1,-1,-1,-1
93,1,1197,357,19,34,-1,-1,-1,-1
94,1,1197,356,19,35,-1,-1,-1,-1
95,1,1197,357,18,35,-1,-1,-1,-1
96,1,1197,356,18,36,-1,-1,-1,-1
97,1,1196,356,18,37,-1,-1,-1,-1
98,1,1196,357,18,36,-1,-1,-1,-1
99,1,1196,357,18,36,-1,-1,-1,-1
100,1,1196,357,18,36,-1,-1,-1,-1
101,1,1196,357,17,35,-1,-1,-1,-1
102,1,1196,357,17,36,-1,-1,-1,-1
103,1,1196,358,17,35,-1,-1,-1,-1
104,1,1196,358,17,36,-1,-1,-1,-1
105,1,1195,358,18,36,-1,-1,-1,-1
106,1,1195,358,18,36,-1,-1,-1,-1
107,1,1195,359,17,35,-1,-1,-1,-1
108,1,1195,358,17,36,-1,-1,-1,-1
109,1,1194,359,17,35,-1,-1,-1,-1
110,1,1194,359,17,34,-1,-1,-1,-1
111,1,1193,358,19,36,-1,-1,-1,-1
112,1,1191,357,21,37,-1,-1,-1,-1
113,1,1190,358,21,36,-1,-1,-1,-1
114,1,1191,358,19,35,-1,-1,-1,-1
115,1,1191,359,18,35,-1,-1,-1,-1
116,1,1191,359,18,35,-1,-1,-1,-1
117,1,1190,359,18,35,-1,-1,-1,-1
118,1,1190,360,17,33,-1,-1,-1,-1
119,1,1191,360,16,33,-1,-1,-1,-1
120,1,1190,360,17,33,-1,-1,-1,-1
121,1,1190,359,17,34,-1,-1,-1,-1
122,1,1189,359,18,34,-1,-1,-1,-1
123,1,1189,359,18,34,-1,-1,-1,-1
124,1,1188,359,19,35,-1,-1,-1,-1
125,1,1188,360,18,35,-1,-1,-1,-1
126,1,1187,359,19,36,-1,-1,-1,-1
127,1,1187,359,19,36,-1,-1,-1,-1
128,1,1187,360,19,36,-1,-1,-1,-1
129,1,1187,360,18,36,-1,-1,-1,-1
130,1,1186,360,19,36,-1,-1,-1,-1
131,1,1186,359,19,37,-1,-1,-1,-1
132,1,1187,359,18,37,-1,-1,-1,-1
133,1,1187,359,18,36,-1,-1,-1,-1
134,1,1186,359,19,36,-1,-1,-1,-1
135,1,1187,359,18,36,-1,-1,-1,-1
136,1,1187,359,17,36,-1,-1,-1,-1
137,1,1186,360,18,36,-1,-1,-1,-1
138,1,1185,360,19,37,-1,-1,-1,-1
139,1,1184,360,19,37,-1,-1,-1,-1
140,1,1184,361,19,36,-1,-1,-1,-1
141,1,1184,360,18,37,-1,-1,-1,-1
142,1,1183,361,18,36,-1,-1,-1,-1
143,1,1182,361,18,36,-1,-1,-1,-1
144,1,1182,361,18,36,-1,-1,-1,-1
145,1,1182,361,18,36,-1,-1,-1,-1
146,1,1182,362,18,35,-1,-1,-1,-1
147,1,1182,362,19,35,-1,-1,-1,-1
148,1,1182,361,19,36,-1,-1,-1,-1
149,1,1181,361,18,37,-1,-1,-1,-1
150,1,1181,361,18,36,-1,-1,-1,-1
151,1,1181,361,18,37,-1,-1,-1,-1
152,1,1181,361,18,37,-1,-1,-1,-1
153,1,1181,361,18,37,-1,-1,-1,-1
154,1,1180,360,19,37,-1,-1,-1,-1
155,1,1180,360,18,37,-1,-1,-1,-1
156,1,1180,360,18,37,-1,-1,-1,-1
157,1,1180,360,18,38,-1,-1,-1,-1
158,1,1180,360,18,38,-1,-1,-1,-1
159,1,1179,360,19,39,-1,-1,-1,-1
160,1,1179,361,18,37,-1,-1,-1,-1
161,1,1179,361,18,38,-1,-1,-1,-1
162,1,1178,361,19,40,-1,-1,-1,-1
163,1,1178,361,19,40,-1,-1,-1,-1
164,1,1178,362,19,39,-1,-1,-1,-1
165,1,1178,361,19,38,-1,-1,-1,-1
166,1,1177,362,19,36,-1,-1,-1,-1
167,1,1176,361,20,38,-1,-1,-1,-1
168,1,1177,362,19,36,-1,-1,-1,-1
169,1,1176,362,20,37,-1,-1,-1,-1
170,1,1175,362,20,38,-1,-1,-1,-1
171,1,1175,362,21,39,-1,-1,-1,-1
172,1,1175,362,20,40,-1,-1,-1,-1
173,1,1174,363,21,40,-1,-1,-1,-1
174,1,1174,363,21,40,-1,-1,-1,-1
175,1,1174,363,21,39,-1,-1,-1,-1
176,1,1174,363,21,39,-1,-1,-1,-1
177,1,1174,362,21,40,-1,-1,-1,-1
178,1,1174,363,20,39,-1,-1,-1,-1
179,1,1174,363,20,39,-1,-1,-1,-1
180,1,1174,363,20,39,-1,-1,-1,-1
181,1,1173,363,21,40,-1,-1,-1,-1
182,1,1173,364,21,39,-1,-1,-1,-1
183,1,1173,364,21,39,-1,-1,-1,-1
184,1,1172,363,21,40,-1,-1,-1,-1
185,1,1172,364,22,40,-1,-1,-1,-1
186,1,1172,363,21,40,-1,-1,-1,-1
187,1,1172,363,21,41,-1,-1,-1,-1
188,1,1172,363,21,41,-1,-1,-1,-1
189,1,1172,363,21,41,-1,-1,-1,-1
190,1,1171,363,22,41,-1,-1,-1,-1
191,1,1171,363,21,40,-1,-1,-1,-1
192,1,1171,364,21,37,-1,-1,-1,-1
193,1,1170,363,21,39,-1,-1,-1,-1
194,1,1171,364,20,37,-1,-1,-1,-1
195,1,1171,364,21,38,-1,-1,-1,-1
196,1,1171,364,21,38,-1,-1,-1,-1
197,1,1171,364,20,39,-1,-1,-1,-1
198,1,1171,365,20,37,-1,-1,-1,-1
199,1,1171,364,20,38,-1,-1,-1,-1
200,1,1171,365,20,37,-1,-1,-1,-1
201,1,1171,364,20,38,-1,-1,-1,-1
202,1,1170,364,21,38,-1,-1,-1,-1
203,1,1170,363,21,39,-1,-1,-1,-1
204,1,1170,364,21,39,-1,-1,-1,-1
205,1,1169,363,22,41,-1,-1,-1,-1
206,1,1169,363,22,41,-1,-1,-1,-1
207,1,1168,363,23,41,-1,-1,-1,-1
208,1,1169,363,21,41,-1,-1,-1,-1
209,1,1169,363,21,41,-1,-1,-1,-1
210,1,1169,363,21,41,-1,-1,-1,-1
211,1,1169,364,21,40,-1,-1,-1,-1
212,1,1169,365,20,39,-1,-1,-1,-1
213,1,1170,366,19,38,-1,-1,-1,-1
214,1,1169,365,20,39,-1,-1,-1,-1
215,1,1170,366,19,38,-1,-1,-1,-1
216,1,1169,365,20,39,-1,-1,-1,-1
217,1,1169,365,19,39,-1,-1,-1,-1
218,1,1168,365,21,40,-1,-1,-1,-1
219,1,1167,365,21,39,-1,-1,-1,-1
220,1,1167,365,21,39,-1,-1,-1,-1
221,1,1167,364,21,40,-1,-1,-1,-1
222,1,1167,364,21,41,-1,-1,-1,-1
223,1,1166,364,22,41,-1,-1,-1,-1
224,1,1166,364,22,41,-1,-1,-1,-1
225,1,1166,365,22,40,-1,-1,-1,-1
226,1,1166,365,22,40,-1,-1,-1,-1
227,1,1166,365,22,41,-1,-1,-1,-1
228,1,1165,365,22,40,-1,-1,-1,-1
229,1,1166,365,21,40,-1,-1,-1,-1
230,1,1165,366,22,40,-1,-1,-1,-1
231,1,1165,366,22,40,-1,-1,-1,-1
232,1,1165,366,22,40,-1,-1,-1,-1
233,1,1164,366,23,40,-1,-1,-1,-1
234,1,1166,367,21,38,-1,-1,-1,-1
235,1,1165,366,22,40,-1,-1,-1,-1
236,1,1165,366,21,40,-1,-1,-1,-1
237,1,1164,366,22,40,-1,-1,-1,-1
238,1,1163,365,22,41,-1,-1,-1,-1
239,1,1163,365,23,41,-1,-1,-1,-1
240,1,1163,365,23,41,-1,-1,-1,-1
241,1,1163,366,22,40,-1,-1,-1,-1
242,1,1163,366,22,41,-1,-1,-1,-1
243,1,1163,366,22,41,-1,-1,-1,-1
244,1,1162,366,23,40,-1,-1,-1,-1
245,1,1162,366,22,41,-1,-1,-1,-1
246,1,1161,366,23,41,-1,-1,-1,-1
247,1,1161,367,23,40,-1,-1,-1,-1
248,1,1161,367,23,41,-1,-1,-1,-1
249,1,1161,367,22,41,-1,-1,-1,-1
250,1,1160,366,23,42,-1,-1,-1,-1
251,1,1160,366,23,42,-1,-1,-1,-1
252,1,1160,366,23,42,-1,-1,-1,-1
253,1,1160,367,23,41,-1,-1,-1,-1
254,1,1160,367,23,41,-1,-1,-1,-1
255,1,1160,366,23,42,-1,-1,-1,-1
256,1,1160,367,23,41,-1,-1,-1,-1
257,1,1160,367,22,41,-1,-1,-1,-1
258,1,1160,367,22,40,-1,-1,-1,-1
259,1,1160,368,22,39,-1,-1,-1,-1
260,1,1160,368,22,38,-1,-1,-1,-1
261,1,1160,368,22,39,-1,-1,-1,-1
262,1,1159,369,23,39,-1,-1,-1,-1
263,1,1160,370,22,37,-1,-1,-1,-1
264,1,1160,371,21,36,-1,-1,-1,-1
265,1,1159,371,22,37,-1,-1,-1,-1
266,1,1159,371,21,37,-1,-1,-1,-1
267,1,1159,370,21,38,-1,-1,-1,-1
268,1,1159,371,21,37,-1,-1,-1,-1
269,1,1158,370,22,38,-1,-1,-1,-1
270,1,1158,370,22,39,-1,-1,-1,-1
271,1,1158,370,22,39,-1,-1,-1,-1
272,1,1158,369,22,40,-1,-1,-1,-1
273,1,1158,370,22,39,-1,-1,-1,-1
274,1,1158,370,21,38,-1,-1,-1,-1
275,1,1158,371,21,37,-1,-1,-1,-1
276,1,1158,370,21,39,-1,-1,-1,-1
277,1,1158,370,21,39,-1,-1,-1,-1
278,1,1158,370,21,39,-1,-1,-1,-1
279,1,1158,370,21,39,-1,-1,-1,-1
280,1,1158,371,21,38,-1,-1,-1,-1
281,1,1158,371,20,38,-1,-1,-1,-1
282,1,1158,371,20,38,-1,-1,-1,-1
283,1,1157,371,20,38,-1,-1,-1,-1
284,1,1157,370,21,40,-1,-1,-1,-1
285,1,1157,371,20,38,-1,-1,-1,-1
286,1,1157,371,20,39,-1,-1,-1,-1
287,1,1156,370,21,40,-1,-1,-1,-1
288,1,1156,371,21,38,-1,-1,-1,-1
289,1,1156,370,21,40,-1,-1,-1,-1
290,1,1156,369,21,41,-1,-1,-1,-1
291,1,1155,369,22,42,-1,-1,-1,-1
292,1,1155,369,22,42,-1,-1,-1,-1
293,1,1156,369,22,41,-1,-1,-1,-1
294,1,1156,369,22,41,-1,-1,-1,-1
295,1,1155,369,23,42,-1,-1,-1,-1
296,1,1155,370,22,41,-1,-1,-1,-1
297,1,1155,371,21,39,-1,-1,-1,-1
298,1,1155,370,21,41,-1,-1,-1,-1
299,1,1155,371,21,40,-1,-1,-1,-1
300,1,1155,370,21,41,-1,-1,-1,-1
301,1,1155,370,21,41,-1,-1,-1,-1
302,1,1155,369,21,41,-1,-1,-1,-1
303,1,1155,370,21,40,-1,-1,-1,-1
304,1,1155,370,21,40,-1,-1,-1,-1
305,1,1155,371,21,39,-1,-1,-1,-1
306,1,1154,371,21,39,-1,-1,-1,-1
307,1,1154,371,21,40,-1,-1,-1,-1
308,1,1154,371,21,40,-1,-1,-1,-1
309,1,1153,372,21,40,-1,-1,-1,-1
310,1,1153,372,21,39,-1,-1,-1,-1
311,1,1153,373,20,38,-1,-1,-1,-1
312,1,1153,373,20,38,-1,-1,-1,-1
313,1,1153,373,20,38,-1,-1,-1,-1
314,1,1153,374,20,37,-1,-1,-1,-1
315,1,1153,375,20,36,-1,-1,-1,-1
316,1,1153,375,20,36,-1,-1,-1,-1
317,1,1153,375,20,36,-1,-1,-1,-1
318,1,1153,375,20,36,-1,-1,-1,-1
319,1,1153,374,19,36,-1,-1,-1,-1
320,1,1152,374,20,36,-1,-1,-1,-1
321,1,1152,373,20,38,-1,-1,-1,-1
322,1,1152,374,20,37,-1,-1,-1,-1
323,1,1152,373,20,38,-1,-1,-1,-1
324,1,1151,372,20,40,-1,-1,-1,-1
325,1,1151,373,20,38,-1,-1,-1,-1
326,1,1151,372,20,39,-1,-1,-1,-1
327,1,1151,373,19,38,-1,-1,-1,-1
328,1,1150,374,19,36,-1,-1,-1,-1
329,1,1150,375,19,36,-1,-1,-1,-1
330,1,1150,375,18,37,-1,-1,-1,-1
331,1,1149,375,19,37,-1,-1,-1,-1
332,1,1149,375,19,38,-1,-1,-1,-1
333,1,1149,376,19,36,-1,-1,-1,-1
334,1,1149,376,18,36,-1,-1,-1,-1
335,1,1149,375,18,37,-1,-1,-1,-1
336,1,1148,375,19,38,-1,-1,-1,-1
337,1,1148,376,19,37,-1,-1,-1,-1
338,1,1147,376,20,37,-1,-1,-1,-1
339,1,1147,375,20,39,-1,-1,-1,-1
340,1,1147,376,20,38,-1,-1,-1,-1
341,1,1146,376,21,39,-1,-1,-1,-1
342,1,1146,376,21,39,-1,-1,-1,-1
343,1,1146,377,20,37,-1,-1,-1,-1
344,1,1146,377,20,37,-1,-1,-1,-1
345,1,1145,376,21,39,-1,-1,-1,-1
346,1,1145,377,21,38,-1,-1,-1,-1
347,1,1144,377,21,38,-1,-1,-1,-1
348,1,1144,377,21,39,-1,-1,-1,-1
349,1,1144,376,21,40,-1,-1,-1,-1
350,1,1143,376,22,40,-1,-1,-1,-1
351,1,1143,376,22,40,-1,-1,-1,-1
352,1,1143,376,22,41,-1,-1,-1,-1
353,1,1143,376,21,41,-1,-1,-1,-1
354,1,1143,376,21,41,-1,-1,-1,-1
355,1,1142,376,22,41,-1,-1,-1,-1
356,1,1142,375,22,42,-1,-1,-1,-1
357,1,1142,376,21,42,-1,-1,-1,-1
358,1,1141,376,23,42,-1,-1,-1,-1
359,1,1141,377,22,41,-1,-1,-1,-1
360,1,1140,376,23,42,-1,-1,-1,-1
361,1,1141,376,21,41,-1,-1,-1,-1
362,1,1140,376,22,42,-1,-1,-1,-1
363,1,1140,377,22,41,-1,-1,-1,-1
364,1,1140,376,22,43,-1,-1,-1,-1
365,1,1140,377,22,41,-1,-1,-1,-1
366,1,1140,377,22,43,-1,-1,-1,-1
367,1,1140,378,22,41,-1,-1,-1,-1
368,1,1140,377,22,42,-1,-1,-1,-1
369,1,1140,378,21,41,-1,-1,-1,-1
370,1,1139,377,22,41,-1,-1,-1,-1
371,1,1139,377,21,41,-1,-1,-1,-1
372,1,1139,377,21,40,-1,-1,-1,-1
373,1,1139,377,21,40,-1,-1,-1,-1
374,1,1139,377,21,41,-1,-1,-1,-1
375,1,1138,377,21,42,-1,-1,-1,-1
376,1,1137,377,23,42,-1,-1,-1,-1
377,1,1137,376,22,42,-1,-1,-1,-1
378,1,1138,377,21,41,-1,-1,-1,-1
379,1,1138,378,20,40,-1,-1,-1,-1
380,1,1138,378,20,40,-1,-1,-1,-1
381,1,1138,379,21,39,-1,-1,-1,-1
382,1,1139,379,20,38,-1,-1,-1,-1
383,1,1139,380,20,37,-1,-1,-1,-1
384,1,1138,381,20,37,-1,-1,-1,-1
385,1,1138,380,20,38,-1,-1,-1,-1
386,1,1138,380,20,38,-1,-1,-1,-1
387,1,1137,380,20,38,-1,-1,-1,-1
388,1,1137,382,20,36,-1,-1,-1,-1
389,1,1137,382,20,37,-1,-1,-1,-1
390,1,1136,381,21,38,-1,-1,-1,-1
391,1,1136,380,21,39,-1,-1,-1,-1
392,1,1136,380,21,40,-1,-1,-1,-1
393,1,1136,381,20,38,-1,-1,-1,-1
394,1,1136,381,20,38,-1,-1,-1,-1
395,1,1135,382,21,38,-1,-1,-1,-1
396,1,1135,381,21,40,-1,-1,-1,-1
397,1,1134,382,22,39,-1,-1,-1,-1
398,1,1134,381,21,41,-1,-1,-1,-1
399,1,1133,380,22,41,-1,-1,-1,-1
400,1,1133,381,22,40,-1,-1,-1,-1
401,1,1133,380,22,40,-1,-1,-1,-1
402,1,1133,380,22,41,-1,-1,-1,-1
403,1,1133,380,22,41,-1,-1,-1,-1
404,1,1133,380,21,41,-1,-1,-1,-1
405,1,1133,380,21,41,-1,-1,-1,-1
406,1,1133,380,21,42,-1,-1,-1,-1
407,1,1133,380,21,41,-1,-1,-1,-1
408,1,1133,379,21,42,-1,-1,-1,-1
409,1,1132,379,22,42,-1,-1,-1,-1
410,1,1132,380,22,41,-1,-1,-1,-1
411,1,1132,379,22,43,-1,-1,-1,-1
412,1,1131,379,23,42,-1,-1,-1,-1
413,1,1131,379,23,43,-1,-1,-1,-1
414,1,1131,381,23,41,-1,-1,-1,-1
415,1,1131,381,23,41,-1,-1,-1,-1
416,1,1130,381,23,41,-1,-1,-1,-1
417,1,1130,381,23,42,-1,-1,-1,-1
418,1,1129,382,23,40,-1,-1,-1,-1
419,1,1128,382,24,42,-1,-1,-1,-1
420,1,1128,383,23,40,-1,-1,-1,-1
421,1,1128,382,23,42,-1,-1,-1,-1
422,1,1128,383,23,40,-1,-1,-1,-1
423,1,1129,384,22,39,-1,-1,-1,-1
424,1,1128,384,23,40,-1,-1,-1,-1
425,1,1128,384,23,39,-1,-1,-1,-1
426,1,1128,383,23,41,-1,-1,-1,-1
427,1,1128,382,23,42,-1,-1,-1,-1
428,1,1128,382,23,41,-1,-1,-1,-1
429,1,1128,381,23,42,-1,-1,-1,-1
430,1,1127,381,23,43,-1,-1,-1,-1
431,1,1127,381,23,43,-1,-1,-1,-1
432,1,1127,382,24,43,-1,-1,-1,-1
433,1,1127,383,23,42,-1,-1,-1,-1
434,1,1127,383,23,41,-1,-1,-1,-1
435,1,1126,383,23,41,-1,-1,-1,-1
436,1,1127,384,22,40,-1,-1,-1,-1
437,1,1127,384,22,41,-1,-1,-1,-1
438,1,1126,384,23,41,-1,-1,-1,-1
439,1,1126,383,23,42,-1,-1,-1,-1
440,1,1126,383,23,42,-1,-1,-1,-1
441,1,1126,383,23,42,-1,-1,-1,-1
442,1,1126,384,22,41,-1,-1,-1,-1
443,1,1126,382,22,43,-1,-1,-1,-1
444,1,1126,383,22,42,-1,-1,-1,-1
445,1,1126,383,22,42,-1,-1,-1,-1
446,1,1125,383,23,42,-1,-1,-1,-1
447,1,1125,382,22,44,-1,-1,-1,-1
448,1,1124,382,23,44,-1,-1,-1,-1
449,1,1124,382,23,44,-1,-1,-1,-1
450,1,1124,382,23,45,-1,-1,-1,-1
451,1,1124,382,23,45,-1,-1,-1,-1
452,1,1124,382,23,45,-1,-1,-1,-1
453,1,1124,383,22,43,-1,-1,-1,-1
454,1,1123,384,23,42,-1,-1,-1,-1
455,1,1123,385,22,41,-1,-1,-1,-1
456,1,1123,386,22,40,-1,-1,-1,-1
457,1,1123,386,22,39,-1,-1,-1,-1
458,1,1123,386,22,39,-1,-1,-1,-1
459,1,1123,386,22,39,-1,-1,-1,-1
460,1,1123,386,21,39,-1,-1,-1,-1
461,1,1123,387,21,38,-1,-1,-1,-1
462,1,1123,386,21,40,-1,-1,-1,-1
463,1,1122,386,22,40,-1,-1,-1,-1
464,1,1122,386,22,40,-1,-1,-1,-1
465,1,1122,387,21,39,-1,-1,-1,-1
466,1,1122,387,21,39,-1,-1,-1,-1
467,1,1122,388,20,38,-1,-1,-1,-1
468,1,1122,388,20,38,-1,-1,-1,-1
469,1,1121,389,20,37,-1,-1,-1,-1
470,1,1121,390,20,37,-1,-1,-1,-1
471,1,1121,390,19,37,-1,-1,-1,-1
472,1,1121,389,20,38,-1,-1,-1,-1
473,1,1121,389,21,39,-1,-1,-1,-1
474,1,1120,388,21,40,-1,-1,-1,-1
475,1,1119,388,22,40,-1,-1,-1,-1
476,1,1119,388,22,41,-1,-1,-1,-1
477,1,1119,388,21,40,-1,-1,-1,-1
478,1,1118,387,22,41,-1,-1,-1,-1
479,1,1118,387,22,42,-1,-1,-1,-1
480,1,1118,388,21,41,-1,-1,-1,-1
481,1,1117,387,22,41,-1,-1,-1,-1
482,1,1117,387,22,41,-1,-1,-1,-1
483,1,1117,389,22,39,-1,-1,-1,-1
484,1,1117,390,21,37,-1,-1,-1,-1
485,1,1117,390,20,38,-1,-1,-1,-1
486,1,1116,390,21,38,-1,-1,-1,-1
487,1,1115,390,22,39,-1,-1,-1,-1
488,1,1114,389,22,41,-1,-1,-1,-1
489,1,1114,390,22,40,-1,-1,-1,-1
490,1,1114,391,22,40,-1,-1,-1,-1
491,1,1113,390,22,41,-1,-1,-1,-1
492,1,1113,390,22,41,-1,-1,-1,-1
493,1,1112,390,23,41,-1,-1,-1,-1
494,1,1112,390,23,41,-1,-1,-1,-1
495,1,1112,390,22,42,-1,-1,-1,-1
496,1,1111,390,23,42,-1,-1,-1,-1
497,1,1111,389,23,42,-1,-1,-1,-1
498,1,1111,389,23,41,-1,-1,-1,-1
499,1,1111,389,23,41,-1,-1,-1,-1
500,1,1110,389,23,42,-1,-1,-1,-1
501,1,1110,389,23,42,-1,-1,-1,-1
502,1,1110,389,23,43,-1,-1,-1,-1
503,1,1110,389,23,44,-1,-1,-1,-1
504,1,1110,389,23,43,-1,-1,-1,-1
505,1,1110,389,23,44,-1,-1,-1,-1
506,1,1109,389,23,43,-1,-1,-1,-1
507,1,1110,390,22,41,-1,-1,-1,-1
508,1,1109,390,23,41,-1,-1,-1,-1
509,1,1109,390,22,42,-1,-1,-1,-1
510,1,1109,390,22,42,-1,-1,-1,-1
511,1,1108,390,22,43,-1,-1,-1,-1
512,1,1107,389,23,44,-1,-1,-1,-1
513,1,1107,390,23,44,-1,-1,-1,-1
514,1,1107,390,23,44,-1,-1,-1,-1
515,1,1106,389,24,46,-1,-1,-1,-1
516,1,1107,389,23,45,-1,-1,-1,-1
517,1,1107,391,22,43,-1,-1,-1,-1
518,1,1107,391,22,43,-1,-1,-1,-1
519,1,1107,391,22,43,-1,-1,-1,-1
520,1,1107,391,22,43,-1,-1,-1,-1
521,1,1107,390,23,44,-1,-1,-1,-1
522,1,1106,390,23,44,-1,-1,-1,-1
523,1,1106,390,23,44,-1,-1,-1,-1
524,1,1106,390,23,44,-1,-1,-1,-1
525,1,1106,390,23,44,-1,-1,-1,-1
526,1,1106,390,23,44,-1,-1,-1,-1
527,1,1106,390,23,45,-1,-1,-1,-1
528,1,1106,390,23,45,-1,-1,-1,-1
529,1,1106,390,23,45,-1,-1,-1,-1
530,1,1106,390,23,44,-1,-1,-1,-1
531,1,1106,391,23,44,-1,-1,-1,-1
532,1,1105,390,24,45,-1,-1,-1,-1
533,1,1106,390,23,44,-1,-1,-1,-1
534,1,1105,390,23,44,-1,-1,-1,-1
535,1,1105,390,23,45,-1,-1,-1,-1
536,1,1104,391,24,44,-1,-1,-1,-1
537,1,1104,392,23,44,-1,-1,-1,-1
538,1,1103,392,24,45,-1,-1,-1,-1
539,1,1103,392,23,45,-1,-1,-1,-1
540,1,1103,393,23,43,-1,-1,-1,-1
541,1,1103,392,23,44,-1,-1,-1,-1
542,1,1102,393,23,44,-1,-1,-1,-1
543,1,1102,393,23,45,-1,-1,-1,-1
544,1,1102,393,23,44,-1,-1,-1,-1
545,1,1102,393,23,43,-1,-1,-1,-1
546,1,1102,394,23,43,-1,-1,-1,-1
547,1,1102,393,22,44,-1,-1,-1,-1
548,1,1101,393,23,44,-1,-1,-1,-1
549,1,1101,395,23,42,-1,-1,-1,-1
550,1,1101,394,22,43,-1,-1,-1,-1
551,1,1100,396,22,41,-1,-1,-1,-1
552,1,1100,396,22,42,-1,-1,-1,-1
553,1,1099,397,23,41,-1,-1,-1,-1
554,1,1099,395,23,43,-1,-1,-1,-1
555,1,1099,396,23,41,-1,-1,-1,-1
556,1,1099,396,23,41,-1,-1,-1,-1
557,1,1099,395,23,42,-1,-1,-1,-1
558,1,1098,395,23,43,-1,-1,-1,-1
559,1,1098,395,23,43,-1,-1,-1,-1
560,1,1098,395,23,43,-1,-1,-1,-1
561,1,1098,395,22,43,-1,-1,-1,-1
562,1,1098,395,22,43,-1,-1,-1,-1
563,1,1097,395,23,43,-1,-1,-1,-1
564,1,1097,395,23,44,-1,-1,-1,-1
565,1,1097,395,24,44,-1,-1,-1,-1
566,1,1097,396,24,43,-1,-1,-1,-1
567,1,1097,396,23,44,-1,-1,-1,-1
568,1,1097,396,24,43,-1,-1,-1,-1
569,1,1097,396,24,43,-1,-1,-1,-1
570,1,1097,396,24,43,-1,-1,-1,-1
571,1,1097,396,24,43,-1,-1,-1,-1
572,1,1096,395,25,45,-1,-1,-1,-1
573,1,1096,395,25,45,-1,-1,-1,-1
574,1,1096,395,24,45,-1,-1,-1,-1
575,1,1096,395,24,45,-1,-1,-1,-1
576,1,1096,395,24,46,-1,-1,-1,-1
577,1,1095,395,25,46,-1,-1,-1,-1
578,1,1096,395,24,45,-1,-1,-1,-1
579,1,1096,396,24,44,-1,-1,-1,-1
580,1,1096,395,24,46,-1,-1,-1,-1
581,1,1096,396,24,44,-1,-1,-1,-1
582,1,1096,396,24,44,-1,-1,-1,-1
583,1,1096,397,24,43,-1,-1,-1,-1
584,1,1096,397,24,43,-1,-1,-1,-1
585,1,1095,397,25,43,-1,-1,-1,-1
586,1,1095,397,24,44,-1,-1,-1,-1
587,1,1095,397,24,44,-1,-1,-1,-1
588,1,1095,396,24,45,-1,-1,-1,-1
589,1,1095,396,24,45,-1,-1,-1,-1
590,1,1094,396,25,45,-1,-1,-1,-1
591,1,1094,396,25,45,-1,-1,-1,-1
592,1,1094,395,25,46,-1,-1,-1,-1
593,1,1094,395,25,46,-1,-1,-1,-1
594,1,1093,395,25,47,-1,-1,-1,-1
595,1,1093,395,26,47,-1,-1,-1,-1
596,1,1093,395,25,47,-1,-1,-1,-1
597,1,1093,395,25,47,-1,-1,-1,-1
598,1,1093,396,25,46,-1,-1,-1,-1
599,1,1093,396,24,46,-1,-1,-1,-1
600,1,1093,397,23,45,-1,-1,-1,-1
601,1,1093,397,23,44,-1,-1,-1,-1
602,1,1092,397,23,44,-1,-1,-1,-1
603,1,1092,398,23,43,-1,-1,-1,-1
604,1,1092,398,22,43,-1,-1,-1,-1
605,1,1092,398,23,43,-1,-1,-1,-1
606,1,1092,399,22,42,-1,-1,-1,-1
607,1,1092,399,22,43,-1,-1,-1,-1
608,1,1091,399,23,43,-1,-1,-1,-1
609,1,1092,399,21,43,-1,-1,-1,-1
610,1,1091,399,22,43,-1,-1,-1,-1
611,1,1091,399,22,43,-1,-1,-1,-1
612,1,1091,399,22,42,-1,-1,-1,-1
613,1,1090,399,22,43,-1,-1,-1,-1
614,1,1090,398,22,44,-1,-1,-1,-1
615,1,1090,399,22,43,-1,-1,-1,-1
616,1,1089,399,23,43,-1,-1,-1,-1
617,1,1089,399,23,43,-1,-1,-1,-1
618,1,1089,399,22,43,-1,-1,-1,-1
619,1,1088,400,23,43,-1,-1,-1,-1
620,1,1087,399,24,43,-1,-1,-1,-1
621,1,1086,398,24,45,-1,-1,-1,-1
622,1,1087,400,22,43,-1,-1,-1,-1
623,1,1086,399,23,43,-1,-1,-1,-1
624,1,1086,400,22,42,-1,-1,-1,-1
625,1,1086,400,22,43,-1,-1,-1,-1
626,1,1085,400,22,44,-1,-1,-1,-1
627,1,1085,400,22,44,-1,-1,-1,-1
628,1,1085,401,22,43,-1,-1,-1,-1
629,1,1084,401,23,44,-1,-1,-1,-1
630,1,1084,400,23,45,-1,-1,-1,-1
631,1,1083,400,24,45,-1,-1,-1,-1
632,1,1083,401,23,44,-1,-1,-1,-1
633,1,1083,401,23,44,-1,-1,-1,-1
634,1,1083,401,23,43,-1,-1,-1,-1
635,1,1082,403,24,43,-1,-1,-1,-1
636,1,1082,404,24,42,-1,-1,-1,-1
637,1,1082,404,23,43,-1,-1,-1,-1
638,1,1081,404,24,43,-1,-1,-1,-1
639,1,1082,405,23,42,-1,-1,-1,-1
640,1,1081,405,23,42,-1,-1,-1,-1
641,1,1081,404,22,43,-1,-1,-1,-1
642,1,1081,404,22,43,-1,-1,-1,-1
643,1,1081,404,22,43,-1,-1,-1,-1
644,1,1081,404,22,42,-1,-1,-1,-1
645,1,1080,404,23,42,-1,-1,-1,-1
646,1,1080,405,22,41,-1,-1,-1,-1
647,1,1080,405,22,41,-1,-1,-1,-1
648,1,1080,405,22,41,-1,-1,-1,-1
649,1,1079,405,23,41,-1,-1,-1,-1
650,1,1079,405,22,41,-1,-1,-1,-1
651,1,1078,405,22,41,-1,-1,-1,-1
652,1,1078,405,23,42,-1,-1,-1,-1
653,1,1077,405,23,42,-1,-1,-1,-1
654,1,1077,406,22,40,-1,-1,-1,-1
655,1,1077,406,22,41,-1,-1,-1,-1
656,1,1076,406,23,41,-1,-1,-1,-1
657,1,1076,406,22,42,-1,-1,-1,-1
658,1,1075,406,23,43,-1,-1,-1,-1
659,1,1075,406,23,43,-1,-1,-1,-1
660,1,1075,406,23,43,-1,-1,-1,-1
661,1,1075,406,23,44,-1,-1,-1,-1
662,1,1075,406,23,43,-1,-1,-1,-1
663,1,1075,406,23,42,-1,-1,-1,-1
664,1,1075,406,22,42,-1,-1,-1,-1
665,1,1075,406,22,41,-1,-1,-1,-1
666,1,1075,406,22,42,-1,-1,-1,-1
667,1,1074,407,23,42,-1,-1,-1,-1
668,1,1074,406,23,43,-1,-1,-1,-1
669,1,1073,407,23,44,-1,-1,-1,-1
670,1,1072,407,25,45,-1,-1,-1,-1
671,1,1072,407,24,45,-1,-1,-1,-1
672,1,1072,407,24,45,-1,-1,-1,-1
673,1,1072,407,24,45,-1,-1,-1,-1
674,1,1071,407,24,45,-1,-1,-1,-1
675,1,1071,407,24,45,-1,-1,-1,-1
676,1,1071,407,24,45,-1,-1,-1,-1
677,1,1071,407,23,44,-1,-1,-1,-1
678,1,1070,407,24,45,-1,-1,-1,-1
679,1,1070,407,24,45,-1,-1,-1,-1
680,1,1070,407,24,45,-1,-1,-1,-1
681,1,1070,407,24,45,-1,-1,-1,-1
682,1,1069,407,25,45,-1,-1,-1,-1
683,1,1068,407,25,45,-1,-1,-1,-1
684,1,1068,407,24,46,-1,-1,-1,-1
685,1,1067,407,24,46,-1,-1,-1,-1
686,1,1066,407,25,47,-1,-1,-1,-1
687,1,1067,408,24,46,-1,-1,-1,-1
688,1,1066,408,25,46,-1,-1,-1,-1
689,1,1067,408,23,45,-1,-1,-1,-1
690,1,1066,408,24,45,-1,-1,-1,-1
691,1,1066,409,24,45,-1,-1,-1,-1
692,1,1066,409,24,46,-1,-1,-1,-1
693,1,1066,409,24,45,-1,-1,-1,-1
694,1,1066,409,23,45,-1,-1,-1,-1
695,1,1066,408,24,46,-1,-1,-1,-1
696,1,1065,408,24,47,-1,-1,-1,-1
697,1,1065,408,24,47,-1,-1,-1,-1
698,1,1065,409,23,45,-1,-1,-1,-1
699,1,1065,408,23,46,-1,-1,-1,-1
700,1,1064,409,24,46,-1,-1,-1,-1
701,1,1064,409,24,45,-1,-1,-1,-1
702,1,1063,409,24,45,-1,-1,-1,-1
703,1,1063,409,24,45,-1,-1,-1,-1
704,1,1063,410,24,44,-1,-1,-1,-1
705,1,1063,410,24,44,-1,-1,-1,-1
706,1,1062,410,24,45,-1,-1,-1,-1
707,1,1061,409,24,47,-1,-1,-1,-1
708,1,1061,409,24,47,-1,-1,-1,-1
709,1,1061,409,24,47,-1,-1,-1,-1
710,1,1061,409,24,46,-1,-1,-1,-1
711,1,1061,409,23,47,-1,-1,-1,-1
712,1,1060,410,24,46,-1,-1,-1,-1
713,1,1060,410,24,46,-1,-1,-1,-1
714,1,1060,410,23,46,-1,-1,-1,-1
715,1,1059,411,23,45,-1,-1,-1,-1
716,1,1059,410,23,46,-1,-1,-1,-1
717,1,1059,410,23,45,-1,-1,-1,-1
718,1,1059,410,23,46,-1,-1,-1,-1
719,1,1061,412,21,45,-1,-1,-1,-1
720,1,1058,410,23,45,-1,-1,-1,-1
721,1,1057,410,24,45,-1,-1,-1,-1
722,1,1057,411,23,45,-1,-1,-1,-1
723,1,1056,411,24,45,-1,-1,-1,-1
724,1,1056,412,23,44,-1,-1,-1,-1
725,1,1056,411,23,44,-1,-1,-1,-1
726,1,1055,412,23,43,-1,-1,-1,-1
727,1,1054,411,24,45,-1,-1,-1,-1
728,1,1054,411,23,45,-1,-1,-1,-1
729,1,1053,411,24,46,-1,-1,-1,-1
730,1,1053,411,24,46,-1,-1,-1,-1
731,1,1053,411,23,46,-1,-1,-1,-1
732,1,1052,411,24,46,-1,-1,-1,-1
733,1,1052,410,23,47,-1,-1,-1,-1
734,1,1051,410,24,47,-1,-1,-1,-1
735,1,1050,410,24,46,-1,-1,-1,-1
736,1,1050,410,24,46,-1,-1,-1,-1
737,1,1050,411,24,46,-1,-1,-1,-1
738,1,1050,411,24,48,-1,-1,-1,-1
739,1,1049,411,25,48,-1,-1,-1,-1
740,1,1049,412,25,48,-1,-1,-1,-1
741,1,1049,412,24,47,-1,-1,-1,-1
742,1,1049,412,24,47,-1,-1,-1,-1
743,1,1049,412,24,47,-1,-1,-1,-1
744,1,1048,412,24,47,-1,-1,-1,-1
745,1,1048,412,24,47,-1,-1,-1,-1
746,1,1047,411,24,48,-1,-1,-1,-1
747,1,1046,411,24,47,-1,-1,-1,-1
748,1,1046,412,23,46,-1,-1,-1,-1
749,1,1045,412,24,48,-1,-1,-1,-1
750,1,1045,413,24,48,-1,-1,-1,-1
751,1,1045,412,23,49,-1,-1,-1,-1
752,1,1044,412,24,49,-1,-1,-1,-1
753,1,1044,412,24,48,-1,-1,-1,-1
754,1,1044,413,24,47,-1,-1,-1,-1
755,1,1045,413,23,47,-1,-1,-1,-1
756,1,1044,412,24,48,-1,-1,-1,-1
757,1,1044,413,23,48,-1,-1,-1,-1
758,1,1044,414,23,46,-1,-1,-1,-1
759,1,1043,414,23,47,-1,-1,-1,-1
760,1,1043,413,24,48,-1,-1,-1,-1
761,1,1042,414,24,48,-1,-1,-1,-1
762,1,1042,415,23,46,-1,-1,-1,-1
763,1,1042,415,23,46,-1,-1,-1,-1
764,1,1042,415,23,46,-1,-1,-1,-1
765,1,1041,415,23,46,-1,-1,-1,-1
766,1,1039,412,25,51,-1,-1,-1,-1
767,1,1039,412,25,50,-1,-1,-1,-1
768,1,1038,413,25,51,-1,-1,-1,-1
769,1,1038,413,25,51,-1,-1,-1,-1
770,1,1038,413,25,51,-1,-1,-1,-1
771,1,1038,413,24,51,-1,-1,-1,-1
772,1,1038,414,24,50,-1,-1,-1,-1
773,1,1036,415,25,49,-1,-1,-1,-1
774,1,1035,416,25,50,-1,-1,-1,-1
775,1,1035,418,25,48,-1,-1,-1,-1
776,1,1035,417,25,49,-1,-1,-1,-1
777,1,1034,417,26,48,-1,-1,-1,-1
778,1,1034,417,26,49,-1,-1,-1,-1
779,1,1034,417,25,49,-1,-1,-1,-1
780,1,1033,418,26,49,-1,-1,-1,-1
781,1,1032,417,27,51,-1,-1,-1,-1
782,1,1033,418,25,49,-1,-1,-1,-1
783,1,1032,418,26,49,-1,-1,-1,-1
784,1,1032,418,26,48,-1,-1,-1,-1
785,1,1033,418,25,47,-1,-1,-1,-1
786,1,1032,418,26,48,-1,-1,-1,-1
787,1,1032,417,25,50,-1,-1,-1,-1
788,1,1032,419,24,47,-1,-1,-1,-1
789,1,1032,418,24,49,-1,-1,-1,-1
790,1,1031,418,25,48,-1,-1,-1,-1
791,1,1031,419,25,48,-1,-1,-1,-1
792,1,1031,419,24,48,-1,-1,-1,-1
793,1,1031,420,24,47,-1,-1,-1,-1
794,1,1031,420,23,45,-1,-1,-1,-1
795,1,1030,420,24,46,-1,-1,-1,-1
796,1,1029,419,25,47,-1,-1,-1,-1
797,1,1029,420,25,45,-1,-1,-1,-1
798,1,1029,420,24,45,-1,-1,-1,-1
799,1,1029,420,23,46,-1,-1,-1,-1
800,1,1029,420,24,46,-1,-1,-1,-1
801,1,1028,419,25,47,-1,-1,-1,-1
802,1,1029,420,23,45,-1,-1,-1,-1
803,1,1029,419,23,46,-1,-1,-1,-1
804,1,1028,418,24,47,-1,-1,-1,-1
805,1,1027,419,25,48,-1,-1,-1,-1
806,1,1027,418,25,49,-1,-1,-1,-1
807,1,1027,419,25,50,-1,-1,-1,-1
808,1,1027,419,25,50,-1,-1,-1,-1
809,1,1027,420,25,49,-1,-1,-1,-1
810,1,1027,421,25,49,-1,-1,-1,-1
811,1,1026,421,26,49,-1,-1,-1,-1
812,1,1026,421,25,49,-1,-1,-1,-1
813,1,1025,420,25,50,-1,-1,-1,-1
814,1,1024,420,26,50,-1,-1,-1,-1
815,1,1024,421,25,48,-1,-1,-1,-1
816,1,1024,421,25,48,-1,-1,-1,-1
817,1,1024,421,24,48,-1,-1,-1,-1
818,1,1023,421,25,49,-1,-1,-1,-1
819,1,1023,422,24,48,-1,-1,-1,-1
820,1,1023,422,25,48,-1,-1,-1,-1
821,1,1022,421,25,49,-1,-1,-1,-1
822,1,1022,422,25,47,-1,-1,-1,-1
823,1,1022,422,24,47,-1,-1,-1,-1
824,1,1022,422,24,47,-1,-1,-1,-1
825,1,1021,422,25,48,-1,-1,-1,-1
826,1,1021,422,25,48,-1,-1,-1,-1
827,1,1021,423,25,47,-1,-1,-1,-1
828,1,1021,423,25,47,-1,-1,-1,-1
829,1,1020,423,25,48,-1,-1,-1,-1
830,1,1020,424,25,47,-1,-1,-1,-1
831,1,1020,423,25,48,-1,-1,-1,-1
832,1,1019,423,26,49,-1,-1,-1,-1
833,1,1019,424,25,48,-1,-1,-1,-1
834,1,1018,424,26,48,-1,-1,-1,-1
835,1,1018,424,26,48,-1,-1,-1,-1
836,1,1018,423,27,49,-1,-1,-1,-1
837,1,1018,423,27,49,-1,-1,-1,-1
838,1,1017,423,27,49,-1,-1,-1,-1
839,1,1017,424,27,48,-1,-1,-1,-1
840,1,1017,423,26,50,-1,-1,-1,-1
841,1,1016,423,27,50,-1,-1,-1,-1
842,1,1016,424,27,49,-1,-1,-1,-1
843,1,1017,424,26,49,-1,-1,-1,-1
844,1,1017,425,25,48,-1,-1,-1,-1
845,1,1016,425,26,48,-1,-1,-1,-1
846,1,1016,426,25,47,-1,-1,-1,-1
847,1,1016,425,25,48,-1,-1,-1,-1
848,1,1016,425,25,48,-1,-1,-1,-1
849,1,1016,425,25,48,-1,-1,-1,-1
850,1,1015,425,26,48,-1,-1,-1,-1
851,1,1015,426,25,47,-1,-1,-1,-1
852,1,1014,426,26,48,-1,-1,-1,-1
853,1,1014,426,26,47,-1,-1,-1,-1
854,1,1014,426,25,47,-1,-1,-1,-1
855,1,1014,426,25,48,-1,-1,-1,-1
856,1,1013,426,26,49,-1,-1,-1,-1
857,1,1014,427,25,48,-1,-1,-1,-1
858,1,1013,427,25,48,-1,-1,-1,-1
859,1,1014,427,24,48,-1,-1,-1,-1
860,1,1014,428,24,46,-1,-1,-1,-1
861,1,1014,428,23,47,-1,-1,-1,-1
862,1,1013,427,24,49,-1,-1,-1,-1
863,1,1012,428,24,49,-1,-1,-1,-1
864,1,1013,428,23,48,-1,-1,-1,-1
865,1,1012,428,24,48,-1,-1,-1,-1
866,1,1012,428,24,49,-1,-1,-1,-1
867,1,1012,428,23,48,-1,-1,-1,-1
868,1,1011,427,24,51,-1,-1,-1,-1
869,1,1011,427,24,50,-1,-1,-1,-1
870,1,1011,427,24,51,-1,-1,-1,-1
871,1,1011,427,24,51,-1,-1,-1,-1
872,1,1011,427,24,51,-1,-1,-1,-1
873,1,1011,427,24,51,-1,-1,-1,-1
874,1,1011,429,24,48,-1,-1,-1,-1
875,1,1010,429,25,49,-1,-1,-1,-1
876,1,1010,429,25,50,-1,-1,-1,-1
877,1,1010,428,24,50,-1,-1,-1,-1
878,1,1009,428,25,51,-1,-1,-1,-1
879,1,1010,429,24,51,-1,-1,-1,-1
880,1,1009,428,25,52,-1,-1,-1,-1
881,1,1009,428,25,52,-1,-1,-1,-1
882,1,1009,428,24,52,-1,-1,-1,-1
883,1,1009,428,24,52,-1,-1,-1,-1
884,1,1009,428,24,52,-1,-1,-1,-1
885,1,1008,428,25,52,-1,-1,-1,-1
886,1,1008,428,25,53,-1,-1,-1,-1
887,1,1008,429,25,52,-1,-1,-1,-1
888,1,1008,429,25,53,-1,-1,-1,-1
889,1,1007,429,25,53,-1,-1,-1,-1
890,1,1007,428,25,54,-1,-1,-1,-1
891,1,1006,428,26,54,-1,-1,-1,-1
892,1,1006,430,26,51,-1,-1,-1,-1
893,1,1006,430,26,52,-1,-1,-1,-1
894,1,1006,430,26,52,-1,-1,-1,-1
895,1,1006,431,26,51,-1,-1,-1,-1
896,1,1005,433,26,49,-1,-1,-1,-1
897,1,1005,431,26,51,-1,-1,-1,-1
898,1,1005,432,25,50,-1,-1,-1,-1
899,1,1005,434,25,48,-1,-1,-1,-1
900,1,1005,433,26,49,-1,-1,-1,-1
901,1,1005,434,25,49,-1,-1,-1,-1
902,1,1005,433,25,50,-1,-1,-1,-1
903,1,1004,433,26,50,-1,-1,-1,-1
904,1,1004,433,26,50,-1,-1,-1,-1
905,1,1004,434,26,50,-1,-1,-1,-1
906,1,1004,434,26,50,-1,-1,-1,-1
907,1,1003,435,26,49,-1,-1,-1,-1
908,1,1002,435,27,49,-1,-1,-1,-1
909,1,1002,435,26,50,-1,-1,-1,-1
910,1,1002,435,26,50,-1,-1,-1,-1
911,1,1002,435,26,50,-1,-1,-1,-1
912,1,1002,436,26,49,-1,-1,-1,-1
913,1,1002,436,26,50,-1,-1,-1,-1
914,1,1002,435,26,51,-1,-1,-1,-1
915,1,1002,435,26,50,-1,-1,-1,-1
916,1,1002,436,26,50,-1,-1,-1,-1
917,1,1002,435,26,50,-1,-1,-1,-1
918,1,1002,435,26,50,-1,-1,-1,-1
919,1,1002,435,25,50,-1,-1,-1,-1
920,1,1002,436,25,49,-1,-1,-1,-1
921,1,1002,435,25,50,-1,-1,-1,-1
922,1,1002,437,25,48,-1,-1,-1,-1
923,1,1002,437,24,48,-1,-1,-1,-1
924,1,1001,438,25,47,-1,-1,-1,-1
925,1,1001,438,25,48,-1,-1,-1,-1
926,1,1001,437,25,49,-1,-1,-1,-1
927,1,1000,438,26,48,-1,-1,-1,-1
928,1,999,437,26,49,-1,-1,-1,-1
929,1,999,437,26,50,-1,-1,-1,-1
930,1,999,438,25,49,-1,-1,-1,-1
931,1,998,438,27,49,-1,-1,-1,-1
932,1,998,439,26,48,-1,-1,-1,-1
933,1,998,439,26,48,-1,-1,-1,-1
934,1,998,439,26,48,-1,-1,-1,-1
935,1,998,438,26,49,-1,-1,-1,-1
936,1,998,438,25,49,-1,-1,-1,-1
937,1,998,438,25,49,-1,-1,-1,-1
938,1,998,439,25,48,-1,-1,-1,-1
939,1,997,438,26,50,-1,-1,-1,-1
940,1,997,438,26,50,-1,-1,-1,-1
941,1,997,438,26,50,-1,-1,-1,-1
942,1,996,438,27,50,-1,-1,-1,-1
943,1,996,438,27,50,-1,-1,-1,-1
944,1,996,438,26,50,-1,-1,-1,-1
945,1,996,439,26,49,-1,-1,-1,-1
946,1,996,439,26,50,-1,-1,-1,-1
947,1,995,440,26,48,-1,-1,-1,-1
948,1,995,440,26,49,-1,-1,-1,-1
949,1,995,441,25,48,-1,-1,-1,-1
950,1,995,440,25,49,-1,-1,-1,-1
951,1,995,441,25,47,-1,-1,-1,-1
952,1,995,441,25,47,-1,-1,-1,-1
953,1,995,442,24,47,-1,-1,-1,-1
954,1,994,442,24,47,-1,-1,-1,-1
955,1,994,442,24,47,-1,-1,-1,-1
956,1,994,442,24,46,-1,-1,-1,-1
957,1,994,441,24,47,-1,-1,-1,-1
958,1,993,441,24,48,-1,-1,-1,-1
959,1,993,442,24,47,-1,-1,-1,-1
960,1,992,443,24,47,-1,-1,-1,-1
961,1,991,443,25,47,-1,-1,-1,-1
962,1,991,444,25,46,-1,-1,-1,-1
963,1,990,443,26,48,-1,-1,-1,-1
964,1,990,442,26,49,-1,-1,-1,-1
965,1,990,442,26,49,-1,-1,-1,-1
966,1,989,442,27,50,-1,-1,-1,-1
967,1,989,442,26,50,-1,-1,-1,-1
968,1,989,442,25,50,-1,-1,-1,-1
969,1,988,443,26,49,-1,-1,-1,-1
970,1,988,442,26,50,-1,-1,-1,-1
971,1,988,442,26,50,-1,-1,-1,-1
972,1,988,443,25,49,-1,-1,-1,-1
973,1,987,442,26,51,-1,-1,-1,-1
974,1,986,442,27,51,-1,-1,-1,-1
975,1,986,441,27,52,-1,-1,-1,-1
976,1,986,441,26,52,-1,-1,-1,-1
977,1,986,442,26,50,-1,-1,-1,-1
978,1,986,442,26,51,-1,-1,-1,-1
979,1,986,443,26,50,-1,-1,-1,-1
980,1,986,443,26,50,-1,-1,-1,-1
981,1,986,444,25,49,-1,-1,-1,-1
982,1,985,445,26,49,-1,-1,-1,-1
983,1,985,445,25,49,-1,-1,-1,-1
984,1,984,445,25,50,-1,-1,-1,-1
