1,0,25,268,15,29,-1,-1,-1,-1
2,0,25,268,14,29,-1,-1,-1,-1
3,0,24,267,15,30,-1,-1,-1,-1
4,0,24,267,15,29,-1,-1,-1,-1
5,0,25,267,14,29,-1,-1,-1,-1
6,0,25,268,14,28,-1,-1,-1,-1
7,0,25,268,14,29,-1,-1,-1,-1
8,0,25,268,15,29,-1,-1,-1,-1
9,0,24,268,16,29,-1,-1,-1,-1
10,0,23,268,16,29,-1,-1,-1,-1
11,0,23,268,15,29,-1,-1,-1,-1
12,0,23,268,15,29,-1,-1,-1,-1
13,0,23,268,15,29,-1,-1,-1,-1
14,0,22,268,16,29,-1,-1,-1,-1
15,0,23,268,14,29,-1,-1,-1,-1
16,0,22,268,15,29,-1,-1,-1,-1
17,0,22,269,14,28,-1,-1,-1,-1
18,0,20,267,17,29,-1,-1,-1,-1
19,0,20,267,16,29,-1,-1,-1,-1
20,0,19,266,17,30,-1,-1,-1,-1
21,0,19,267,17,28,-1,-1,-1,-1
22,0,19,266,17,29,-1,-1,-1,-1
23,0,19,266,17,29,-1,-1,-1,-1
24,0,19,266,16,29,-1,-1,-1,-1
25,0,18,266,17,30,-1,-1,-1,-1
26,0,18,267,17,29,-1,-1,-1,-1
27,0,18,267,17,30,-1,-1,-1,-1
28,0,18,267,17,30,-1,-1,-1,-1
29,0,18,267,17,30,-1,-1,-1,-1
30,0,18,267,16,30,-1,-1,-1,-1
31,0,17,269,16,28,-1,-1,-1,-1
32,0,17,269,16,28,-1,-1,-1,-1
33,0,17,268,16,29,-1,-1,-1,-1
34,0,17,269,15,28,-1,-1,-1,-1
35,0,17,269,15,28,-1,-1,-1,-1
36,0,17,269,15,28,-1,-1,-1,-1
37,0,16,269,15,28,-1,-1,-1,-1
38,0,16,269,16,28,-1,-1,-1,-1
39,0,16,268,15,28,-1,-1,-1,-1
40,0,15,268,15,29,-1,-1,-1,-1
41,0,14,268,16,29,-1,-1,-1,-1
42,0,13,267,17,31,-1,-1,-1,-1
43,0,12,268,18,30,-1,-1,-1,-1
44,0,12,268,18,31,-1,-1,-1,-1
45,0,12,268,16,30,-1,-1,-1,-1
46,0,11,268,17,30,-1,-1,-1,-1
47,0,11,269,16,30,-1,-1,-1,-1
48,0,10,270,15,29,-1,-1,-1,-1
49,0,11,270,14,29,-1,-1,-1,-1
50,0,10,270,15,29,-1,-1,-1,-1
51,0,11,270,14,29,-1,-1,-1,-1
52,0,11,271,14,28,-1,-1,-1,-1
53,0,11,270,14,29,-1,-1,-1,-1
54,0,10,270,15,28,-1,-1,-1,-1
55,0,11,271,14,27,-1,-1,-1,-1
56,0,10,271,15,28,-1,-1,-1,-1
57,0,10,271,14,28,-1,-1,-1,-1
58,0,11,272,13,27,-1,-1,-1,-1
59,0,10,272,14,27,-1,-1,-1,-1
60,0,10,271,14,28,-1,-1,-1,-1
61,0,10,272,13,27,-1,-1,-1,-1
62,0,9,271,14,28,-1,-1,-1,-1
63,0,9,271,14,28,-1,-1,-1,-1
64,0,9,272,14,28,-1,-1,-1,-1
65,0,9,272,14,28,-1,-1,-1,-1
66,0,9,272,15,28,-1,-1,-1,-1
67,0,8,271,16,29,-1,-1,-1,-1
68,0,8,271,16,29,-1,-1,-1,-1
69,0,8,271,15,28,-1,-1,-1,-1
70,0,8,271,15,28,-1,-1,-1,-1
71,0,7,271,16,28,-1,-1,-1,-1
72,0,7,270,15,30,-1,-1,-1,-1
73,0,7,270,15,30,-1,-1,-1,-1
74,0,7,271,15,30,-1,-1,-1,-1
75,0,6,271,16,30,-1,-1,-1,-1
76,0,5,271,18,31,-1,-1,-1,-1
77,0,6,271,18,31,-1,-1,-1,-1
78,0,5,270,17,32,-1,-1,-1,-1
79,0,5,270,17,32,-1,-1,-1,-1
80,0,5,270,17,32,-1,-1,-1,-1
81,0,5,270,17,31,-1,-1,-1,-1
82,0,3,270,18,31,-1,-1,-1,-1
83,0,3,271,19,31,-1,-1,-1,-1
84,0,3,271,18,31,-1,-1,-1,-1
85,0,3,270,18,32,-1,-1,-1,-1
86,0,1,271,19,31,-1,-1,-1,-1
87,0,2,271,19,31,-1,-1,-1,-1
88,0,1,271,20,31,-1,-1,-1,-1
89,0,1,271,20,31,-1,-1,-1,-1
90,0,1,272,19,31,-1,-1,-1,-1
91,0,1,272,18,31,-1,-1,-1,-1
92,0,2,272,19,30,-1,-1,-1,-1
93,0,2,274,19,28,-1,-1,-1,-1
94,0,2,273,18,29,-1,-1,-1,-1
95,0,1,272,19,30,-1,-1,-1,-1
96,0,1,273,19,29,-1,-1,-1,-1
97,0,1,275,19,27,-1,-1,-1,-1
98,0,1,276,19,27,-1,-1,-1,-1
99,0,1,275,18,28,-1,-1,-1,-1
102,0,1,276,18,27,-1,-1,-1,-1
103,0,1,277,17,26,-1,-1,-1,-1
104,0,1,278,15,26,-1,-1,-1,-1
106,0,1,277,14,27,-1,-1,-1,-1
107,0,1,278,14,26,-1,-1,-1,-1
108,0,1,277,12,27,-1,-1,-1,-1
109,0,1,278,12,26,-1,-1,-1,-1
110,0,1,277,11,27,-1,-1,-1,-1
111,0,0,277,13,28,-1,-1,-1,-1
112,0,0,277,12,28,-1,-1,-1,-1
113,0,0,275,12,29,-1,-1,-1,-1
114,0,1,278,11,27,-1,-1,-1,-1
115,0,0,276,11,29,-1,-1,-1,-1
116,0,0,276,12,29,-1,-1,-1,-1
117,0,0,278,11,28,-1,-1,-1,-1
118,0,0,277,11,28,-1,-1,-1,-1
119,0,0,277,11,28,-1,-1,-1,-1
120,0,0,277,11,28,-1,-1,-1,-1
121,0,0,277,11,29,-1,-1,-1,-1
122,0,0,277,11,29,-1,-1,-1,-1
123,0,0,272,11,33,-1,-1,-1,-1
124,0,0,277,11,29,-1,-1,-1,-1
125,0,0,273,11,31,-1,-1,-1,-1
126,0,0,275,11,30,-1,-1,-1,-1
127,0,0,275,11,30,-1,-1,-1,-1
128,0,0,273,11,30,-1,-1,-1,-1
129,0,0,270,10,32,-1,-1,-1,-1
130,0,0,271,10,32,-1,-1,-1,-1
131,0,0,272,11,32,-1,-1,-1,-1
132,0,0,271,11,33,-1,-1,-1,-1
1,3,680,410,22,46,-1,-1,-1,-1
2,3,680,410,22,46,-1,-1,-1,-1
3,3,682,412,21,44,-1,-1,-1,-1
4,3,682,412,22,45,-1,-1,-1,-1
5,3,682,412,21,43,-1,-1,-1,-1
6,3,683,415,22,40,-1,-1,-1,-1
7,3,685,414,21,42,-1,-1,-1,-1
8,3,685,414,21,42,-1,-1,-1,-1
9,3,685,414,22,42,-1,-1,-1,-1
10,3,685,414,22,42,-1,-1,-1,-1
11,3,686,414,21,42,-1,-1,-1,-1
12,3,687,414,20,41,-1,-1,-1,-1
13,3,688,413,19,41,-1,-1,-1,-1
14,3,688,414,20,40,-1,-1,-1,-1
15,3,688,415,20,39,-1,-1,-1,-1
16,3,689,415,19,38,-1,-1,-1,-1
17,3,689,415,20,38,-1,-1,-1,-1
18,3,689,414,21,39,-1,-1,-1,-1
19,3,689,414,21,39,-1,-1,-1,-1
20,3,691,413,20,39,-1,-1,-1,-1
21,3,692,413,20,39,-1,-1,-1,-1
22,3,693,411,20,41,-1,-1,-1,-1
23,3,694,407,20,46,-1,-1,-1,-1
24,3,695,408,20,44,-1,-1,-1,-1
25,3,695,407,19,45,-1,-1,-1,-1
26,3,694,404,21,48,-1,-1,-1,-1
27,3,695,405,20,47,-1,-1,-1,-1
28,3,695,403,21,49,-1,-1,-1,-1
29,3,696,403,20,49,-1,-1,-1,-1
30,3,697,404,20,48,-1,-1,-1,-1
31,3,697,402,20,49,-1,-1,-1,-1
32,3,696,401,23,49,-1,-1,-1,-1
33,3,696,403,22,49,-1,-1,-1,-1
34,3,697,405,22,47,-1,-1,-1,-1
35,3,697,406,22,46,-1,-1,-1,-1
36,3,697,404,23,48,-1,-1,-1,-1
37,3,697,403,24,47,-1,-1,-1,-1
38,3,697,400,25,51,-1,-1,-1,-1
39,3,697,401,25,50,-1,-1,-1,-1
40,3,698,406,24,44,-1,-1,-1,-1
41,3,698,401,24,50,-1,-1,-1,-1
42,3,699,402,23,48,-1,-1,-1,-1
43,3,699,401,23,48,-1,-1,-1,-1
44,3,701,401,24,49,-1,-1,-1,-1
45,3,701,402,22,46,-1,-1,-1,-1
46,3,702,403,22,47,-1,-1,-1,-1
47,3,702,405,22,45,-1,-1,-1,-1
48,3,702,405,22,44,-1,-1,-1,-1
49,3,702,404,22,46,-1,-1,-1,-1
50,3,702,404,22,45,-1,-1,-1,-1
51,3,704,401,22,48,-1,-1,-1,-1
52,3,705,401,23,48,-1,-1,-1,-1
53,3,705,399,23,49,-1,-1,-1,-1
54,3,707,402,23,46,-1,-1,-1,-1
55,3,707,402,23,45,-1,-1,-1,-1
56,3,708,402,22,45,-1,-1,-1,-1
57,3,707,400,24,47,-1,-1,-1,-1
58,3,707,400,24,47,-1,-1,-1,-1
59,3,707,399,24,48,-1,-1,-1,-1
60,3,708,399,23,48,-1,-1,-1,-1
61,3,708,400,24,48,-1,-1,-1,-1
62,3,709,400,23,47,-1,-1,-1,-1
63,3,708,399,22,48,-1,-1,-1,-1
64,3,709,399,22,48,-1,-1,-1,-1
65,3,709,400,22,47,-1,-1,-1,-1
66,3,709,400,22,47,-1,-1,-1,-1
67,3,709,401,23,46,-1,-1,-1,-1
68,3,710,401,22,45,-1,-1,-1,-1
69,3,710,400,23,46,-1,-1,-1,-1
70,3,710,400,23,46,-1,-1,-1,-1
71,3,710,400,23,46,-1,-1,-1,-1
72,3,710,399,23,46,-1,-1,-1,-1
73,3,711,400,23,45,-1,-1,-1,-1
74,3,712,399,22,44,-1,-1,-1,-1
75,3,712,399,21,46,-1,-1,-1,-1
76,3,711,400,23,45,-1,-1,-1,-1
77,3,711,400,23,46,-1,-1,-1,-1
78,3,711,401,24,44,-1,-1,-1,-1
79,3,713,400,23,45,-1,-1,-1,-1
80,3,712,400,23,44,-1,-1,-1,-1
81,3,714,399,23,44,-1,-1,-1,-1
82,3,717,401,20,43,-1,-1,-1,-1
83,3,718,408,17,37,-1,-1,-1,-1
84,3,718,404,18,39,-1,-1,-1,-1
85,3,718,399,21,42,-1,-1,-1,-1
86,3,717,399,22,42,-1,-1,-1,-1
87,3,718,401,22,40,-1,-1,-1,-1
88,3,719,399,20,41,-1,-1,-1,-1
89,3,719,402,18,37,-1,-1,-1,-1
90,3,719,400,21,41,-1,-1,-1,-1
91,3,719,408,17,34,-1,-1,-1,-1
92,3,720,403,21,40,-1,-1,-1,-1
93,3,720,404,18,38,-1,-1,-1,-1
94,3,720,401,22,41,-1,-1,-1,-1
95,3,722,399,22,42,-1,-1,-1,-1
96,3,722,399,22,42,-1,-1,-1,-1
97,3,723,397,23,44,-1,-1,-1,-1
98,3,723,397,24,45,-1,-1,-1,-1
99,3,724,398,23,43,-1,-1,-1,-1
100,3,724,398,23,44,-1,-1,-1,-1
101,3,724,398,24,44,-1,-1,-1,-1
102,3,724,398,23,43,-1,-1,-1,-1
103,3,724,397,23,45,-1,-1,-1,-1
104,3,725,398,23,44,-1,-1,-1,-1
105,3,725,395,25,47,-1,-1,-1,-1
106,3,725,394,25,47,-1,-1,-1,-1
107,3,725,394,25,48,-1,-1,-1,-1
108,3,726,394,24,48,-1,-1,-1,-1
109,3,726,393,25,49,-1,-1,-1,-1
110,3,727,393,24,48,-1,-1,-1,-1
111,3,727,392,24,49,-1,-1,-1,-1
112,3,728,392,24,49,-1,-1,-1,-1
113,3,728,392,23,49,-1,-1,-1,-1
114,3,728,392,24,49,-1,-1,-1,-1
115,3,728,393,24,47,-1,-1,-1,-1
116,3,729,393,24,47,-1,-1,-1,-1
117,3,729,392,24,48,-1,-1,-1,-1
118,3,729,394,24,44,-1,-1,-1,-1
119,3,730,393,25,46,-1,-1,-1,-1
120,3,731,393,25,45,-1,-1,-1,-1
121,3,731,392,24,48,-1,-1,-1,-1
122,3,732,393,24,47,-1,-1,-1,-1
123,3,732,393,25,47,-1,-1,-1,-1
124,3,733,393,24,47,-1,-1,-1,-1
125,3,734,393,23,46,-1,-1,-1,-1
126,3,734,393,23,46,-1,-1,-1,-1
127,3,735,394,22,45,-1,-1,-1,-1
128,3,734,394,24,44,-1,-1,-1,-1
129,3,735,393,24,45,-1,-1,-1,-1
130,3,736,394,23,44,-1,-1,-1,-1
131,3,736,393,23,45,-1,-1,-1,-1
132,3,738,396,21,41,-1,-1,-1,-1
133,3,738,397,22,41,-1,-1,-1,-1
134,3,738,396,22,41,-1,-1,-1,-1
135,3,738,392,22,45,-1,-1,-1,-1
136,3,738,392,22,46,-1,-1,-1,-1
137,3,739,390,22,48,-1,-1,-1,-1
138,3,739,391,22,46,-1,-1,-1,-1
139,3,739,392,22,45,-1,-1,-1,-1
140,3,741,394,19,43,-1,-1,-1,-1
141,3,741,397,20,41,-1,-1,-1,-1
142,3,742,396,20,42,-1,-1,-1,-1
143,3,742,396,19,42,-1,-1,-1,-1
144,3,743,398,20,39,-1,-1,-1,-1
145,3,743,397,21,39,-1,-1,-1,-1
146,3,744,396,22,41,-1,-1,-1,-1
147,3,744,394,22,42,-1,-1,-1,-1
148,3,744,390,22,44,-1,-1,-1,-1
149,3,745,389,22,45,-1,-1,-1,-1
150,3,745,388,23,47,-1,-1,-1,-1
151,3,745,391,23,45,-1,-1,-1,-1
152,3,747,390,22,46,-1,-1,-1,-1
153,3,747,389,23,46,-1,-1,-1,-1
154,3,748,389,23,45,-1,-1,-1,-1
155,3,748,389,23,44,-1,-1,-1,-1
156,3,749,392,22,41,-1,-1,-1,-1
157,3,750,392,21,41,-1,-1,-1,-1
158,3,750,391,22,43,-1,-1,-1,-1
159,3,750,392,22,42,-1,-1,-1,-1
160,3,751,392,21,42,-1,-1,-1,-1
161,3,751,392,21,42,-1,-1,-1,-1
162,3,752,392,21,42,-1,-1,-1,-1
163,3,751,391,23,43,-1,-1,-1,-1
164,3,752,390,22,44,-1,-1,-1,-1
165,3,753,390,22,44,-1,-1,-1,-1
166,3,752,389,23,44,-1,-1,-1,-1
167,3,753,388,22,44,-1,-1,-1,-1
168,3,753,387,22,45,-1,-1,-1,-1
169,3,754,388,21,44,-1,-1,-1,-1
170,3,753,388,22,43,-1,-1,-1,-1
171,3,755,385,22,48,-1,-1,-1,-1
172,3,755,385,23,48,-1,-1,-1,-1
173,3,755,385,23,47,-1,-1,-1,-1
174,3,755,386,23,46,-1,-1,-1,-1
175,3,756,387,23,43,-1,-1,-1,-1
176,3,757,387,23,45,-1,-1,-1,-1
177,3,757,387,23,44,-1,-1,-1,-1
178,3,758,388,24,44,-1,-1,-1,-1
179,3,760,389,22,43,-1,-1,-1,-1
180,3,761,389,23,43,-1,-1,-1,-1
181,3,760,389,24,42,-1,-1,-1,-1
182,3,761,392,22,38,-1,-1,-1,-1
183,3,764,392,20,39,-1,-1,-1,-1
184,3,764,389,21,42,-1,-1,-1,-1
185,3,765,390,19,41,-1,-1,-1,-1
186,3,765,391,19,41,-1,-1,-1,-1
187,3,765,391,19,41,-1,-1,-1,-1
188,3,765,391,19,40,-1,-1,-1,-1
189,3,766,391,18,40,-1,-1,-1,-1
190,3,766,392,18,40,-1,-1,-1,-1
191,3,766,390,20,41,-1,-1,-1,-1
192,3,767,390,19,40,-1,-1,-1,-1
193,3,767,391,18,39,-1,-1,-1,-1
194,3,768,395,17,36,-1,-1,-1,-1
195,3,767,393,18,36,-1,-1,-1,-1
196,3,768,393,18,36,-1,-1,-1,-1
197,3,767,392,19,38,-1,-1,-1,-1
198,3,767,394,20,36,-1,-1,-1,-1
202,4,771,390,21,40,-1,-1,-1,-1
203,4,771,391,22,40,-1,-1,-1,-1
204,4,772,390,21,40,-1,-1,-1,-1
205,4,772,391,23,40,-1,-1,-1,-1
215,5,777,387,19,39,-1,-1,-1,-1
216,5,776,388,20,39,-1,-1,-1,-1
217,5,777,390,19,37,-1,-1,-1,-1
1,6,996,285,18,34,-1,-1,-1,-1
2,6,995,287,18,33,-1,-1,-1,-1
3,6,995,287,18,33,-1,-1,-1,-1
4,6,994,286,19,35,-1,-1,-1,-1
5,6,994,285,19,36,-1,-1,-1,-1
6,6,993,286,20,34,-1,-1,-1,-1
7,6,993,286,19,33,-1,-1,-1,-1
8,6,993,286,18,33,-1,-1,-1,-1
9,6,992,286,18,33,-1,-1,-1,-1
10,6,990,286,20,35,-1,-1,-1,-1
11,6,990,287,20,33,-1,-1,-1,-1
12,6,990,287,20,33,-1,-1,-1,-1
13,6,990,288,20,33,-1,-1,-1,-1
14,6,989,288,20,33,-1,-1,-1,-1
15,6,989,288,20,34,-1,-1,-1,-1
16,6,989,288,19,34,-1,-1,-1,-1
17,6,988,288,19,33,-1,-1,-1,-1
18,6,987,288,19,33,-1,-1,-1,-1
19,6,987,287,18,33,-1,-1,-1,-1
20,6,986,287,19,33,-1,-1,-1,-1
21,6,986,286,19,34,-1,-1,-1,-1
22,6,985,285,20,35,-1,-1,-1,-1
23,6,985,284,20,36,-1,-1,-1,-1
24,6,984,284,20,35,-1,-1,-1,-1
25,6,984,284,20,35,-1,-1,-1,-1
26,6,984,284,20,35,-1,-1,-1,-1
27,6,985,284,19,35,-1,-1,-1,-1
28,6,985,284,19,36,-1,-1,-1,-1
29,6,983,284,20,36,-1,-1,-1,-1
30,6,982,285,20,36,-1,-1,-1,-1
31,6,982,286,20,35,-1,-1,-1,-1
32,6,981,287,19,32,-1,-1,-1,-1
33,6,981,287,19,31,-1,-1,-1,-1
34,6,982,285,18,33,-1,-1,-1,-1
35,6,981,286,18,32,-1,-1,-1,-1
36,6,982,285,18,33,-1,-1,-1,-1
37,6,980,286,18,32,-1,-1,-1,-1
38,6,980,286,18,32,-1,-1,-1,-1
39,6,980,287,18,30,-1,-1,-1,-1
40,6,979,287,18,31,-1,-1,-1,-1
41,6,978,287,20,32,-1,-1,-1,-1
42,6,977,286,20,33,-1,-1,-1,-1
43,6,977,286,20,34,-1,-1,-1,-1
44,6,976,287,19,34,-1,-1,-1,-1
45,6,975,286,20,35,-1,-1,-1,-1
46,6,975,286,20,35,-1,-1,-1,-1
47,6,974,286,21,35,-1,-1,-1,-1
48,6,974,287,20,34,-1,-1,-1,-1
49,6,974,288,20,33,-1,-1,-1,-1
50,6,974,289,19,33,-1,-1,-1,-1
51,6,973,290,20,30,-1,-1,-1,-1
52,6,972,289,19,29,-1,-1,-1,-1
53,6,971,288,19,31,-1,-1,-1,-1
54,6,971,285,19,34,-1,-1,-1,-1
55,6,971,285,19,33,-1,-1,-1,-1
56,6,971,285,19,34,-1,-1,-1,-1
57,6,971,285,18,33,-1,-1,-1,-1
58,6,970,285,19,34,-1,-1,-1,-1
59,6,970,285,18,33,-1,-1,-1,-1
60,6,969,285,19,34,-1,-1,-1,-1
61,6,969,285,19,34,-1,-1,-1,-1
62,6,968,287,20,34,-1,-1,-1,-1
63,6,968,287,20,34,-1,-1,-1,-1
64,6,967,287,20,35,-1,-1,-1,-1
65,6,967,287,19,34,-1,-1,-1,-1
66,6,965,284,19,36,-1,-1,-1,-1
67,6,965,284,19,36,-1,-1,-1,-1
68,6,965,284,19,36,-1,-1,-1,-1
69,6,965,284,18,34,-1,-1,-1,-1
70,6,966,285,17,32,-1,-1,-1,-1
71,6,965,285,17,31,-1,-1,-1,-1
72,6,965,285,17,31,-1,-1,-1,-1
73,6,964,284,17,33,-1,-1,-1,-1
74,6,964,284,17,33,-1,-1,-1,-1
75,6,962,286,19,32,-1,-1,-1,-1
76,6,961,285,20,35,-1,-1,-1,-1
77,6,959,283,21,38,-1,-1,-1,-1
78,6,959,285,21,36,-1,-1,-1,-1
79,6,959,286,20,35,-1,-1,-1,-1
80,6,959,286,20,36,-1,-1,-1,-1
81,6,959,286,20,35,-1,-1,-1,-1
82,6,959,287,20,35,-1,-1,-1,-1
83,6,959,287,20,36,-1,-1,-1,-1
84,6,957,287,20,34,-1,-1,-1,-1
85,6,957,287,19,34,-1,-1,-1,-1
86,6,956,286,20,35,-1,-1,-1,-1
87,6,956,285,19,35,-1,-1,-1,-1
88,6,955,285,20,36,-1,-1,-1,-1
89,6,954,284,20,36,-1,-1,-1,-1
90,6,955,285,18,33,-1,-1,-1,-1
91,6,954,284,19,35,-1,-1,-1,-1
92,6,954,284,19,36,-1,-1,-1,-1
93,6,954,285,19,36,-1,-1,-1,-1
94,6,954,285,19,36,-1,-1,-1,-1
95,6,954,286,19,35,-1,-1,-1,-1
96,6,954,286,19,34,-1,-1,-1,-1
97,6,954,287,18,33,-1,-1,-1,-1
98,6,954,287,17,33,-1,-1,-1,-1
99,6,952,286,20,34,-1,-1,-1,-1
100,6,952,286,18,33,-1,-1,-1,-1
101,6,951,286,18,33,-1,-1,-1,-1
102,6,950,285,18,34,-1,-1,-1,-1
103,6,950,285,17,34,-1,-1,-1,-1
104,6,949,286,18,31,-1,-1,-1,-1
105,6,949,286,18,33,-1,-1,-1,-1
106,6,948,286,19,33,-1,-1,-1,-1
107,6,948,286,18,33,-1,-1,-1,-1
108,6,947,287,18,32,-1,-1,-1,-1
109,6,946,287,20,34,-1,-1,-1,-1
110,6,946,286,20,34,-1,-1,-1,-1
111,6,945,286,21,39,-1,-1,-1,-1
112,6,945,290,18,32,-1,-1,-1,-1
113,6,944,290,19,31,-1,-1,-1,-1
114,6,944,290,19,32,-1,-1,-1,-1
115,6,944,290,18,32,-1,-1,-1,-1
116,6,944,290,18,32,-1,-1,-1,-1
117,6,943,289,20,35,-1,-1,-1,-1
118,6,942,289,20,35,-1,-1,-1,-1
119,6,941,288,20,34,-1,-1,-1,-1
120,6,940,287,21,35,-1,-1,-1,-1
121,6,940,287,20,33,-1,-1,-1,-1
122,6,940,288,18,31,-1,-1,-1,-1
123,6,940,288,18,32,-1,-1,-1,-1
124,6,939,287,19,33,-1,-1,-1,-1
125,6,939,287,19,34,-1,-1,-1,-1
126,6,939,287,18,33,-1,-1,-1,-1
127,6,939,288,18,33,-1,-1,-1,-1
128,6,940,288,18,33,-1,-1,-1,-1
129,6,937,288,19,33,-1,-1,-1,-1
130,6,938,289,17,33,-1,-1,-1,-1
131,6,938,290,17,32,-1,-1,-1,-1
132,6,935,288,18,33,-1,-1,-1,-1
133,6,935,287,18,33,-1,-1,-1,-1
134,6,935,287,17,33,-1,-1,-1,-1
135,6,934,287,18,32,-1,-1,-1,-1
136,6,934,287,18,33,-1,-1,-1,-1
137,6,933,287,18,32,-1,-1,-1,-1
138,6,933,286,18,33,-1,-1,-1,-1
139,6,932,286,19,34,-1,-1,-1,-1
140,6,931,287,19,35,-1,-1,-1,-1
141,6,930,286,19,36,-1,-1,-1,-1
142,6,930,286,19,36,-1,-1,-1,-1
143,6,929,286,19,37,-1,-1,-1,-1
144,6,929,287,20,35,-1,-1,-1,-1
145,6,928,287,20,35,-1,-1,-1,-1
146,6,929,288,18,35,-1,-1,-1,-1
147,6,928,289,18,33,-1,-1,-1,-1
148,6,928,289,18,33,-1,-1,-1,-1
149,6,927,288,18,33,-1,-1,-1,-1
150,6,926,288,19,33,-1,-1,-1,-1
151,6,925,288,20,33,-1,-1,-1,-1
152,6,925,286,19,35,-1,-1,-1,-1
153,6,925,287,18,32,-1,-1,-1,-1
154,6,924,287,18,32,-1,-1,-1,-1
155,6,924,287,18,32,-1,-1,-1,-1
156,6,923,287,19,34,-1,-1,-1,-1
157,6,923,287,18,34,-1,-1,-1,-1
158,6,924,288,17,33,-1,-1,-1,-1
159,6,922,288,19,33,-1,-1,-1,-1
160,6,922,288,18,33,-1,-1,-1,-1
161,6,921,289,17,32,-1,-1,-1,-1
162,6,920,288,19,32,-1,-1,-1,-1
163,6,920,287,18,33,-1,-1,-1,-1
164,6,918,287,19,34,-1,-1,-1,-1
165,6,919,287,18,32,-1,-1,-1,-1
166,6,918,288,18,31,-1,-1,-1,-1
167,6,918,288,17,30,-1,-1,-1,-1
168,6,918,287,16,32,-1,-1,-1,-1
169,6,916,287,18,34,-1,-1,-1,-1
170,6,915,288,19,33,-1,-1,-1,-1
171,6,914,288,19,33,-1,-1,-1,-1
172,6,914,288,19,34,-1,-1,-1,-1
173,6,914,289,18,33,-1,-1,-1,-1
174,6,914,289,18,33,-1,-1,-1,-1
175,6,914,288,18,34,-1,-1,-1,-1
176,6,913,288,19,34,-1,-1,-1,-1
177,6,913,290,18,32,-1,-1,-1,-1
178,6,910,290,18,31,-1,-1,-1,-1
179,6,909,289,19,31,-1,-1,-1,-1
180,6,908,288,19,32,-1,-1,-1,-1
181,6,908,288,19,32,-1,-1,-1,-1
182,6,908,288,18,31,-1,-1,-1,-1
183,6,908,288,18,31,-1,-1,-1,-1
184,6,908,289,17,30,-1,-1,-1,-1
185,6,907,288,18,32,-1,-1,-1,-1
186,6,906,289,19,30,-1,-1,-1,-1
187,6,905,289,18,30,-1,-1,-1,-1
188,6,905,290,17,29,-1,-1,-1,-1
189,6,905,290,16,29,-1,-1,-1,-1
190,6,904,290,17,29,-1,-1,-1,-1
191,6,904,290,17,30,-1,-1,-1,-1
192,6,903,289,17,30,-1,-1,-1,-1
193,6,905,290,16,27,-1,-1,-1,-1
194,6,902,288,18,31,-1,-1,-1,-1
195,6,901,289,18,30,-1,-1,-1,-1
196,6,901,289,17,31,-1,-1,-1,-1
197,6,900,289,18,32,-1,-1,-1,-1
198,6,898,289,19,32,-1,-1,-1,-1
199,6,898,289,19,32,-1,-1,-1,-1
200,6,898,289,18,32,-1,-1,-1,-1
201,6,897,289,20,32,-1,-1,-1,-1
202,6,897,289,20,33,-1,-1,-1,-1
203,6,897,289,20,34,-1,-1,-1,-1
204,6,897,289,19,33,-1,-1,-1,-1
205,6,897,289,19,33,-1,-1,-1,-1
206,6,896,290,18,33,-1,-1,-1,-1
207,6,895,292,17,29,-1,-1,-1,-1
208,6,895,291,16,31,-1,-1,-1,-1
209,6,893,290,18,32,-1,-1,-1,-1
210,6,892,289,18,32,-1,-1,-1,-1
211,6,892,289,18,32,-1,-1,-1,-1
212,6,894,291,15,29,-1,-1,-1,-1
213,6,893,290,15,30,-1,-1,-1,-1
214,6,890,288,18,32,-1,-1,-1,-1
215,6,893,291,14,29,-1,-1,-1,-1
216,6,891,291,14,28,-1,-1,-1,-1
217,6,889,289,17,30,-1,-1,-1,-1
218,6,887,290,18,30,-1,-1,-1,-1
219,6,887,289,18,31,-1,-1,-1,-1
220,6,888,293,15,27,-1,-1,-1,-1
221,6,888,293,15,27,-1,-1,-1,-1
222,6,886,290,18,31,-1,-1,-1,-1
223,6,887,292,15,29,-1,-1,-1,-1
224,6,887,293,14,27,-1,-1,-1,-1
225,6,887,293,14,28,-1,-1,-1,-1
226,6,888,294,13,26,-1,-1,-1,-1
227,6,887,293,13,27,-1,-1,-1,-1
228,6,886,293,14,26,-1,-1,-1,-1
229,6,886,293,14,26,-1,-1,-1,-1
230,6,886,293,14,26,-1,-1,-1,-1
231,6,885,292,14,27,-1,-1,-1,-1
232,6,884,292,16,29,-1,-1,-1,-1
233,6,885,292,15,28,-1,-1,-1,-1
261,7,866,294,19,28,-1,-1,-1,-1
262,7,866,294,17,27,-1,-1,-1,-1
263,7,865,293,18,28,-1,-1,-1,-1
264,7,863,298,14,25,-1,-1,-1,-1
265,7,862,297,16,26,-1,-1,-1,-1
266,7,862,292,20,30,-1,-1,-1,-1
267,7,862,291,19,31,-1,-1,-1,-1
268,7,862,291,19,31,-1,-1,-1,-1
269,7,862,291,19,31,-1,-1,-1,-1
270,7,862,297,15,25,-1,-1,-1,-1
271,7,860,289,18,31,-1,-1,-1,-1
272,7,859,289,19,32,-1,-1,-1,-1
273,7,859,288,19,32,-1,-1,-1,-1
274,7,860,295,17,26,-1,-1,-1,-1
275,7,860,296,15,26,-1,-1,-1,-1
276,7,860,296,14,24,-1,-1,-1,-1
277,7,858,293,18,28,-1,-1,-1,-1
278,7,859,291,17,29,-1,-1,-1,-1
281,7,856,291,19,31,-1,-1,-1,-1
282,7,855,291,19,31,-1,-1,-1,-1
283,7,855,293,19,29,-1,-1,-1,-1
284,7,856,298,16,24,-1,-1,-1,-1
285,7,856,298,16,24,-1,-1,-1,-1
286,7,855,298,16,25,-1,-1,-1,-1
287,7,854,298,18,24,-1,-1,-1,-1
288,7,853,297,18,25,-1,-1,-1,-1
222,9,780,387,21,38,-1,-1,-1,-1
223,9,779,385,21,40,-1,-1,-1,-1
224,9,779,386,20,39,-1,-1,-1,-1
225,9,779,385,20,39,-1,-1,-1,-1
226,9,781,386,20,38,-1,-1,-1,-1
227,9,780,385,21,39,-1,-1,-1,-1
228,9,781,386,21,37,-1,-1,-1,-1
229,9,782,386,21,36,-1,-1,-1,-1
230,9,782,385,22,37,-1,-1,-1,-1
231,9,782,385,22,38,-1,-1,-1,-1
232,9,782,386,22,37,-1,-1,-1,-1
233,9,782,385,23,39,-1,-1,-1,-1
234,9,783,385,22,38,-1,-1,-1,-1
235,9,784,386,21,37,-1,-1,-1,-1
236,9,785,387,20,37,-1,-1,-1,-1
237,9,785,387,21,36,-1,-1,-1,-1
238,9,785,386,21,37,-1,-1,-1,-1
239,9,786,386,20,37,-1,-1,-1,-1
240,9,787,387,19,37,-1,-1,-1,-1
241,9,788,387,18,36,-1,-1,-1,-1
242,9,788,386,18,37,-1,-1,-1,-1
243,9,788,386,19,37,-1,-1,-1,-1
244,9,788,387,19,36,-1,-1,-1,-1
245,9,788,387,18,37,-1,-1,-1,-1
246,9,789,386,17,37,-1,-1,-1,-1
247,9,789,386,19,36,-1,-1,-1,-1
248,9,790,386,19,36,-1,-1,-1,-1
249,9,790,386,18,35,-1,-1,-1,-1
250,9,789,385,20,36,-1,-1,-1,-1
251,9,790,384,19,37,-1,-1,-1,-1
252,9,791,384,18,37,-1,-1,-1,-1
253,9,791,384,18,37,-1,-1,-1,-1
254,9,791,385,19,36,-1,-1,-1,-1
255,9,793,385,17,37,-1,-1,-1,-1
256,9,793,384,17,37,-1,-1,-1,-1
257,9,793,385,18,37,-1,-1,-1,-1
258,9,795,384,16,36,-1,-1,-1,-1
259,9,795,383,17,37,-1,-1,-1,-1
260,9,796,383,17,37,-1,-1,-1,-1
261,9,796,382,19,37,-1,-1,-1,-1
262,9,797,381,18,37,-1,-1,-1,-1
263,9,798,384,17,34,-1,-1,-1,-1
264,9,798,384,17,35,-1,-1,-1,-1
265,9,798,383,17,37,-1,-1,-1,-1
266,9,798,383,18,37,-1,-1,-1,-1
267,9,801,385,18,33,-1,-1,-1,-1
268,9,799,384,17,35,-1,-1,-1,-1
269,9,801,384,17,35,-1,-1,-1,-1
270,9,801,383,18,36,-1,-1,-1,-1
271,9,801,383,18,36,-1,-1,-1,-1
272,9,803,385,18,35,-1,-1,-1,-1
273,9,803,384,18,36,-1,-1,-1,-1
274,9,803,386,18,33,-1,-1,-1,-1
275,9,804,386,17,33,-1,-1,-1,-1
276,9,803,384,17,34,-1,-1,-1,-1
277,9,805,386,17,33,-1,-1,-1,-1
278,9,805,385,17,34,-1,-1,-1,-1
279,9,805,386,17,33,-1,-1,-1,-1
280,9,805,387,17,32,-1,-1,-1,-1
281,9,806,385,17,33,-1,-1,-1,-1
282,9,806,382,20,37,-1,-1,-1,-1
283,9,806,381,20,37,-1,-1,-1,-1
284,9,806,380,20,38,-1,-1,-1,-1
285,9,806,380,21,38,-1,-1,-1,-1
286,9,807,380,19,37,-1,-1,-1,-1
287,9,807,381,20,36,-1,-1,-1,-1
288,9,809,379,19,35,-1,-1,-1,-1
289,9,810,380,18,35,-1,-1,-1,-1
290,9,808,378,21,37,-1,-1,-1,-1
291,9,808,379,21,36,-1,-1,-1,-1
292,9,808,378,21,38,-1,-1,-1,-1
293,9,808,378,22,38,-1,-1,-1,-1
294,9,808,378,22,38,-1,-1,-1,-1
295,9,807,377,25,41,-1,-1,-1,-1
296,9,809,378,21,38,-1,-1,-1,-1
297,9,810,378,20,37,-1,-1,-1,-1
298,9,811,377,19,38,-1,-1,-1,-1
299,9,812,377,19,38,-1,-1,-1,-1
300,9,812,378,19,36,-1,-1,-1,-1
301,9,813,379,19,36,-1,-1,-1,-1
302,9,813,379,19,36,-1,-1,-1,-1
303,9,815,381,18,34,-1,-1,-1,-1
304,9,815,381,18,34,-1,-1,-1,-1
305,9,814,379,19,36,-1,-1,-1,-1
306,9,816,380,17,36,-1,-1,-1,-1
307,9,814,376,20,39,-1,-1,-1,-1
308,9,814,376,20,38,-1,-1,-1,-1
309,9,815,376,20,39,-1,-1,-1,-1
310,9,815,375,20,39,-1,-1,-1,-1
311,9,816,376,20,38,-1,-1,-1,-1
312,9,816,375,20,39,-1,-1,-1,-1
313,9,816,375,21,38,-1,-1,-1,-1
314,9,816,375,21,38,-1,-1,-1,-1
315,9,816,375,21,39,-1,-1,-1,-1
316,9,816,374,22,39,-1,-1,-1,-1
317,9,816,374,22,38,-1,-1,-1,-1
318,9,818,380,19,35,-1,-1,-1,-1
319,9,818,379,19,34,-1,-1,-1,-1
320,9,818,380,19,34,-1,-1,-1,-1
321,9,819,380,18,33,-1,-1,-1,-1
322,9,819,380,19,34,-1,-1,-1,-1
323,9,819,380,19,33,-1,-1,-1,-1
324,9,820,378,19,35,-1,-1,-1,-1
325,9,820,378,20,35,-1,-1,-1,-1
326,9,822,381,17,32,-1,-1,-1,-1
327,9,822,380,18,32,-1,-1,-1,-1
328,9,823,379,16,31,-1,-1,-1,-1
329,9,823,376,20,35,-1,-1,-1,-1
330,9,824,380,18,33,-1,-1,-1,-1
331,9,824,380,18,33,-1,-1,-1,-1
332,9,825,380,17,31,-1,-1,-1,-1
333,9,827,377,15,31,-1,-1,-1,-1
334,9,826,381,16,30,-1,-1,-1,-1
335,9,827,380,16,30,-1,-1,-1,-1
336,9,827,380,16,30,-1,-1,-1,-1
337,9,827,378,16,31,-1,-1,-1,-1
338,9,827,378,16,31,-1,-1,-1,-1
339,9,828,381,15,30,-1,-1,-1,-1
340,9,828,381,16,30,-1,-1,-1,-1
341,9,828,377,17,32,-1,-1,-1,-1
342,9,828,374,18,34,-1,-1,-1,-1
343,9,829,373,19,35,-1,-1,-1,-1
344,9,829,373,19,35,-1,-1,-1,-1
345,9,830,372,22,37,-1,-1,-1,-1
346,9,830,372,22,37,-1,-1,-1,-1
347,9,830,373,22,37,-1,-1,-1,-1
348,9,830,372,22,38,-1,-1,-1,-1
349,9,831,372,21,38,-1,-1,-1,-1
350,9,831,373,22,37,-1,-1,-1,-1
351,9,832,373,21,37,-1,-1,-1,-1
352,9,832,374,20,37,-1,-1,-1,-1
353,9,832,375,20,36,-1,-1,-1,-1
354,9,832,374,20,37,-1,-1,-1,-1
355,9,833,374,20,36,-1,-1,-1,-1
356,9,833,375,19,35,-1,-1,-1,-1
357,9,832,373,21,37,-1,-1,-1,-1
358,9,833,373,20,37,-1,-1,-1,-1
359,9,835,374,20,37,-1,-1,-1,-1
360,9,835,374,18,37,-1,-1,-1,-1
361,9,836,374,18,38,-1,-1,-1,-1
362,9,836,373,19,38,-1,-1,-1,-1
363,9,835,372,19,39,-1,-1,-1,-1
364,9,836,373,18,37,-1,-1,-1,-1
365,9,836,372,19,39,-1,-1,-1,-1
366,9,837,373,19,37,-1,-1,-1,-1
367,9,837,373,20,38,-1,-1,-1,-1
368,9,838,372,19,38,-1,-1,-1,-1
369,9,839,373,18,37,-1,-1,-1,-1
370,9,839,372,19,39,-1,-1,-1,-1
371,9,839,371,20,38,-1,-1,-1,-1
372,9,841,371,19,38,-1,-1,-1,-1
373,9,841,370,19,38,-1,-1,-1,-1
374,9,841,368,19,41,-1,-1,-1,-1
375,9,840,370,19,38,-1,-1,-1,-1
376,9,842,367,19,38,-1,-1,-1,-1
377,9,842,367,19,37,-1,-1,-1,-1
378,9,843,368,19,36,-1,-1,-1,-1
379,9,844,367,19,38,-1,-1,-1,-1
380,9,845,368,19,37,-1,-1,-1,-1
381,9,847,368,18,37,-1,-1,-1,-1
382,9,847,369,19,38,-1,-1,-1,-1
383,9,847,369,19,38,-1,-1,-1,-1
384,9,847,367,20,39,-1,-1,-1,-1
385,9,847,367,19,39,-1,-1,-1,-1
386,9,847,367,19,39,-1,-1,-1,-1
387,9,847,366,20,40,-1,-1,-1,-1
388,9,848,367,18,38,-1,-1,-1,-1
389,9,849,368,18,37,-1,-1,-1,-1
390,9,848,368,19,37,-1,-1,-1,-1
391,9,848,367,19,36,-1,-1,-1,-1
392,9,849,367,19,35,-1,-1,-1,-1
393,9,850,368,18,34,-1,-1,-1,-1
394,9,850,368,18,34,-1,-1,-1,-1
395,9,849,369,19,34,-1,-1,-1,-1
396,9,849,369,19,34,-1,-1,-1,-1
397,9,850,369,19,34,-1,-1,-1,-1
398,9,851,367,18,34,-1,-1,-1,-1
399,9,851,368,17,34,-1,-1,-1,-1
400,9,852,367,18,33,-1,-1,-1,-1
401,9,852,368,18,33,-1,-1,-1,-1
402,9,853,368,17,33,-1,-1,-1,-1
403,9,854,368,17,31,-1,-1,-1,-1
404,9,854,367,17,32,-1,-1,-1,-1
405,9,855,369,18,32,-1,-1,-1,-1
406,9,855,369,18,32,-1,-1,-1,-1
407,9,855,369,18,33,-1,-1,-1,-1
408,9,856,368,18,34,-1,-1,-1,-1
409,9,856,367,19,35,-1,-1,-1,-1
410,9,855,367,19,36,-1,-1,-1,-1
411,9,855,368,19,34,-1,-1,-1,-1
412,9,857,369,18,34,-1,-1,-1,-1
413,9,857,366,18,36,-1,-1,-1,-1
414,9,857,365,18,35,-1,-1,-1,-1
415,9,857,363,18,35,-1,-1,-1,-1
416,9,859,364,17,35,-1,-1,-1,-1
417,9,858,362,18,35,-1,-1,-1,-1
418,9,858,365,18,34,-1,-1,-1,-1
419,9,858,363,18,36,-1,-1,-1,-1
420,9,859,361,19,36,-1,-1,-1,-1
421,9,861,362,18,35,-1,-1,-1,-1
422,9,863,365,16,36,-1,-1,-1,-1
424,9,863,364,16,37,-1,-1,-1,-1
425,9,863,364,17,37,-1,-1,-1,-1
426,9,863,366,17,36,-1,-1,-1,-1
427,9,863,366,16,34,-1,-1,-1,-1
428,9,862,365,19,36,-1,-1,-1,-1
429,9,863,365,18,36,-1,-1,-1,-1
430,9,863,364,18,37,-1,-1,-1,-1
431,9,863,361,18,39,-1,-1,-1,-1
432,9,863,362,19,38,-1,-1,-1,-1
433,9,864,360,17,40,-1,-1,-1,-1
434,9,864,360,17,40,-1,-1,-1,-1
435,9,864,360,17,41,-1,-1,-1,-1
436,9,864,361,17,40,-1,-1,-1,-1
437,9,865,362,17,39,-1,-1,-1,-1
438,9,864,362,18,39,-1,-1,-1,-1
439,9,865,362,17,39,-1,-1,-1,-1
440,9,865,362,17,39,-1,-1,-1,-1
441,9,864,362,19,38,-1,-1,-1,-1
442,9,864,362,19,38,-1,-1,-1,-1
443,9,864,363,19,37,-1,-1,-1,-1
444,9,864,362,19,39,-1,-1,-1,-1
445,9,865,363,18,38,-1,-1,-1,-1
446,9,865,363,17,38,-1,-1,-1,-1
447,9,865,363,17,37,-1,-1,-1,-1
448,9,865,362,16,37,-1,-1,-1,-1
449,9,865,362,17,37,-1,-1,-1,-1
450,9,865,361,17,39,-1,-1,-1,-1
451,9,865,362,17,38,-1,-1,-1,-1
452,9,865,363,18,37,-1,-1,-1,-1
453,9,865,362,18,38,-1,-1,-1,-1
454,9,865,362,19,38,-1,-1,-1,-1
455,9,866,361,20,39,-1,-1,-1,-1
456,9,866,361,19,38,-1,-1,-1,-1
457,9,864,362,19,36,-1,-1,-1,-1
458,9,866,361,20,38,-1,-1,-1,-1
459,9,866,360,21,39,-1,-1,-1,-1
464,9,867,359,21,37,-1,-1,-1,-1
465,9,867,360,21,36,-1,-1,-1,-1
466,9,867,360,21,36,-1,-1,-1,-1
467,9,869,360,20,36,-1,-1,-1,-1
468,9,868,360,21,35,-1,-1,-1,-1
469,9,868,359,20,36,-1,-1,-1,-1
470,9,868,360,20,36,-1,-1,-1,-1
471,9,866,361,23,35,-1,-1,-1,-1
472,9,868,359,21,36,-1,-1,-1,-1
473,9,867,360,24,36,-1,-1,-1,-1
474,9,868,359,21,35,-1,-1,-1,-1
475,9,864,359,27,38,-1,-1,-1,-1
476,9,862,359,29,36,-1,-1,-1,-1
477,9,868,358,22,36,-1,-1,-1,-1
478,9,869,358,21,36,-1,-1,-1,-1
479,9,868,359,21,36,-1,-1,-1,-1
480,9,868,358,22,36,-1,-1,-1,-1
481,9,868,358,22,36,-1,-1,-1,-1
482,9,868,358,22,36,-1,-1,-1,-1
483,9,869,358,20,37,-1,-1,-1,-1
484,9,868,358,21,37,-1,-1,-1,-1
485,9,868,358,21,37,-1,-1,-1,-1
486,9,868,358,21,37,-1,-1,-1,-1
487,9,868,358,21,37,-1,-1,-1,-1
488,9,868,358,21,37,-1,-1,-1,-1
489,9,868,358,22,36,-1,-1,-1,-1
490,9,868,357,22,37,-1,-1,-1,-1
491,9,868,358,21,36,-1,-1,-1,-1
492,9,862,359,21,35,-1,-1,-1,-1
493,9,863,359,19,35,-1,-1,-1,-1
494,9,866,358,22,36,-1,-1,-1,-1
495,9,865,358,22,37,-1,-1,-1,-1
496,9,866,358,23,37,-1,-1,-1,-1
497,9,866,358,23,36,-1,-1,-1,-1
498,9,862,358,20,36,-1,-1,-1,-1
499,9,862,357,20,38,-1,-1,-1,-1
500,9,863,358,25,38,-1,-1,-1,-1
501,9,866,358,22,38,-1,-1,-1,-1
502,9,866,358,23,37,-1,-1,-1,-1
503,9,863,358,20,37,-1,-1,-1,-1
504,9,863,357,19,37,-1,-1,-1,-1
505,9,863,357,19,37,-1,-1,-1,-1
506,9,863,358,19,36,-1,-1,-1,-1
507,9,862,358,19,36,-1,-1,-1,-1
508,9,862,359,19,34,-1,-1,-1,-1
509,9,863,359,19,35,-1,-1,-1,-1
510,9,862,358,18,36,-1,-1,-1,-1
511,9,862,359,19,35,-1,-1,-1,-1
512,9,861,359,20,35,-1,-1,-1,-1
513,9,862,360,20,33,-1,-1,-1,-1
514,9,862,360,21,34,-1,-1,-1,-1
515,9,862,359,20,35,-1,-1,-1,-1
528,12,1263,496,14,48,-1,-1,-1,-1
529,12,1264,496,14,47,-1,-1,-1,-1
530,12,1264,498,13,44,-1,-1,-1,-1
531,12,1264,497,13,46,-1,-1,-1,-1
532,12,1263,498,14,45,-1,-1,-1,-1
533,12,1262,499,15,42,-1,-1,-1,-1
534,12,1262,499,15,43,-1,-1,-1,-1
549,13,856,358,22,34,-1,-1,-1,-1
550,13,857,359,21,34,-1,-1,-1,-1
551,13,857,359,20,33,-1,-1,-1,-1
552,13,856,358,22,34,-1,-1,-1,-1
553,13,856,358,22,34,-1,-1,-1,-1
554,13,857,359,21,33,-1,-1,-1,-1
555,13,857,359,22,34,-1,-1,-1,-1
556,13,857,358,21,34,-1,-1,-1,-1
557,13,856,358,22,34,-1,-1,-1,-1
536,12,1262,497,14,44,-1,-1,-1,-1
537,12,1262,499,14,45,-1,-1,-1,-1
538,12,1261,499,16,48,-1,-1,-1,-1
539,12,1261,501,15,46,-1,-1,-1,-1
540,12,1260,499,17,50,-1,-1,-1,-1
541,12,1261,500,15,47,-1,-1,-1,-1
542,12,1260,501,16,45,-1,-1,-1,-1
543,12,1260,501,16,45,-1,-1,-1,-1
544,12,1260,502,16,43,-1,-1,-1,-1
545,12,1260,503,16,41,-1,-1,-1,-1
546,12,1260,502,16,44,-1,-1,-1,-1
547,12,1260,502,16,46,-1,-1,-1,-1
548,12,1260,502,16,48,-1,-1,-1,-1
549,12,1260,501,16,50,-1,-1,-1,-1
550,12,1258,500,18,51,-1,-1,-1,-1
551,12,1257,499,19,54,-1,-1,-1,-1
552,12,1256,497,20,57,-1,-1,-1,-1
553,12,1256,496,20,57,-1,-1,-1,-1
554,12,1254,496,23,55,-1,-1,-1,-1
555,12,1255,494,21,61,-1,-1,-1,-1
556,12,1254,494,22,61,-1,-1,-1,-1
557,12,1254,496,22,59,-1,-1,-1,-1
558,12,1255,498,21,57,-1,-1,-1,-1
559,12,1255,499,21,57,-1,-1,-1,-1
560,12,1256,500,20,56,-1,-1,-1,-1
561,12,1256,500,19,56,-1,-1,-1,-1
562,12,1255,499,21,57,-1,-1,-1,-1
563,12,1255,499,21,56,-1,-1,-1,-1
564,12,1255,498,21,58,-1,-1,-1,-1
565,12,1255,500,21,55,-1,-1,-1,-1
566,12,1255,499,21,57,-1,-1,-1,-1
567,12,1254,497,22,60,-1,-1,-1,-1
568,12,1254,499,23,58,-1,-1,-1,-1
569,12,1252,501,26,56,-1,-1,-1,-1
570,12,1253,500,25,57,-1,-1,-1,-1
571,12,1254,501,23,55,-1,-1,-1,-1
572,12,1254,500,23,57,-1,-1,-1,-1
573,12,1255,500,22,57,-1,-1,-1,-1
574,12,1253,502,24,54,-1,-1,-1,-1
575,12,1254,501,24,55,-1,-1,-1,-1
576,12,1256,500,21,57,-1,-1,-1,-1
577,12,1255,499,21,58,-1,-1,-1,-1
578,12,1255,499,22,58,-1,-1,-1,-1
579,12,1255,498,21,59,-1,-1,-1,-1
580,12,1253,500,25,57,-1,-1,-1,-1
581,12,1253,503,25,54,-1,-1,-1,-1
582,12,1253,503,24,55,-1,-1,-1,-1
583,12,1252,505,26,55,-1,-1,-1,-1
584,12,1251,506,27,55,-1,-1,-1,-1
585,12,1249,507,28,55,-1,-1,-1,-1
586,12,1249,507,28,53,-1,-1,-1,-1
587,12,1249,506,24,56,-1,-1,-1,-1
588,12,1250,505,24,57,-1,-1,-1,-1
589,12,1249,506,25,56,-1,-1,-1,-1
590,12,1249,506,25,57,-1,-1,-1,-1
591,12,1249,506,24,57,-1,-1,-1,-1
592,12,1248,507,29,55,-1,-1,-1,-1
593,12,1247,508,28,55,-1,-1,-1,-1
594,12,1245,509,29,55,-1,-1,-1,-1
595,12,1246,510,29,53,-1,-1,-1,-1
596,12,1246,511,28,52,-1,-1,-1,-1
597,12,1246,512,28,50,-1,-1,-1,-1
598,12,1245,513,28,49,-1,-1,-1,-1
599,12,1244,512,29,51,-1,-1,-1,-1
600,12,1244,511,29,53,-1,-1,-1,-1
601,12,1244,510,26,55,-1,-1,-1,-1
602,12,1244,514,25,50,-1,-1,-1,-1
603,12,1244,516,24,45,-1,-1,-1,-1
604,12,1243,514,25,49,-1,-1,-1,-1
605,12,1243,514,25,53,-1,-1,-1,-1
606,12,1243,515,25,53,-1,-1,-1,-1
607,12,1242,516,25,53,-1,-1,-1,-1
608,12,1242,517,25,51,-1,-1,-1,-1
609,12,1241,521,25,47,-1,-1,-1,-1
610,12,1240,519,26,51,-1,-1,-1,-1
611,12,1240,518,26,52,-1,-1,-1,-1
675,15,1202,360,16,34,-1,-1,-1,-1
676,15,1203,361,16,33,-1,-1,-1,-1
677,15,1203,360,15,33,-1,-1,-1,-1
678,15,1203,361,15,33,-1,-1,-1,-1
613,12,1241,514,27,55,-1,-1,-1,-1
614,12,1241,515,27,54,-1,-1,-1,-1
615,12,1241,515,27,53,-1,-1,-1,-1
616,12,1242,517,26,50,-1,-1,-1,-1
617,12,1242,516,26,51,-1,-1,-1,-1
618,12,1241,516,27,51,-1,-1,-1,-1
619,12,1240,516,27,51,-1,-1,-1,-1
620,12,1240,516,26,53,-1,-1,-1,-1
621,12,1239,517,27,54,-1,-1,-1,-1
622,12,1240,517,25,54,-1,-1,-1,-1
623,12,1239,518,25,54,-1,-1,-1,-1
624,12,1239,521,25,50,-1,-1,-1,-1
625,12,1238,521,25,54,-1,-1,-1,-1
626,12,1238,521,25,54,-1,-1,-1,-1
627,12,1237,521,26,53,-1,-1,-1,-1
628,12,1237,522,26,54,-1,-1,-1,-1
629,12,1236,521,26,54,-1,-1,-1,-1
630,12,1235,520,27,52,-1,-1,-1,-1
631,12,1234,520,28,53,-1,-1,-1,-1
632,12,1235,521,26,53,-1,-1,-1,-1
633,12,1234,522,26,52,-1,-1,-1,-1
634,12,1234,519,26,56,-1,-1,-1,-1
635,12,1233,524,27,51,-1,-1,-1,-1
636,12,1233,524,27,50,-1,-1,-1,-1
637,12,1234,522,25,53,-1,-1,-1,-1
638,12,1234,521,26,55,-1,-1,-1,-1
639,12,1235,521,27,58,-1,-1,-1,-1
640,12,1234,521,29,59,-1,-1,-1,-1
641,12,1232,522,31,57,-1,-1,-1,-1
642,12,1233,526,28,54,-1,-1,-1,-1
643,12,1233,523,29,56,-1,-1,-1,-1
644,12,1233,524,31,55,-1,-1,-1,-1
645,12,1233,525,28,54,-1,-1,-1,-1
646,12,1232,523,31,57,-1,-1,-1,-1
647,12,1231,524,27,55,-1,-1,-1,-1
648,12,1231,522,28,55,-1,-1,-1,-1
649,12,1231,523,27,53,-1,-1,-1,-1
650,12,1229,523,27,55,-1,-1,-1,-1
651,12,1228,523,27,54,-1,-1,-1,-1
652,12,1227,523,28,54,-1,-1,-1,-1
653,12,1226,523,28,56,-1,-1,-1,-1
654,12,1226,525,27,53,-1,-1,-1,-1
655,12,1225,525,28,54,-1,-1,-1,-1
656,12,1225,525,28,56,-1,-1,-1,-1
657,12,1226,524,27,56,-1,-1,-1,-1
658,12,1224,526,28,56,-1,-1,-1,-1
659,12,1224,527,27,55,-1,-1,-1,-1
660,12,1223,527,27,55,-1,-1,-1,-1
661,12,1223,528,26,55,-1,-1,-1,-1
662,12,1223,528,26,53,-1,-1,-1,-1
663,12,1223,527,26,55,-1,-1,-1,-1
664,12,1222,528,26,53,-1,-1,-1,-1
665,12,1222,528,26,53,-1,-1,-1,-1
666,12,1222,530,25,52,-1,-1,-1,-1
667,12,1222,530,24,51,-1,-1,-1,-1
668,12,1221,531,27,56,-1,-1,-1,-1
669,12,1221,530,28,56,-1,-1,-1,-1
670,12,1220,530,28,57,-1,-1,-1,-1
671,12,1220,531,27,56,-1,-1,-1,-1
672,12,1219,530,29,61,-1,-1,-1,-1
673,12,1220,532,28,55,-1,-1,-1,-1
674,12,1221,532,26,54,-1,-1,-1,-1
675,12,1220,533,28,52,-1,-1,-1,-1
676,12,1220,533,28,54,-1,-1,-1,-1
677,12,1220,533,28,54,-1,-1,-1,-1
678,12,1220,533,27,55,-1,-1,-1,-1
679,12,1219,534,27,57,-1,-1,-1,-1
680,12,1220,534,26,58,-1,-1,-1,-1
681,12,1219,534,26,57,-1,-1,-1,-1
682,12,1218,532,28,57,-1,-1,-1,-1
683,12,1217,534,29,58,-1,-1,-1,-1
684,12,1217,534,28,58,-1,-1,-1,-1
685,12,1217,533,28,59,-1,-1,-1,-1
686,12,1217,532,29,61,-1,-1,-1,-1
687,12,1216,536,29,57,-1,-1,-1,-1
688,12,1216,536,29,55,-1,-1,-1,-1
689,12,1217,537,27,55,-1,-1,-1,-1
690,12,1217,537,26,54,-1,-1,-1,-1
691,12,1217,536,27,55,-1,-1,-1,-1
692,12,1215,537,29,56,-1,-1,-1,-1
693,12,1215,538,27,54,-1,-1,-1,-1
694,12,1214,538,26,53,-1,-1,-1,-1
695,12,1214,539,26,55,-1,-1,-1,-1
696,12,1213,540,27,54,-1,-1,-1,-1
697,12,1214,538,26,55,-1,-1,-1,-1
698,12,1212,538,28,56,-1,-1,-1,-1
699,12,1211,540,29,58,-1,-1,-1,-1
700,12,1211,541,29,56,-1,-1,-1,-1
701,12,1210,540,29,57,-1,-1,-1,-1
702,12,1211,541,28,53,-1,-1,-1,-1
703,12,1211,541,28,53,-1,-1,-1,-1
704,12,1211,540,29,55,-1,-1,-1,-1
705,12,1211,541,28,54,-1,-1,-1,-1
706,12,1211,542,28,53,-1,-1,-1,-1
707,12,1211,541,27,53,-1,-1,-1,-1
708,12,1210,542,29,54,-1,-1,-1,-1
709,12,1210,541,28,56,-1,-1,-1,-1
710,12,1210,541,27,55,-1,-1,-1,-1
711,12,1209,542,27,53,-1,-1,-1,-1
712,12,1209,543,27,53,-1,-1,-1,-1
713,12,1208,544,28,53,-1,-1,-1,-1
714,12,1207,544,30,57,-1,-1,-1,-1
715,12,1206,544,30,58,-1,-1,-1,-1
716,12,1205,545,31,58,-1,-1,-1,-1
717,12,1204,545,32,56,-1,-1,-1,-1
718,12,1205,546,31,54,-1,-1,-1,-1
719,12,1204,545,31,56,-1,-1,-1,-1
720,12,1203,545,32,55,-1,-1,-1,-1
721,12,1202,546,31,55,-1,-1,-1,-1
722,12,1201,546,32,58,-1,-1,-1,-1
723,12,1201,547,32,58,-1,-1,-1,-1
724,12,1201,547,31,57,-1,-1,-1,-1
725,12,1198,548,34,59,-1,-1,-1,-1
726,12,1198,549,33,60,-1,-1,-1,-1
727,12,1199,551,31,58,-1,-1,-1,-1
728,12,1199,550,31,59,-1,-1,-1,-1
729,12,1199,550,31,58,-1,-1,-1,-1
730,12,1199,550,30,57,-1,-1,-1,-1
731,12,1199,551,29,55,-1,-1,-1,-1
732,12,1198,552,29,54,-1,-1,-1,-1
733,12,1198,551,29,55,-1,-1,-1,-1
734,12,1198,551,29,55,-1,-1,-1,-1
735,12,1198,552,28,54,-1,-1,-1,-1
736,12,1197,552,30,54,-1,-1,-1,-1
737,12,1197,552,30,56,-1,-1,-1,-1
738,12,1197,552,29,55,-1,-1,-1,-1
739,12,1197,552,29,55,-1,-1,-1,-1
740,12,1197,552,29,56,-1,-1,-1,-1
741,12,1197,553,28,55,-1,-1,-1,-1
742,12,1196,553,29,55,-1,-1,-1,-1
743,12,1195,553,30,56,-1,-1,-1,-1
744,12,1195,553,30,57,-1,-1,-1,-1
745,12,1195,554,29,56,-1,-1,-1,-1
746,12,1194,554,29,56,-1,-1,-1,-1
747,12,1194,554,29,56,-1,-1,-1,-1
748,12,1193,554,29,55,-1,-1,-1,-1
749,12,1192,554,29,56,-1,-1,-1,-1
750,12,1193,555,30,57,-1,-1,-1,-1
751,12,1193,555,30,58,-1,-1,-1,-1
752,12,1192,555,31,61,-1,-1,-1,-1
753,12,1192,555,31,61,-1,-1,-1,-1
754,12,1192,555,31,61,-1,-1,-1,-1
755,12,1191,556,32,61,-1,-1,-1,-1
756,12,1191,558,31,61,-1,-1,-1,-1
757,12,1191,558,32,61,-1,-1,-1,-1
758,12,1191,559,31,60,-1,-1,-1,-1
759,12,1191,557,32,61,-1,-1,-1,-1
760,12,1191,560,31,59,-1,-1,-1,-1
761,12,1190,560,32,61,-1,-1,-1,-1
762,12,1189,561,32,60,-1,-1,-1,-1
763,12,1189,561,32,60,-1,-1,-1,-1
764,12,1189,562,32,59,-1,-1,-1,-1
765,12,1189,560,32,61,-1,-1,-1,-1
766,12,1188,560,33,61,-1,-1,-1,-1
767,12,1187,561,32,60,-1,-1,-1,-1
768,12,1187,561,32,59,-1,-1,-1,-1
769,12,1186,563,33,58,-1,-1,-1,-1
770,12,1186,563,31,59,-1,-1,-1,-1
771,12,1186,565,31,58,-1,-1,-1,-1
772,12,1186,564,33,58,-1,-1,-1,-1
773,12,1186,565,33,57,-1,-1,-1,-1
774,12,1186,565,32,57,-1,-1,-1,-1
775,12,1186,566,32,54,-1,-1,-1,-1
776,12,1185,566,31,55,-1,-1,-1,-1
777,12,1184,565,31,56,-1,-1,-1,-1
778,12,1184,565,32,58,-1,-1,-1,-1
779,12,1183,565,31,57,-1,-1,-1,-1
780,12,1183,567,31,57,-1,-1,-1,-1
781,12,1182,568,31,56,-1,-1,-1,-1
782,12,1182,568,29,57,-1,-1,-1,-1
783,12,1180,569,30,59,-1,-1,-1,-1
784,12,1181,569,30,59,-1,-1,-1,-1
785,12,1180,570,31,59,-1,-1,-1,-1
786,12,1180,569,31,61,-1,-1,-1,-1
787,12,1179,569,31,61,-1,-1,-1,-1
788,12,1180,569,31,59,-1,-1,-1,-1
789,12,1180,569,31,59,-1,-1,-1,-1
790,12,1180,570,30,58,-1,-1,-1,-1
791,12,1180,571,30,58,-1,-1,-1,-1
792,12,1179,571,30,61,-1,-1,-1,-1
793,12,1177,571,31,61,-1,-1,-1,-1
794,12,1178,571,30,61,-1,-1,-1,-1
795,12,1179,569,31,64,-1,-1,-1,-1
796,12,1177,572,30,59,-1,-1,-1,-1
797,12,1176,571,30,62,-1,-1,-1,-1
798,12,1176,574,31,60,-1,-1,-1,-1
799,12,1174,576,33,59,-1,-1,-1,-1
800,12,1174,575,32,61,-1,-1,-1,-1
801,12,1173,577,32,60,-1,-1,-1,-1
802,12,1174,577,31,60,-1,-1,-1,-1
803,12,1173,576,32,60,-1,-1,-1,-1
804,12,1173,576,32,59,-1,-1,-1,-1
805,12,1172,576,33,59,-1,-1,-1,-1
806,12,1172,575,32,60,-1,-1,-1,-1
807,12,1172,576,32,59,-1,-1,-1,-1
808,12,1171,576,32,59,-1,-1,-1,-1
809,12,1170,580,31,58,-1,-1,-1,-1
810,12,1169,580,31,59,-1,-1,-1,-1
811,12,1169,581,31,59,-1,-1,-1,-1
812,12,1168,581,31,59,-1,-1,-1,-1
813,12,1168,581,31,59,-1,-1,-1,-1
814,12,1166,583,30,58,-1,-1,-1,-1
815,12,1165,583,31,59,-1,-1,-1,-1
816,12,1166,584,29,57,-1,-1,-1,-1
817,12,1167,584,29,56,-1,-1,-1,-1
818,12,1168,585,26,54,-1,-1,-1,-1
819,12,1167,585,27,56,-1,-1,-1,-1
820,12,1166,585,28,56,-1,-1,-1,-1
821,12,1165,582,31,59,-1,-1,-1,-1
822,12,1162,583,32,59,-1,-1,-1,-1
823,12,1162,584,31,58,-1,-1,-1,-1
824,12,1163,581,31,61,-1,-1,-1,-1
825,12,1162,585,30,56,-1,-1,-1,-1
826,12,1162,584,28,56,-1,-1,-1,-1
827,12,1162,585,28,56,-1,-1,-1,-1
828,12,1162,585,28,57,-1,-1,-1,-1
829,12,1161,585,29,58,-1,-1,-1,-1
830,12,1159,586,30,58,-1,-1,-1,-1
831,12,1159,586,30,60,-1,-1,-1,-1
832,12,1158,587,30,57,-1,-1,-1,-1
833,12,1158,589,30,53,-1,-1,-1,-1
834,12,1157,587,32,55,-1,-1,-1,-1
835,12,1157,587,31,56,-1,-1,-1,-1
836,12,1156,587,31,57,-1,-1,-1,-1
837,12,1156,588,29,57,-1,-1,-1,-1
838,12,1156,586,30,60,-1,-1,-1,-1
839,12,1155,587,30,60,-1,-1,-1,-1
840,12,1155,588,28,60,-1,-1,-1,-1
841,12,1154,588,32,63,-1,-1,-1,-1
842,12,1152,590,32,62,-1,-1,-1,-1
843,12,1151,591,31,62,-1,-1,-1,-1
844,12,1151,592,31,62,-1,-1,-1,-1
845,12,1151,592,31,62,-1,-1,-1,-1
846,12,1151,592,31,59,-1,-1,-1,-1
847,12,1151,590,30,61,-1,-1,-1,-1
848,12,1150,592,32,60,-1,-1,-1,-1
849,12,1150,591,31,61,-1,-1,-1,-1
850,12,1149,592,32,60,-1,-1,-1,-1
851,12,1149,592,32,61,-1,-1,-1,-1
852,12,1150,594,29,58,-1,-1,-1,-1
853,12,1148,594,30,57,-1,-1,-1,-1
854,12,1148,593,30,60,-1,-1,-1,-1
855,12,1147,595,30,58,-1,-1,-1,-1
856,12,1146,595,31,58,-1,-1,-1,-1
857,12,1146,594,31,59,-1,-1,-1,-1
858,12,1146,595,30,58,-1,-1,-1,-1
859,12,1144,595,31,59,-1,-1,-1,-1
860,12,1144,597,30,57,-1,-1,-1,-1
861,12,1144,596,30,57,-1,-1,-1,-1
862,12,1144,597,30,57,-1,-1,-1,-1
863,12,1143,597,30,57,-1,-1,-1,-1
864,12,1142,596,31,59,-1,-1,-1,-1
865,12,1142,596,31,61,-1,-1,-1,-1
866,12,1140,596,32,61,-1,-1,-1,-1
867,12,1141,596,33,61,-1,-1,-1,-1
868,12,1136,596,35,64,-1,-1,-1,-1
869,12,1136,594,35,69,-1,-1,-1,-1
870,12,1137,599,29,65,-1,-1,-1,-1
871,12,1137,596,33,68,-1,-1,-1,-1
872,12,1137,598,33,69,-1,-1,-1,-1
873,12,1138,601,30,65,-1,-1,-1,-1
874,12,1138,600,31,64,-1,-1,-1,-1
875,12,1138,603,30,60,-1,-1,-1,-1
876,12,1138,605,29,58,-1,-1,-1,-1
877,12,1138,603,30,62,-1,-1,-1,-1
878,12,1138,602,32,63,-1,-1,-1,-1
879,12,1137,602,32,65,-1,-1,-1,-1
880,12,1135,604,33,68,-1,-1,-1,-1
881,12,1135,603,33,67,-1,-1,-1,-1
882,12,1135,607,30,65,-1,-1,-1,-1
883,12,1134,607,32,71,-1,-1,-1,-1
884,12,1134,609,31,65,-1,-1,-1,-1
885,12,1134,607,32,66,-1,-1,-1,-1
886,12,1133,610,31,63,-1,-1,-1,-1
887,12,1133,610,30,61,-1,-1,-1,-1
888,12,1134,610,30,61,-1,-1,-1,-1
889,12,1137,611,28,57,-1,-1,-1,-1
890,12,1132,612,32,60,-1,-1,-1,-1
891,12,1132,611,33,60,-1,-1,-1,-1
892,12,1131,612,34,59,-1,-1,-1,-1
893,12,1131,611,34,59,-1,-1,-1,-1
894,12,1131,611,32,59,-1,-1,-1,-1
895,12,1131,612,29,59,-1,-1,-1,-1
896,12,1130,613,31,60,-1,-1,-1,-1
897,12,1130,613,31,58,-1,-1,-1,-1
898,12,1134,612,29,57,-1,-1,-1,-1
899,12,1128,614,29,55,-1,-1,-1,-1
900,12,1128,611,34,65,-1,-1,-1,-1
901,12,1125,614,36,63,-1,-1,-1,-1
316,17,834,290,20,31,-1,-1,-1,-1
317,17,833,291,21,31,-1,-1,-1,-1
318,17,833,291,19,33,-1,-1,-1,-1
319,17,832,290,21,33,-1,-1,-1,-1
320,17,832,289,21,34,-1,-1,-1,-1
321,17,831,288,21,35,-1,-1,-1,-1
322,17,831,287,21,35,-1,-1,-1,-1
323,17,831,287,20,33,-1,-1,-1,-1
324,17,831,287,20,35,-1,-1,-1,-1
325,17,831,287,20,34,-1,-1,-1,-1
326,17,831,288,19,32,-1,-1,-1,-1
327,17,832,288,17,33,-1,-1,-1,-1
328,17,831,289,17,31,-1,-1,-1,-1
329,17,830,289,18,31,-1,-1,-1,-1
330,17,829,289,18,32,-1,-1,-1,-1
331,17,827,289,19,33,-1,-1,-1,-1
332,17,827,290,19,33,-1,-1,-1,-1
333,17,826,290,16,31,-1,-1,-1,-1
334,17,826,289,20,32,-1,-1,-1,-1
335,17,824,289,21,32,-1,-1,-1,-1
336,17,823,288,20,35,-1,-1,-1,-1
337,17,823,290,21,31,-1,-1,-1,-1
338,17,822,289,20,34,-1,-1,-1,-1
339,17,821,289,21,34,-1,-1,-1,-1
340,17,822,292,19,31,-1,-1,-1,-1
341,17,821,291,18,33,-1,-1,-1,-1
342,17,821,293,19,30,-1,-1,-1,-1
343,17,819,289,19,33,-1,-1,-1,-1
344,17,819,290,19,31,-1,-1,-1,-1
345,17,818,288,20,34,-1,-1,-1,-1
346,17,817,287,20,37,-1,-1,-1,-1
347,17,817,288,20,36,-1,-1,-1,-1
348,17,817,288,19,36,-1,-1,-1,-1
349,17,817,287,19,37,-1,-1,-1,-1
350,17,816,287,20,36,-1,-1,-1,-1
351,17,816,287,20,36,-1,-1,-1,-1
352,17,816,287,19,35,-1,-1,-1,-1
353,17,816,287,18,35,-1,-1,-1,-1
354,17,816,288,18,33,-1,-1,-1,-1
355,17,815,287,19,34,-1,-1,-1,-1
356,17,814,287,19,34,-1,-1,-1,-1
357,17,814,290,16,32,-1,-1,-1,-1
358,17,813,291,17,31,-1,-1,-1,-1
359,17,812,289,18,34,-1,-1,-1,-1
360,17,811,288,19,35,-1,-1,-1,-1
361,17,810,288,19,36,-1,-1,-1,-1
362,17,809,288,20,35,-1,-1,-1,-1
363,17,809,288,19,35,-1,-1,-1,-1
364,17,808,287,19,35,-1,-1,-1,-1
365,17,807,288,19,34,-1,-1,-1,-1
366,17,807,289,19,34,-1,-1,-1,-1
367,17,807,289,18,34,-1,-1,-1,-1
368,17,807,289,18,33,-1,-1,-1,-1
369,17,806,289,19,33,-1,-1,-1,-1
370,17,806,289,18,33,-1,-1,-1,-1
371,17,805,289,19,33,-1,-1,-1,-1
372,17,804,290,18,29,-1,-1,-1,-1
373,17,803,289,19,31,-1,-1,-1,-1
374,17,803,289,19,31,-1,-1,-1,-1
375,17,803,290,19,31,-1,-1,-1,-1
376,17,802,289,20,33,-1,-1,-1,-1
377,17,802,290,20,32,-1,-1,-1,-1
378,17,802,289,19,33,-1,-1,-1,-1
379,17,802,290,19,32,-1,-1,-1,-1
380,17,801,289,20,34,-1,-1,-1,-1
381,17,801,290,20,32,-1,-1,-1,-1
382,17,801,290,19,33,-1,-1,-1,-1
383,17,801,289,19,32,-1,-1,-1,-1
384,17,800,289,19,32,-1,-1,-1,-1
385,17,801,287,17,33,-1,-1,-1,-1
386,17,798,289,18,32,-1,-1,-1,-1
387,17,797,289,19,32,-1,-1,-1,-1
388,17,797,288,19,33,-1,-1,-1,-1
389,17,794,288,21,33,-1,-1,-1,-1
390,17,794,287,21,35,-1,-1,-1,-1
391,17,793,287,21,35,-1,-1,-1,-1
392,17,793,287,21,35,-1,-1,-1,-1
393,17,792,287,22,35,-1,-1,-1,-1
394,17,792,288,19,33,-1,-1,-1,-1
395,17,792,289,19,33,-1,-1,-1,-1
396,17,791,290,19,32,-1,-1,-1,-1
397,17,790,290,20,32,-1,-1,-1,-1
398,17,789,289,19,33,-1,-1,-1,-1
399,17,789,289,19,33,-1,-1,-1,-1
400,17,789,289,19,33,-1,-1,-1,-1
401,17,788,288,20,35,-1,-1,-1,-1
402,17,786,287,21,34,-1,-1,-1,-1
403,17,786,286,21,34,-1,-1,-1,-1
404,17,785,286,21,34,-1,-1,-1,-1
405,17,785,287,21,34,-1,-1,-1,-1
406,17,785,287,21,34,-1,-1,-1,-1
407,17,785,287,20,34,-1,-1,-1,-1
408,17,785,288,20,34,-1,-1,-1,-1
409,17,785,288,20,34,-1,-1,-1,-1
410,17,785,289,19,33,-1,-1,-1,-1
411,17,785,290,19,33,-1,-1,-1,-1
412,17,784,289,19,33,-1,-1,-1,-1
413,17,784,290,18,32,-1,-1,-1,-1
414,17,783,290,18,32,-1,-1,-1,-1
415,17,782,290,19,32,-1,-1,-1,-1
416,17,781,289,20,33,-1,-1,-1,-1
417,17,780,288,20,33,-1,-1,-1,-1
418,17,780,288,20,33,-1,-1,-1,-1
419,17,778,288,22,34,-1,-1,-1,-1
420,17,778,288,21,34,-1,-1,-1,-1
421,17,777,288,22,34,-1,-1,-1,-1
422,17,776,289,22,34,-1,-1,-1,-1
423,17,776,288,21,35,-1,-1,-1,-1
424,17,776,288,20,35,-1,-1,-1,-1
425,17,775,289,20,34,-1,-1,-1,-1
426,17,774,289,21,34,-1,-1,-1,-1
427,17,774,289,20,34,-1,-1,-1,-1
428,17,774,289,20,34,-1,-1,-1,-1
429,17,773,289,20,33,-1,-1,-1,-1
430,17,774,289,18,34,-1,-1,-1,-1
431,17,771,287,21,34,-1,-1,-1,-1
432,17,771,287,20,34,-1,-1,-1,-1
433,17,771,287,20,34,-1,-1,-1,-1
434,17,770,287,21,35,-1,-1,-1,-1
435,17,770,287,21,34,-1,-1,-1,-1
436,17,769,287,21,35,-1,-1,-1,-1
437,17,769,288,21,34,-1,-1,-1,-1
438,17,769,288,20,35,-1,-1,-1,-1
439,17,769,288,20,35,-1,-1,-1,-1
440,17,769,288,20,35,-1,-1,-1,-1
441,17,769,289,19,34,-1,-1,-1,-1
442,17,768,290,19,33,-1,-1,-1,-1
443,17,767,289,19,34,-1,-1,-1,-1
444,17,766,290,19,33,-1,-1,-1,-1
445,17,765,289,19,34,-1,-1,-1,-1
446,17,764,289,20,34,-1,-1,-1,-1
447,17,764,288,20,35,-1,-1,-1,-1
448,17,764,287,19,35,-1,-1,-1,-1
449,17,762,287,21,35,-1,-1,-1,-1
450,17,762,287,20,35,-1,-1,-1,-1
451,17,762,288,19,34,-1,-1,-1,-1
452,17,761,288,20,34,-1,-1,-1,-1
453,17,761,289,19,34,-1,-1,-1,-1
454,17,759,288,21,35,-1,-1,-1,-1
455,17,759,288,20,35,-1,-1,-1,-1
456,17,759,288,20,36,-1,-1,-1,-1
457,17,759,288,19,36,-1,-1,-1,-1
458,17,758,288,20,36,-1,-1,-1,-1
459,17,758,288,19,35,-1,-1,-1,-1
460,17,757,288,19,35,-1,-1,-1,-1
461,17,756,288,20,35,-1,-1,-1,-1
462,17,755,287,20,36,-1,-1,-1,-1
463,17,755,286,20,36,-1,-1,-1,-1
464,17,755,287,20,35,-1,-1,-1,-1
465,17,754,287,21,36,-1,-1,-1,-1
466,17,754,287,20,36,-1,-1,-1,-1
467,17,754,287,20,35,-1,-1,-1,-1
468,17,754,287,19,35,-1,-1,-1,-1
469,17,753,288,19,35,-1,-1,-1,-1
470,17,753,289,19,34,-1,-1,-1,-1
471,17,752,288,20,35,-1,-1,-1,-1
472,17,751,288,21,35,-1,-1,-1,-1
473,17,750,288,21,36,-1,-1,-1,-1
474,17,750,288,21,36,-1,-1,-1,-1
475,17,748,288,22,36,-1,-1,-1,-1
476,17,748,288,23,37,-1,-1,-1,-1
477,17,748,288,22,37,-1,-1,-1,-1
478,17,747,288,24,36,-1,-1,-1,-1
479,17,747,287,22,37,-1,-1,-1,-1
480,17,746,288,21,36,-1,-1,-1,-1
481,17,746,287,21,37,-1,-1,-1,-1
482,17,745,288,21,36,-1,-1,-1,-1
483,17,745,289,20,34,-1,-1,-1,-1
484,17,744,289,21,34,-1,-1,-1,-1
485,17,744,290,21,34,-1,-1,-1,-1
486,17,744,289,20,35,-1,-1,-1,-1
487,17,743,290,20,34,-1,-1,-1,-1
488,17,743,290,20,34,-1,-1,-1,-1
489,17,743,290,19,34,-1,-1,-1,-1
490,17,742,290,20,34,-1,-1,-1,-1
491,17,742,290,19,34,-1,-1,-1,-1
492,17,740,290,20,34,-1,-1,-1,-1
493,17,739,290,21,34,-1,-1,-1,-1
494,17,739,289,20,35,-1,-1,-1,-1
495,17,739,289,20,36,-1,-1,-1,-1
496,17,739,289,20,35,-1,-1,-1,-1
497,17,739,289,19,34,-1,-1,-1,-1
498,17,738,289,19,33,-1,-1,-1,-1
499,17,737,288,19,34,-1,-1,-1,-1
500,17,738,290,17,32,-1,-1,-1,-1
501,17,737,289,18,34,-1,-1,-1,-1
502,17,735,288,20,36,-1,-1,-1,-1
503,17,735,288,21,36,-1,-1,-1,-1
504,17,734,288,21,37,-1,-1,-1,-1
505,17,733,288,22,37,-1,-1,-1,-1
506,17,733,289,21,35,-1,-1,-1,-1
507,17,732,289,22,36,-1,-1,-1,-1
508,17,732,289,21,36,-1,-1,-1,-1
509,17,731,289,19,35,-1,-1,-1,-1
510,17,731,290,19,34,-1,-1,-1,-1
511,17,730,289,20,35,-1,-1,-1,-1
512,17,730,290,19,34,-1,-1,-1,-1
513,17,729,289,20,35,-1,-1,-1,-1
514,17,729,290,19,34,-1,-1,-1,-1
515,17,729,290,19,33,-1,-1,-1,-1
516,17,728,290,20,34,-1,-1,-1,-1
517,17,728,290,20,33,-1,-1,-1,-1
518,17,727,289,20,35,-1,-1,-1,-1
519,17,726,289,21,35,-1,-1,-1,-1
520,17,724,288,22,36,-1,-1,-1,-1
521,17,724,288,21,36,-1,-1,-1,-1
522,17,724,288,20,37,-1,-1,-1,-1
523,17,723,289,20,36,-1,-1,-1,-1
524,17,723,290,20,35,-1,-1,-1,-1
525,17,723,290,19,34,-1,-1,-1,-1
526,17,723,290,18,33,-1,-1,-1,-1
527,17,722,289,19,34,-1,-1,-1,-1
528,17,721,289,20,35,-1,-1,-1,-1
529,17,719,289,21,36,-1,-1,-1,-1
530,17,719,288,20,36,-1,-1,-1,-1
531,17,718,288,20,35,-1,-1,-1,-1
532,17,717,288,21,36,-1,-1,-1,-1
533,17,717,288,21,36,-1,-1,-1,-1
534,17,715,288,22,36,-1,-1,-1,-1
535,17,715,288,21,36,-1,-1,-1,-1
536,17,715,288,21,36,-1,-1,-1,-1
537,17,714,289,21,35,-1,-1,-1,-1
538,17,714,288,20,37,-1,-1,-1,-1
539,17,714,289,19,35,-1,-1,-1,-1
540,17,713,289,20,35,-1,-1,-1,-1
541,17,712,288,21,36,-1,-1,-1,-1
542,17,712,289,21,35,-1,-1,-1,-1
543,17,711,289,21,34,-1,-1,-1,-1
544,17,710,289,21,34,-1,-1,-1,-1
545,17,710,290,20,34,-1,-1,-1,-1
546,17,709,289,20,35,-1,-1,-1,-1
547,17,709,289,20,34,-1,-1,-1,-1
548,17,708,291,18,34,-1,-1,-1,-1
549,17,707,289,21,36,-1,-1,-1,-1
550,17,707,289,20,36,-1,-1,-1,-1
551,17,706,288,21,36,-1,-1,-1,-1
552,17,707,290,18,34,-1,-1,-1,-1
553,17,706,290,20,35,-1,-1,-1,-1
554,17,705,290,21,35,-1,-1,-1,-1
555,17,704,289,21,36,-1,-1,-1,-1
556,17,703,289,22,36,-1,-1,-1,-1
557,17,701,289,24,36,-1,-1,-1,-1
558,17,701,289,22,35,-1,-1,-1,-1
559,17,700,289,22,35,-1,-1,-1,-1
560,17,700,288,21,35,-1,-1,-1,-1
561,17,699,288,22,36,-1,-1,-1,-1
562,17,699,289,22,36,-1,-1,-1,-1
563,17,699,289,21,35,-1,-1,-1,-1
564,17,698,289,22,35,-1,-1,-1,-1
565,17,699,289,21,34,-1,-1,-1,-1
566,17,698,289,21,35,-1,-1,-1,-1
567,17,698,290,21,35,-1,-1,-1,-1
568,17,698,290,20,34,-1,-1,-1,-1
569,17,697,290,20,35,-1,-1,-1,-1
570,17,695,289,21,35,-1,-1,-1,-1
571,17,693,288,21,35,-1,-1,-1,-1
572,17,693,289,21,34,-1,-1,-1,-1
573,17,693,289,21,35,-1,-1,-1,-1
574,17,693,289,20,35,-1,-1,-1,-1
575,17,692,289,21,34,-1,-1,-1,-1
576,17,691,288,22,35,-1,-1,-1,-1
577,17,691,289,21,36,-1,-1,-1,-1
578,17,691,289,20,36,-1,-1,-1,-1
579,17,691,290,19,34,-1,-1,-1,-1
580,17,691,290,18,33,-1,-1,-1,-1
581,17,691,289,18,34,-1,-1,-1,-1
582,17,691,291,18,32,-1,-1,-1,-1
583,17,690,290,19,34,-1,-1,-1,-1
584,17,688,289,21,35,-1,-1,-1,-1
585,17,688,289,20,35,-1,-1,-1,-1
586,17,686,289,23,36,-1,-1,-1,-1
587,17,685,289,22,35,-1,-1,-1,-1
588,17,684,289,22,34,-1,-1,-1,-1
589,17,684,289,22,34,-1,-1,-1,-1
590,17,683,288,22,36,-1,-1,-1,-1
591,17,684,289,21,35,-1,-1,-1,-1
592,17,683,289,21,36,-1,-1,-1,-1
593,17,683,289,21,35,-1,-1,-1,-1
594,17,682,289,22,35,-1,-1,-1,-1
595,17,682,289,22,34,-1,-1,-1,-1
596,17,682,289,21,34,-1,-1,-1,-1
597,17,681,289,21,35,-1,-1,-1,-1
598,17,680,288,21,36,-1,-1,-1,-1
599,17,678,287,22,36,-1,-1,-1,-1
600,17,678,287,22,36,-1,-1,-1,-1
601,17,677,287,22,36,-1,-1,-1,-1
602,17,677,288,21,37,-1,-1,-1,-1
603,17,677,289,20,36,-1,-1,-1,-1
604,17,677,289,20,36,-1,-1,-1,-1
605,17,675,288,21,38,-1,-1,-1,-1
606,17,676,288,19,37,-1,-1,-1,-1
607,17,676,288,19,36,-1,-1,-1,-1
608,17,675,289,19,35,-1,-1,-1,-1
609,17,674,288,21,36,-1,-1,-1,-1
610,17,674,288,20,36,-1,-1,-1,-1
611,17,673,288,20,36,-1,-1,-1,-1
612,17,672,289,21,35,-1,-1,-1,-1
613,17,671,288,22,37,-1,-1,-1,-1
614,17,670,288,22,36,-1,-1,-1,-1
615,17,670,288,21,36,-1,-1,-1,-1
616,17,669,288,23,36,-1,-1,-1,-1
617,17,669,288,22,36,-1,-1,-1,-1
618,17,669,289,20,34,-1,-1,-1,-1
619,17,668,288,21,36,-1,-1,-1,-1
620,17,668,289,20,35,-1,-1,-1,-1
621,17,667,289,21,35,-1,-1,-1,-1
622,17,667,290,21,33,-1,-1,-1,-1
623,17,667,290,20,33,-1,-1,-1,-1
624,17,666,289,21,34,-1,-1,-1,-1
625,17,665,289,20,34,-1,-1,-1,-1
626,17,663,287,21,36,-1,-1,-1,-1
627,17,663,288,21,35,-1,-1,-1,-1
628,17,662,289,22,36,-1,-1,-1,-1
629,17,662,289,21,36,-1,-1,-1,-1
630,17,661,288,21,38,-1,-1,-1,-1
631,17,661,288,21,38,-1,-1,-1,-1
632,17,660,289,21,38,-1,-1,-1,-1
633,17,660,289,20,39,-1,-1,-1,-1
634,17,660,289,19,37,-1,-1,-1,-1
635,17,660,290,19,37,-1,-1,-1,-1
636,17,659,290,19,37,-1,-1,-1,-1
637,17,659,290,18,37,-1,-1,-1,-1
638,17,658,289,20,37,-1,-1,-1,-1
639,17,657,288,19,38,-1,-1,-1,-1
640,17,656,288,20,37,-1,-1,-1,-1
641,17,655,288,21,38,-1,-1,-1,-1
642,17,654,288,22,38,-1,-1,-1,-1
643,17,654,288,21,37,-1,-1,-1,-1
644,17,654,289,21,36,-1,-1,-1,-1
645,17,653,289,22,38,-1,-1,-1,-1
646,17,653,288,20,39,-1,-1,-1,-1
647,17,652,289,21,37,-1,-1,-1,-1
648,17,652,289,19,38,-1,-1,-1,-1
649,17,652,289,20,38,-1,-1,-1,-1
650,17,652,290,20,36,-1,-1,-1,-1
651,17,651,290,21,36,-1,-1,-1,-1
652,17,650,290,20,36,-1,-1,-1,-1
653,17,649,290,20,37,-1,-1,-1,-1
654,17,647,288,21,37,-1,-1,-1,-1
655,17,648,289,21,37,-1,-1,-1,-1
656,17,647,289,20,36,-1,-1,-1,-1
657,17,647,289,20,36,-1,-1,-1,-1
658,17,646,288,21,36,-1,-1,-1,-1
659,17,646,289,20,36,-1,-1,-1,-1
660,17,646,290,19,35,-1,-1,-1,-1
661,17,646,290,19,34,-1,-1,-1,-1
662,17,646,290,17,33,-1,-1,-1,-1
663,17,645,289,18,34,-1,-1,-1,-1
664,17,645,290,17,33,-1,-1,-1,-1
665,17,644,290,18,33,-1,-1,-1,-1
666,17,643,290,18,33,-1,-1,-1,-1
667,17,643,290,18,34,-1,-1,-1,-1
668,17,642,290,19,34,-1,-1,-1,-1
669,17,641,289,19,35,-1,-1,-1,-1
670,17,640,289,19,35,-1,-1,-1,-1
671,17,639,289,20,36,-1,-1,-1,-1
672,17,639,289,20,37,-1,-1,-1,-1
673,17,639,289,19,37,-1,-1,-1,-1
674,17,639,290,18,35,-1,-1,-1,-1
675,17,639,290,17,35,-1,-1,-1,-1
676,17,638,291,17,34,-1,-1,-1,-1
677,17,638,290,17,35,-1,-1,-1,-1
678,17,637,291,18,34,-1,-1,-1,-1
679,17,637,291,18,34,-1,-1,-1,-1
680,17,636,291,19,34,-1,-1,-1,-1
681,17,635,290,20,36,-1,-1,-1,-1
682,17,633,290,21,35,-1,-1,-1,-1
683,17,632,289,21,36,-1,-1,-1,-1
684,17,632,289,20,36,-1,-1,-1,-1
685,17,632,290,20,35,-1,-1,-1,-1
686,17,631,290,20,35,-1,-1,-1,-1
687,17,630,289,21,36,-1,-1,-1,-1
688,17,631,289,20,36,-1,-1,-1,-1
689,17,631,290,19,34,-1,-1,-1,-1
690,17,631,291,17,33,-1,-1,-1,-1
691,17,630,292,18,33,-1,-1,-1,-1
692,17,629,291,19,34,-1,-1,-1,-1
693,17,629,291,18,33,-1,-1,-1,-1
694,17,628,291,18,33,-1,-1,-1,-1
695,17,626,291,20,33,-1,-1,-1,-1
696,17,626,290,19,35,-1,-1,-1,-1
697,17,625,290,18,35,-1,-1,-1,-1
698,17,625,292,18,32,-1,-1,-1,-1
699,17,625,291,17,35,-1,-1,-1,-1
700,17,624,291,17,34,-1,-1,-1,-1
701,17,624,291,16,35,-1,-1,-1,-1
702,17,624,292,16,33,-1,-1,-1,-1
703,17,623,292,17,33,-1,-1,-1,-1
704,17,623,292,17,33,-1,-1,-1,-1
705,17,622,291,18,34,-1,-1,-1,-1
706,17,622,291,18,34,-1,-1,-1,-1
707,17,621,291,19,34,-1,-1,-1,-1
708,17,621,292,18,34,-1,-1,-1,-1
709,17,619,290,20,35,-1,-1,-1,-1
710,17,617,290,21,35,-1,-1,-1,-1
711,17,617,291,21,34,-1,-1,-1,-1
712,17,618,291,18,35,-1,-1,-1,-1
713,17,617,291,19,35,-1,-1,-1,-1
714,17,617,291,19,35,-1,-1,-1,-1
715,17,617,291,18,35,-1,-1,-1,-1
716,17,616,291,18,35,-1,-1,-1,-1
717,17,616,291,18,35,-1,-1,-1,-1
718,17,616,292,17,33,-1,-1,-1,-1
719,17,614,292,18,34,-1,-1,-1,-1
720,17,614,292,17,34,-1,-1,-1,-1
721,17,611,291,20,34,-1,-1,-1,-1
722,17,610,291,20,35,-1,-1,-1,-1
723,17,610,291,18,35,-1,-1,-1,-1
724,17,609,291,18,35,-1,-1,-1,-1
725,17,608,291,18,34,-1,-1,-1,-1
726,17,608,291,17,34,-1,-1,-1,-1
727,17,608,292,16,33,-1,-1,-1,-1
728,17,607,292,17,34,-1,-1,-1,-1
729,17,607,292,17,33,-1,-1,-1,-1
730,17,606,292,18,34,-1,-1,-1,-1
731,17,606,293,18,33,-1,-1,-1,-1
732,17,606,293,18,33,-1,-1,-1,-1
733,17,606,293,18,33,-1,-1,-1,-1
734,17,605,292,18,34,-1,-1,-1,-1
735,17,604,292,19,34,-1,-1,-1,-1
736,17,604,292,17,34,-1,-1,-1,-1
737,17,603,292,18,33,-1,-1,-1,-1
738,17,603,291,17,34,-1,-1,-1,-1
739,17,602,292,18,34,-1,-1,-1,-1
740,17,601,290,19,36,-1,-1,-1,-1
741,17,602,291,17,35,-1,-1,-1,-1
742,17,601,292,17,34,-1,-1,-1,-1
743,17,601,292,18,35,-1,-1,-1,-1
744,17,600,292,18,35,-1,-1,-1,-1
745,17,601,292,16,35,-1,-1,-1,-1
746,17,600,292,17,34,-1,-1,-1,-1
747,17,599,293,17,33,-1,-1,-1,-1
748,17,599,292,17,34,-1,-1,-1,-1
749,17,596,290,20,37,-1,-1,-1,-1
750,17,595,290,20,37,-1,-1,-1,-1
751,17,594,291,20,35,-1,-1,-1,-1
752,17,594,292,18,35,-1,-1,-1,-1
753,17,593,292,17,35,-1,-1,-1,-1
754,17,593,292,17,33,-1,-1,-1,-1
755,17,592,292,17,35,-1,-1,-1,-1
756,17,592,292,17,33,-1,-1,-1,-1
757,17,592,293,17,33,-1,-1,-1,-1
758,17,591,293,18,34,-1,-1,-1,-1
759,17,590,293,19,35,-1,-1,-1,-1
760,17,590,293,19,34,-1,-1,-1,-1
761,17,590,292,18,36,-1,-1,-1,-1
762,17,589,293,19,35,-1,-1,-1,-1
763,17,589,293,18,34,-1,-1,-1,-1
764,17,588,293,19,34,-1,-1,-1,-1
765,17,588,292,18,35,-1,-1,-1,-1
766,17,588,293,17,34,-1,-1,-1,-1
767,17,587,293,18,34,-1,-1,-1,-1
768,17,587,292,18,35,-1,-1,-1,-1
769,17,587,294,17,34,-1,-1,-1,-1
770,17,587,293,16,34,-1,-1,-1,-1
771,17,586,293,17,35,-1,-1,-1,-1
772,17,585,294,18,34,-1,-1,-1,-1
773,17,585,293,18,35,-1,-1,-1,-1
774,17,585,294,17,34,-1,-1,-1,-1
775,17,585,294,17,34,-1,-1,-1,-1
776,17,584,294,18,34,-1,-1,-1,-1
777,17,584,295,17,33,-1,-1,-1,-1
778,17,584,295,17,34,-1,-1,-1,-1
779,17,583,294,18,35,-1,-1,-1,-1
780,17,581,294,18,35,-1,-1,-1,-1
781,17,580,294,18,35,-1,-1,-1,-1
782,17,579,293,19,36,-1,-1,-1,-1
783,17,578,293,17,35,-1,-1,-1,-1
784,17,578,293,16,34,-1,-1,-1,-1
785,17,577,292,17,36,-1,-1,-1,-1
786,17,576,292,18,36,-1,-1,-1,-1
787,17,576,292,18,37,-1,-1,-1,-1
788,17,575,292,19,36,-1,-1,-1,-1
789,17,575,292,19,37,-1,-1,-1,-1
790,17,574,293,19,36,-1,-1,-1,-1
791,17,574,293,18,36,-1,-1,-1,-1
792,17,573,293,19,37,-1,-1,-1,-1
793,17,573,293,19,37,-1,-1,-1,-1
794,17,572,293,20,37,-1,-1,-1,-1
795,17,572,294,20,36,-1,-1,-1,-1
796,17,572,293,19,36,-1,-1,-1,-1
797,17,572,294,18,35,-1,-1,-1,-1
798,17,571,293,18,35,-1,-1,-1,-1
799,17,571,293,17,35,-1,-1,-1,-1
800,17,570,292,18,36,-1,-1,-1,-1
801,17,570,294,18,34,-1,-1,-1,-1
802,17,570,294,17,34,-1,-1,-1,-1
803,17,570,294,17,34,-1,-1,-1,-1
804,17,570,295,17,33,-1,-1,-1,-1
805,17,569,295,18,34,-1,-1,-1,-1
806,17,569,295,17,34,-1,-1,-1,-1
807,17,567,295,19,34,-1,-1,-1,-1
808,17,566,294,20,36,-1,-1,-1,-1
809,17,565,295,19,34,-1,-1,-1,-1
810,17,563,294,20,35,-1,-1,-1,-1
811,17,560,293,23,37,-1,-1,-1,-1
812,17,560,293,21,37,-1,-1,-1,-1
813,17,560,293,20,36,-1,-1,-1,-1
814,17,561,294,18,34,-1,-1,-1,-1
815,17,560,292,19,37,-1,-1,-1,-1
816,17,558,291,22,38,-1,-1,-1,-1
817,17,557,291,22,39,-1,-1,-1,-1
818,17,557,293,21,36,-1,-1,-1,-1
819,17,557,293,20,36,-1,-1,-1,-1
820,17,557,294,20,36,-1,-1,-1,-1
821,17,557,293,20,37,-1,-1,-1,-1
822,17,556,293,21,37,-1,-1,-1,-1
823,17,556,294,20,36,-1,-1,-1,-1
824,17,556,294,19,36,-1,-1,-1,-1
825,17,556,294,19,36,-1,-1,-1,-1
826,17,556,296,18,33,-1,-1,-1,-1
827,17,556,296,18,34,-1,-1,-1,-1
828,17,556,296,17,34,-1,-1,-1,-1
829,17,556,297,17,31,-1,-1,-1,-1
830,17,555,297,17,31,-1,-1,-1,-1
831,17,554,295,18,34,-1,-1,-1,-1
832,17,553,295,18,34,-1,-1,-1,-1
833,17,553,296,17,33,-1,-1,-1,-1
834,17,552,297,17,32,-1,-1,-1,-1
835,17,551,296,16,33,-1,-1,-1,-1
836,17,549,296,18,33,-1,-1,-1,-1
837,17,548,296,19,34,-1,-1,-1,-1
838,17,547,296,19,33,-1,-1,-1,-1
839,17,546,296,19,34,-1,-1,-1,-1
840,17,545,297,19,32,-1,-1,-1,-1
841,17,544,297,20,33,-1,-1,-1,-1
842,17,544,297,19,32,-1,-1,-1,-1
843,17,543,298,19,32,-1,-1,-1,-1
844,17,542,296,20,34,-1,-1,-1,-1
845,17,542,297,20,33,-1,-1,-1,-1
846,17,541,297,20,33,-1,-1,-1,-1
847,17,541,296,20,34,-1,-1,-1,-1
848,17,541,297,18,32,-1,-1,-1,-1
849,17,541,296,18,33,-1,-1,-1,-1
850,17,540,296,19,34,-1,-1,-1,-1
851,17,540,297,18,33,-1,-1,-1,-1
852,17,540,297,18,32,-1,-1,-1,-1
853,17,540,297,17,32,-1,-1,-1,-1
854,17,539,297,17,33,-1,-1,-1,-1
855,17,538,298,18,32,-1,-1,-1,-1
856,17,537,298,18,32,-1,-1,-1,-1
857,17,536,298,18,32,-1,-1,-1,-1
858,17,535,298,19,32,-1,-1,-1,-1
859,17,532,297,22,34,-1,-1,-1,-1
860,17,531,298,22,33,-1,-1,-1,-1
861,17,530,298,21,33,-1,-1,-1,-1
862,17,530,298,20,32,-1,-1,-1,-1
863,17,530,297,20,33,-1,-1,-1,-1
864,17,529,296,19,33,-1,-1,-1,-1
865,17,528,296,20,33,-1,-1,-1,-1
866,17,527,296,21,34,-1,-1,-1,-1
867,17,527,296,20,33,-1,-1,-1,-1
868,17,527,297,19,32,-1,-1,-1,-1
869,17,526,295,20,35,-1,-1,-1,-1
870,17,526,296,19,34,-1,-1,-1,-1
871,17,525,296,19,34,-1,-1,-1,-1
872,17,525,296,18,33,-1,-1,-1,-1
873,17,524,297,19,33,-1,-1,-1,-1
874,17,524,298,18,31,-1,-1,-1,-1
875,17,524,298,16,31,-1,-1,-1,-1
876,17,523,297,17,32,-1,-1,-1,-1
877,17,523,298,16,31,-1,-1,-1,-1
878,17,522,297,17,33,-1,-1,-1,-1
879,17,520,298,17,32,-1,-1,-1,-1
880,17,519,297,17,33,-1,-1,-1,-1
881,17,517,297,18,34,-1,-1,-1,-1
882,17,516,297,19,34,-1,-1,-1,-1
883,17,515,296,19,34,-1,-1,-1,-1
884,17,513,295,21,36,-1,-1,-1,-1
885,17,513,296,20,35,-1,-1,-1,-1
886,17,513,295,20,36,-1,-1,-1,-1
887,17,511,293,22,39,-1,-1,-1,-1
888,17,511,294,21,38,-1,-1,-1,-1
889,17,511,296,21,36,-1,-1,-1,-1
890,17,511,296,19,35,-1,-1,-1,-1
891,17,510,296,20,35,-1,-1,-1,-1
892,17,510,296,19,34,-1,-1,-1,-1
893,17,510,295,19,35,-1,-1,-1,-1
894,17,509,296,19,34,-1,-1,-1,-1
895,17,509,296,18,34,-1,-1,-1,-1
896,17,509,296,18,34,-1,-1,-1,-1
897,17,507,296,18,34,-1,-1,-1,-1
898,17,507,296,19,35,-1,-1,-1,-1
899,17,506,296,18,34,-1,-1,-1,-1
900,17,505,296,19,35,-1,-1,-1,-1
901,17,504,296,20,35,-1,-1,-1,-1
902,17,503,296,19,34,-1,-1,-1,-1
903,17,500,296,21,35,-1,-1,-1,-1
904,17,498,297,22,35,-1,-1,-1,-1
905,17,498,296,21,35,-1,-1,-1,-1
906,17,497,295,22,37,-1,-1,-1,-1
907,17,496,293,22,39,-1,-1,-1,-1
908,17,495,292,22,40,-1,-1,-1,-1
909,17,495,291,23,41,-1,-1,-1,-1
910,17,495,292,22,39,-1,-1,-1,-1
911,17,495,293,21,38,-1,-1,-1,-1
912,17,495,292,21,38,-1,-1,-1,-1
913,17,495,292,20,38,-1,-1,-1,-1
914,17,495,292,19,38,-1,-1,-1,-1
915,17,494,292,20,37,-1,-1,-1,-1
916,17,494,292,20,38,-1,-1,-1,-1
917,17,494,293,19,36,-1,-1,-1,-1
918,17,492,293,20,37,-1,-1,-1,-1
919,17,493,294,19,35,-1,-1,-1,-1
920,17,491,293,19,36,-1,-1,-1,-1
921,17,487,292,22,38,-1,-1,-1,-1
922,17,488,293,20,37,-1,-1,-1,-1
923,17,486,292,21,37,-1,-1,-1,-1
924,17,483,291,24,39,-1,-1,-1,-1
925,17,483,290,23,41,-1,-1,-1,-1
926,17,482,290,23,41,-1,-1,-1,-1
927,17,482,290,23,40,-1,-1,-1,-1
928,17,480,288,25,44,-1,-1,-1,-1
929,17,482,289,22,41,-1,-1,-1,-1
930,17,481,289,23,42,-1,-1,-1,-1
931,17,480,288,24,44,-1,-1,-1,-1
932,17,480,288,24,45,-1,-1,-1,-1
933,17,480,289,23,43,-1,-1,-1,-1
934,17,480,289,23,42,-1,-1,-1,-1
935,17,479,290,23,42,-1,-1,-1,-1
936,17,478,291,23,40,-1,-1,-1,-1
937,17,478,291,22,40,-1,-1,-1,-1
938,17,477,292,21,38,-1,-1,-1,-1
939,17,477,294,20,37,-1,-1,-1,-1
940,17,477,294,19,36,-1,-1,-1,-1
941,17,477,295,18,34,-1,-1,-1,-1
942,17,476,294,20,36,-1,-1,-1,-1
943,17,475,294,20,37,-1,-1,-1,-1
944,17,473,293,22,39,-1,-1,-1,-1
945,17,472,292,23,39,-1,-1,-1,-1
946,17,470,292,24,40,-1,-1,-1,-1
947,17,468,291,25,41,-1,-1,-1,-1
948,17,466,290,25,43,-1,-1,-1,-1
949,17,466,291,24,41,-1,-1,-1,-1
950,17,466,291,24,42,-1,-1,-1,-1
951,17,465,290,25,43,-1,-1,-1,-1
952,17,465,290,24,43,-1,-1,-1,-1
953,17,465,291,23,42,-1,-1,-1,-1
954,17,465,293,21,39,-1,-1,-1,-1
683,15,1202,360,16,34,-1,-1,-1,-1
684,15,1202,360,16,34,-1,-1,-1,-1
685,15,1203,359,15,34,-1,-1,-1,-1
686,15,1202,359,15,34,-1,-1,-1,-1
687,15,1203,359,14,33,-1,-1,-1,-1
688,15,1203,359,14,32,-1,-1,-1,-1
689,15,1203,359,15,33,-1,-1,-1,-1
690,15,1202,359,15,33,-1,-1,-1,-1
691,15,1203,359,14,33,-1,-1,-1,-1
692,15,1203,360,14,32,-1,-1,-1,-1
693,15,1202,360,16,34,-1,-1,-1,-1
694,15,1202,360,16,33,-1,-1,-1,-1
695,15,1201,361,16,32,-1,-1,-1,-1
696,15,1202,361,15,33,-1,-1,-1,-1
697,15,1201,360,15,33,-1,-1,-1,-1
698,15,1201,360,14,32,-1,-1,-1,-1
699,15,1201,360,15,32,-1,-1,-1,-1
700,15,1200,360,15,32,-1,-1,-1,-1
701,15,1200,361,15,31,-1,-1,-1,-1
702,15,1200,360,15,33,-1,-1,-1,-1
703,15,1200,360,15,34,-1,-1,-1,-1
704,15,1199,361,15,32,-1,-1,-1,-1
705,15,1200,361,15,33,-1,-1,-1,-1
706,15,1199,361,15,32,-1,-1,-1,-1
707,15,1200,360,15,34,-1,-1,-1,-1
708,15,1199,361,16,33,-1,-1,-1,-1
709,15,1199,361,16,33,-1,-1,-1,-1
710,15,1200,360,16,34,-1,-1,-1,-1
711,15,1200,361,16,33,-1,-1,-1,-1
712,15,1199,361,16,33,-1,-1,-1,-1
713,15,1200,362,16,34,-1,-1,-1,-1
714,15,1199,362,16,33,-1,-1,-1,-1
715,15,1200,361,16,35,-1,-1,-1,-1
716,15,1199,362,16,33,-1,-1,-1,-1
717,15,1199,362,16,33,-1,-1,-1,-1
718,15,1199,361,15,32,-1,-1,-1,-1
719,15,1199,361,16,33,-1,-1,-1,-1
720,15,1199,361,15,32,-1,-1,-1,-1
721,15,1199,362,15,32,-1,-1,-1,-1
722,15,1199,362,16,32,-1,-1,-1,-1
723,15,1198,362,16,32,-1,-1,-1,-1
724,15,1198,362,15,33,-1,-1,-1,-1
725,15,1198,362,15,33,-1,-1,-1,-1
726,15,1198,362,15,33,-1,-1,-1,-1
727,15,1198,362,15,33,-1,-1,-1,-1
728,15,1198,363,15,32,-1,-1,-1,-1
729,15,1198,362,16,33,-1,-1,-1,-1
730,15,1198,362,15,34,-1,-1,-1,-1
731,15,1198,362,15,33,-1,-1,-1,-1
732,15,1198,362,14,33,-1,-1,-1,-1
733,15,1198,362,15,34,-1,-1,-1,-1
734,15,1198,362,15,34,-1,-1,-1,-1
735,15,1197,362,16,35,-1,-1,-1,-1
736,15,1197,362,16,34,-1,-1,-1,-1
737,15,1197,363,15,35,-1,-1,-1,-1
738,15,1197,363,15,35,-1,-1,-1,-1
739,15,1197,363,16,35,-1,-1,-1,-1
740,15,1197,362,16,36,-1,-1,-1,-1
741,15,1197,361,16,37,-1,-1,-1,-1
742,15,1197,360,16,37,-1,-1,-1,-1
743,15,1196,362,16,35,-1,-1,-1,-1
744,15,1196,364,16,35,-1,-1,-1,-1
745,15,1197,364,15,34,-1,-1,-1,-1
746,15,1196,363,16,36,-1,-1,-1,-1
747,15,1195,362,16,37,-1,-1,-1,-1
748,15,1195,362,16,36,-1,-1,-1,-1
749,15,1195,364,15,34,-1,-1,-1,-1
750,15,1194,365,17,35,-1,-1,-1,-1
751,15,1194,365,17,36,-1,-1,-1,-1
752,15,1192,364,19,39,-1,-1,-1,-1
753,15,1193,364,17,37,-1,-1,-1,-1
754,15,1192,365,17,37,-1,-1,-1,-1
755,15,1191,364,18,39,-1,-1,-1,-1
756,15,1191,364,18,39,-1,-1,-1,-1
757,15,1190,364,19,38,-1,-1,-1,-1
758,15,1191,363,17,37,-1,-1,-1,-1
759,15,1190,364,19,40,-1,-1,-1,-1
760,15,1190,363,18,40,-1,-1,-1,-1
761,15,1190,363,18,39,-1,-1,-1,-1
762,15,1190,364,18,40,-1,-1,-1,-1
763,15,1190,364,19,39,-1,-1,-1,-1
764,15,1191,365,17,37,-1,-1,-1,-1
765,15,1191,365,17,36,-1,-1,-1,-1
766,15,1191,365,17,36,-1,-1,-1,-1
767,15,1191,365,17,36,-1,-1,-1,-1
768,15,1191,365,17,37,-1,-1,-1,-1
769,15,1191,366,16,35,-1,-1,-1,-1
770,15,1191,365,15,35,-1,-1,-1,-1
771,15,1189,364,17,36,-1,-1,-1,-1
772,15,1189,363,17,38,-1,-1,-1,-1
773,15,1189,365,16,35,-1,-1,-1,-1
774,15,1189,364,17,36,-1,-1,-1,-1
775,15,1189,364,17,37,-1,-1,-1,-1
776,15,1189,364,16,36,-1,-1,-1,-1
777,15,1189,364,17,36,-1,-1,-1,-1
778,15,1189,365,17,36,-1,-1,-1,-1
779,15,1188,363,17,37,-1,-1,-1,-1
780,15,1188,365,16,33,-1,-1,-1,-1
781,15,1188,364,16,34,-1,-1,-1,-1
782,15,1188,364,16,34,-1,-1,-1,-1
783,15,1188,364,15,34,-1,-1,-1,-1
784,15,1187,364,16,34,-1,-1,-1,-1
785,15,1187,364,16,35,-1,-1,-1,-1
786,15,1186,364,17,36,-1,-1,-1,-1
787,15,1185,365,17,36,-1,-1,-1,-1
788,15,1185,364,18,38,-1,-1,-1,-1
789,15,1185,365,18,37,-1,-1,-1,-1
790,15,1184,365,18,37,-1,-1,-1,-1
791,15,1184,365,19,37,-1,-1,-1,-1
792,15,1184,365,18,38,-1,-1,-1,-1
793,15,1184,365,18,37,-1,-1,-1,-1
794,15,1183,365,19,37,-1,-1,-1,-1
795,15,1183,367,18,36,-1,-1,-1,-1
796,15,1183,367,17,37,-1,-1,-1,-1
797,15,1182,367,18,38,-1,-1,-1,-1
798,15,1182,369,18,37,-1,-1,-1,-1
799,15,1183,368,17,37,-1,-1,-1,-1
800,15,1182,369,18,35,-1,-1,-1,-1
801,15,1182,368,18,37,-1,-1,-1,-1
802,15,1182,367,18,37,-1,-1,-1,-1
803,15,1181,368,20,37,-1,-1,-1,-1
804,15,1182,367,18,36,-1,-1,-1,-1
805,15,1181,366,19,37,-1,-1,-1,-1
806,15,1181,366,19,37,-1,-1,-1,-1
807,15,1181,366,19,36,-1,-1,-1,-1
808,15,1181,367,19,36,-1,-1,-1,-1
809,15,1181,366,18,36,-1,-1,-1,-1
810,15,1181,367,17,35,-1,-1,-1,-1
811,15,1180,367,18,36,-1,-1,-1,-1
812,15,1180,367,18,36,-1,-1,-1,-1
813,15,1179,366,19,39,-1,-1,-1,-1
814,15,1180,367,18,37,-1,-1,-1,-1
815,15,1180,367,18,35,-1,-1,-1,-1
816,15,1180,367,17,35,-1,-1,-1,-1
817,15,1179,366,18,37,-1,-1,-1,-1
818,15,1179,366,17,37,-1,-1,-1,-1
819,15,1179,366,17,37,-1,-1,-1,-1
820,15,1179,366,17,37,-1,-1,-1,-1
821,15,1178,366,18,39,-1,-1,-1,-1
822,15,1178,366,17,39,-1,-1,-1,-1
823,15,1178,366,17,38,-1,-1,-1,-1
824,15,1177,366,18,39,-1,-1,-1,-1
825,15,1177,366,18,40,-1,-1,-1,-1
826,15,1177,366,19,40,-1,-1,-1,-1
827,15,1176,366,19,40,-1,-1,-1,-1
828,15,1176,366,18,40,-1,-1,-1,-1
829,15,1176,367,19,38,-1,-1,-1,-1
830,15,1175,365,20,42,-1,-1,-1,-1
831,15,1175,365,20,42,-1,-1,-1,-1
832,15,1175,366,19,40,-1,-1,-1,-1
833,15,1175,366,20,41,-1,-1,-1,-1
834,15,1174,366,21,42,-1,-1,-1,-1
835,15,1174,366,21,42,-1,-1,-1,-1
836,15,1174,367,20,41,-1,-1,-1,-1
837,15,1173,366,21,42,-1,-1,-1,-1
838,15,1173,366,21,42,-1,-1,-1,-1
839,15,1173,366,21,42,-1,-1,-1,-1
840,15,1173,366,21,42,-1,-1,-1,-1
841,15,1173,367,20,40,-1,-1,-1,-1
842,15,1173,368,19,39,-1,-1,-1,-1
843,15,1173,367,19,41,-1,-1,-1,-1
844,15,1172,367,20,41,-1,-1,-1,-1
845,15,1172,367,20,42,-1,-1,-1,-1
846,15,1172,367,20,42,-1,-1,-1,-1
847,15,1172,367,20,41,-1,-1,-1,-1
848,15,1172,368,20,39,-1,-1,-1,-1
849,15,1173,370,18,36,-1,-1,-1,-1
850,15,1172,369,19,38,-1,-1,-1,-1
851,15,1172,368,19,39,-1,-1,-1,-1
852,15,1172,369,19,38,-1,-1,-1,-1
853,15,1172,369,19,38,-1,-1,-1,-1
854,15,1172,369,19,38,-1,-1,-1,-1
855,15,1172,370,18,37,-1,-1,-1,-1
856,15,1172,370,19,37,-1,-1,-1,-1
857,15,1172,370,18,36,-1,-1,-1,-1
858,15,1171,369,19,37,-1,-1,-1,-1
859,15,1171,369,19,37,-1,-1,-1,-1
860,15,1171,369,18,36,-1,-1,-1,-1
861,15,1171,369,18,36,-1,-1,-1,-1
862,15,1171,371,17,34,-1,-1,-1,-1
863,15,1171,371,17,34,-1,-1,-1,-1
864,15,1171,372,17,34,-1,-1,-1,-1
865,15,1171,372,17,34,-1,-1,-1,-1
866,15,1171,372,16,34,-1,-1,-1,-1
867,15,1170,373,16,33,-1,-1,-1,-1
868,15,1170,373,16,33,-1,-1,-1,-1
869,15,1170,374,16,33,-1,-1,-1,-1
870,15,1169,373,17,34,-1,-1,-1,-1
871,15,1169,373,16,34,-1,-1,-1,-1
872,15,1169,373,16,34,-1,-1,-1,-1
873,15,1168,373,17,34,-1,-1,-1,-1
874,15,1168,373,15,34,-1,-1,-1,-1
875,15,1168,374,15,33,-1,-1,-1,-1
876,15,1168,373,15,35,-1,-1,-1,-1
877,15,1168,374,15,34,-1,-1,-1,-1
878,15,1168,375,15,34,-1,-1,-1,-1
879,15,1167,375,16,34,-1,-1,-1,-1
880,15,1167,374,15,35,-1,-1,-1,-1
881,15,1167,374,15,35,-1,-1,-1,-1
882,15,1167,373,15,36,-1,-1,-1,-1
883,15,1167,374,15,35,-1,-1,-1,-1
884,15,1166,374,16,36,-1,-1,-1,-1
885,15,1166,374,15,36,-1,-1,-1,-1
886,15,1166,375,14,35,-1,-1,-1,-1
887,15,1164,374,16,36,-1,-1,-1,-1
888,15,1164,373,16,37,-1,-1,-1,-1
889,15,1163,374,17,36,-1,-1,-1,-1
890,15,1163,374,17,36,-1,-1,-1,-1
891,15,1162,374,18,37,-1,-1,-1,-1
892,15,1163,374,16,37,-1,-1,-1,-1
893,15,1162,373,18,38,-1,-1,-1,-1
894,15,1162,374,17,37,-1,-1,-1,-1
895,15,1161,373,19,38,-1,-1,-1,-1
896,15,1161,373,18,38,-1,-1,-1,-1
897,15,1160,372,19,39,-1,-1,-1,-1
898,15,1161,372,18,38,-1,-1,-1,-1
899,15,1160,372,20,38,-1,-1,-1,-1
900,15,1160,372,19,38,-1,-1,-1,-1
901,15,1160,372,19,38,-1,-1,-1,-1
902,15,1160,372,19,38,-1,-1,-1,-1
903,15,1160,372,19,38,-1,-1,-1,-1
904,15,1159,372,20,39,-1,-1,-1,-1
905,15,1159,372,20,40,-1,-1,-1,-1
906,15,1159,372,20,40,-1,-1,-1,-1
907,15,1158,373,20,39,-1,-1,-1,-1
908,15,1158,373,19,39,-1,-1,-1,-1
909,15,1158,373,19,39,-1,-1,-1,-1
910,15,1158,374,19,38,-1,-1,-1,-1
911,15,1158,375,19,37,-1,-1,-1,-1
912,15,1158,375,19,37,-1,-1,-1,-1
913,15,1158,376,19,36,-1,-1,-1,-1
914,15,1158,375,19,37,-1,-1,-1,-1
915,15,1158,376,19,36,-1,-1,-1,-1
916,15,1158,376,18,36,-1,-1,-1,-1
917,15,1157,376,19,37,-1,-1,-1,-1
918,15,1158,377,18,35,-1,-1,-1,-1
919,15,1159,377,17,35,-1,-1,-1,-1
920,15,1158,378,17,35,-1,-1,-1,-1
921,15,1157,377,18,35,-1,-1,-1,-1
922,15,1158,377,16,34,-1,-1,-1,-1
923,15,1157,377,16,34,-1,-1,-1,-1
924,15,1157,376,16,35,-1,-1,-1,-1
925,15,1156,377,17,34,-1,-1,-1,-1
926,15,1156,377,17,34,-1,-1,-1,-1
927,15,1156,377,17,35,-1,-1,-1,-1
928,15,1156,377,17,36,-1,-1,-1,-1
929,15,1155,377,18,37,-1,-1,-1,-1
930,15,1156,377,16,37,-1,-1,-1,-1
931,15,1156,377,16,36,-1,-1,-1,-1
932,15,1156,377,16,36,-1,-1,-1,-1
933,15,1156,378,16,35,-1,-1,-1,-1
934,15,1155,378,17,36,-1,-1,-1,-1
935,15,1155,378,17,36,-1,-1,-1,-1
936,15,1155,378,17,36,-1,-1,-1,-1
937,15,1154,379,18,35,-1,-1,-1,-1
938,15,1154,379,18,36,-1,-1,-1,-1
939,15,1154,378,17,37,-1,-1,-1,-1
940,15,1153,378,18,36,-1,-1,-1,-1
941,15,1154,378,17,36,-1,-1,-1,-1
942,15,1154,379,17,35,-1,-1,-1,-1
943,15,1153,378,17,35,-1,-1,-1,-1
944,15,1153,379,17,35,-1,-1,-1,-1
945,15,1153,379,17,35,-1,-1,-1,-1
946,15,1153,379,17,35,-1,-1,-1,-1
947,15,1153,379,17,36,-1,-1,-1,-1
948,15,1153,379,17,35,-1,-1,-1,-1
949,15,1152,379,18,35,-1,-1,-1,-1
950,15,1152,379,17,35,-1,-1,-1,-1
951,15,1152,379,16,34,-1,-1,-1,-1
952,15,1151,379,17,34,-1,-1,-1,-1
953,15,1150,378,17,36,-1,-1,-1,-1
954,15,1149,378,18,37,-1,-1,-1,-1
904,19,1125,622,28,49,-1,-1,-1,-1
905,19,1126,621,29,54,-1,-1,-1,-1
906,19,1126,622,36,54,-1,-1,-1,-1
907,19,1127,621,35,53,-1,-1,-1,-1
908,19,1124,623,34,56,-1,-1,-1,-1
909,19,1123,624,33,59,-1,-1,-1,-1
910,19,1124,626,32,56,-1,-1,-1,-1
911,19,1123,627,32,58,-1,-1,-1,-1
912,19,1122,627,32,56,-1,-1,-1,-1
913,19,1123,626,34,59,-1,-1,-1,-1
914,19,1123,627,34,62,-1,-1,-1,-1
915,19,1122,629,28,59,-1,-1,-1,-1
916,19,1121,628,27,57,-1,-1,-1,-1
917,19,1122,629,25,53,-1,-1,-1,-1
918,19,1121,631,24,50,-1,-1,-1,-1
919,19,1121,632,24,50,-1,-1,-1,-1
920,19,1120,631,26,52,-1,-1,-1,-1
921,19,1119,630,27,54,-1,-1,-1,-1
922,19,1119,631,26,54,-1,-1,-1,-1
923,19,1119,629,26,55,-1,-1,-1,-1
924,19,1119,631,25,53,-1,-1,-1,-1
925,19,1118,630,27,57,-1,-1,-1,-1
926,19,1118,631,27,55,-1,-1,-1,-1
927,19,1117,632,27,57,-1,-1,-1,-1
928,19,1118,630,28,59,-1,-1,-1,-1
929,19,1117,634,29,60,-1,-1,-1,-1
930,19,1119,635,27,59,-1,-1,-1,-1
931,19,1119,636,27,57,-1,-1,-1,-1
932,19,1117,635,30,63,-1,-1,-1,-1
933,19,1116,634,31,62,-1,-1,-1,-1
934,19,1116,636,30,62,-1,-1,-1,-1
935,19,1116,636,30,60,-1,-1,-1,-1
936,19,1115,637,29,60,-1,-1,-1,-1
937,19,1114,636,29,62,-1,-1,-1,-1
938,19,1114,636,29,61,-1,-1,-1,-1
939,19,1114,635,29,62,-1,-1,-1,-1
940,19,1112,636,30,61,-1,-1,-1,-1
941,19,1112,637,31,61,-1,-1,-1,-1
942,19,1109,638,33,62,-1,-1,-1,-1
943,19,1110,638,31,61,-1,-1,-1,-1
944,19,1110,638,32,63,-1,-1,-1,-1
945,19,1109,639,31,63,-1,-1,-1,-1
946,19,1108,640,32,66,-1,-1,-1,-1
947,19,1109,639,30,62,-1,-1,-1,-1
948,19,1109,640,29,62,-1,-1,-1,-1
949,19,1107,641,30,62,-1,-1,-1,-1
950,19,1106,641,31,62,-1,-1,-1,-1
951,19,1105,642,31,63,-1,-1,-1,-1
952,19,1105,642,30,60,-1,-1,-1,-1
953,19,1102,644,31,62,-1,-1,-1,-1
954,19,1103,645,30,60,-1,-1,-1,-1
940,20,1263,518,15,59,-1,-1,-1,-1
941,20,1265,516,12,60,-1,-1,-1,-1
942,20,1264,520,14,57,-1,-1,-1,-1
943,20,1264,517,14,59,-1,-1,-1,-1
944,20,1265,515,12,62,-1,-1,-1,-1
945,20,1265,517,12,61,-1,-1,-1,-1
946,20,1265,519,12,59,-1,-1,-1,-1
947,20,1265,518,12,61,-1,-1,-1,-1
948,20,1264,520,13,60,-1,-1,-1,-1
949,20,1262,524,15,54,-1,-1,-1,-1
950,20,1262,523,15,61,-1,-1,-1,-1
951,20,1262,524,15,59,-1,-1,-1,-1
952,20,1261,525,16,59,-1,-1,-1,-1
953,20,1261,524,16,60,-1,-1,-1,-1
954,20,1261,524,16,60,-1,-1,-1,-1
