137,0,1263,49,22,48,-1,-1,-1,-1
138,0,1264,48,23,48,-1,-1,-1,-1
139,0,1265,48,24,48,-1,-1,-1,-1
140,0,1265,49,22,48,-1,-1,-1,-1
141,0,1262,48,27,46,-1,-1,-1,-1
142,0,1261,47,28,49,-1,-1,-1,-1
143,0,1264,49,24,49,-1,-1,-1,-1
144,0,1265,49,22,49,-1,-1,-1,-1
153,1,1261,51,22,48,-1,-1,-1,-1
154,1,1261,52,22,47,-1,-1,-1,-1
155,1,1261,51,22,48,-1,-1,-1,-1
156,1,1262,50,23,48,-1,-1,-1,-1
157,1,1265,49,22,48,-1,-1,-1,-1
158,1,1265,50,23,47,-1,-1,-1,-1
159,1,1262,49,23,49,-1,-1,-1,-1
149,2,416,1030,50,47,-1,-1,-1,-1
150,2,415,1016,52,61,-1,-1,-1,-1
151,2,424,1017,48,60,-1,-1,-1,-1
152,2,427,1016,52,63,-1,-1,-1,-1
153,2,428,1016,52,59,-1,-1,-1,-1
154,2,433,1008,54,70,-1,-1,-1,-1
155,2,442,1002,49,72,-1,-1,-1,-1
156,2,441,1005,52,69,-1,-1,-1,-1
157,2,442,1007,55,69,-1,-1,-1,-1
158,2,445,1009,53,67,-1,-1,-1,-1
159,2,443,1014,59,61,-1,-1,-1,-1
160,2,445,1018,61,59,-1,-1,-1,-1
161,2,439,1012,69,65,-1,-1,-1,-1
205,0,1264,51,22,48,-1,-1,-1,-1
206,0,1263,50,22,48,-1,-1,-1,-1
207,0,1262,50,22,49,-1,-1,-1,-1
208,0,1260,50,24,50,-1,-1,-1,-1
209,0,1253,49,26,51,-1,-1,-1,-1
163,4,449,982,83,94,-1,-1,-1,-1
164,4,453,987,84,89,-1,-1,-1,-1
165,4,469,982,70,92,-1,-1,-1,-1
166,4,457,980,93,95,-1,-1,-1,-1
167,4,471,987,79,90,-1,-1,-1,-1
168,4,475,985,86,92,-1,-1,-1,-1
169,4,487,978,76,101,-1,-1,-1,-1
170,4,481,971,87,109,-1,-1,-1,-1
171,4,498,976,77,104,-1,-1,-1,-1
172,4,498,969,87,111,-1,-1,-1,-1
173,4,491,973,99,107,-1,-1,-1,-1
174,4,522,971,71,108,-1,-1,-1,-1
175,4,531,976,75,104,-1,-1,-1,-1
176,4,522,963,90,117,-1,-1,-1,-1
177,4,503,970,117,107,-1,-1,-1,-1
178,4,510,950,117,127,-1,-1,-1,-1
179,4,554,959,77,121,-1,-1,-1,-1
180,4,551,955,89,125,-1,-1,-1,-1
181,4,555,951,90,129,-1,-1,-1,-1
182,4,560,948,87,131,-1,-1,-1,-1
183,4,578,948,80,131,-1,-1,-1,-1
184,4,574,944,90,135,-1,-1,-1,-1
185,4,577,939,94,138,-1,-1,-1,-1
186,4,566,939,113,139,-1,-1,-1,-1
187,4,574,940,107,139,-1,-1,-1,-1
188,4,591,937,91,140,-1,-1,-1,-1
189,4,595,935,99,142,-1,-1,-1,-1
190,4,603,934,92,144,-1,-1,-1,-1
191,4,601,930,99,146,-1,-1,-1,-1
192,4,615,929,99,145,-1,-1,-1,-1
193,4,628,928,77,144,-1,-1,-1,-1
194,4,627,921,93,147,-1,-1,-1,-1
195,4,633,917,87,140,-1,-1,-1,-1
196,4,649,920,78,142,-1,-1,-1,-1
197,4,648,916,82,146,-1,-1,-1,-1
198,4,640,912,108,160,-1,-1,-1,-1
199,4,649,909,99,165,-1,-1,-1,-1
200,4,653,910,108,169,-1,-1,-1,-1
201,4,660,909,109,169,-1,-1,-1,-1
202,4,663,909,105,167,-1,-1,-1,-1
203,4,665,909,110,166,-1,-1,-1,-1
204,4,659,906,128,171,-1,-1,-1,-1
205,4,670,906,125,171,-1,-1,-1,-1
206,4,670,905,124,172,-1,-1,-1,-1
207,4,686,907,118,167,-1,-1,-1,-1
208,4,695,899,109,179,-1,-1,-1,-1
209,4,702,893,109,175,-1,-1,-1,-1
210,4,705,884,102,186,-1,-1,-1,-1
211,4,719,887,99,185,-1,-1,-1,-1
212,4,721,881,106,189,-1,-1,-1,-1
213,4,732,879,97,190,-1,-1,-1,-1
214,4,740,876,90,193,-1,-1,-1,-1
215,4,744,870,89,202,-1,-1,-1,-1
216,4,733,869,113,208,-1,-1,-1,-1
217,4,738,873,109,198,-1,-1,-1,-1
218,4,730,875,118,198,-1,-1,-1,-1
219,4,734,877,120,192,-1,-1,-1,-1
220,4,753,878,107,187,-1,-1,-1,-1
221,4,746,870,117,197,-1,-1,-1,-1
222,4,757,859,115,207,-1,-1,-1,-1
223,4,760,854,113,207,-1,-1,-1,-1
224,4,774,856,107,201,-1,-1,-1,-1
225,4,786,854,108,198,-1,-1,-1,-1
4,5,841,40,33,56,-1,-1,-1,-1
5,5,847,39,30,55,-1,-1,-1,-1
6,5,847,40,32,54,-1,-1,-1,-1
7,5,848,39,30,55,-1,-1,-1,-1
8,5,849,40,30,54,-1,-1,-1,-1
9,5,850,40,31,55,-1,-1,-1,-1
10,5,851,41,30,54,-1,-1,-1,-1
11,5,851,41,31,55,-1,-1,-1,-1
12,5,851,41,33,58,-1,-1,-1,-1
13,5,851,41,33,58,-1,-1,-1,-1
14,5,853,42,29,53,-1,-1,-1,-1
15,5,854,43,29,54,-1,-1,-1,-1
16,5,854,42,30,56,-1,-1,-1,-1
17,5,852,43,30,55,-1,-1,-1,-1
18,5,852,42,32,55,-1,-1,-1,-1
19,5,853,42,33,55,-1,-1,-1,-1
20,5,854,42,32,56,-1,-1,-1,-1
21,5,854,40,34,58,-1,-1,-1,-1
22,5,855,39,33,58,-1,-1,-1,-1
23,5,856,39,32,58,-1,-1,-1,-1
24,5,858,37,35,62,-1,-1,-1,-1
25,5,860,36,34,63,-1,-1,-1,-1
26,5,860,36,35,63,-1,-1,-1,-1
27,5,862,37,34,61,-1,-1,-1,-1
28,5,864,38,32,59,-1,-1,-1,-1
29,5,863,38,33,61,-1,-1,-1,-1
30,5,864,40,33,59,-1,-1,-1,-1
31,5,866,41,33,56,-1,-1,-1,-1
32,5,867,41,34,57,-1,-1,-1,-1
33,5,869,41,32,56,-1,-1,-1,-1
34,5,870,43,32,54,-1,-1,-1,-1
35,5,870,43,33,55,-1,-1,-1,-1
36,5,872,43,32,55,-1,-1,-1,-1
37,5,872,42,33,56,-1,-1,-1,-1
38,5,874,42,33,57,-1,-1,-1,-1
39,5,874,43,33,57,-1,-1,-1,-1
40,5,876,43,33,59,-1,-1,-1,-1
41,5,878,42,34,64,-1,-1,-1,-1
42,5,879,42,32,60,-1,-1,-1,-1
43,5,880,41,32,62,-1,-1,-1,-1
44,5,880,42,32,59,-1,-1,-1,-1
45,5,883,44,31,58,-1,-1,-1,-1
46,5,884,46,30,55,-1,-1,-1,-1
47,5,886,47,29,53,-1,-1,-1,-1
48,5,887,47,29,54,-1,-1,-1,-1
49,5,888,47,28,56,-1,-1,-1,-1
50,5,888,48,29,55,-1,-1,-1,-1
51,5,888,47,32,57,-1,-1,-1,-1
52,5,889,47,32,56,-1,-1,-1,-1
53,5,890,47,31,55,-1,-1,-1,-1
54,5,890,47,32,55,-1,-1,-1,-1
55,5,890,46,32,56,-1,-1,-1,-1
56,5,891,45,32,57,-1,-1,-1,-1
57,5,894,44,32,56,-1,-1,-1,-1
58,5,895,42,34,59,-1,-1,-1,-1
59,5,896,42,34,61,-1,-1,-1,-1
60,5,897,42,34,61,-1,-1,-1,-1
61,5,897,42,35,61,-1,-1,-1,-1
62,5,898,42,33,60,-1,-1,-1,-1
63,5,899,43,33,58,-1,-1,-1,-1
64,5,901,44,32,57,-1,-1,-1,-1
65,5,902,44,32,56,-1,-1,-1,-1
66,5,904,45,31,55,-1,-1,-1,-1
67,5,906,46,32,55,-1,-1,-1,-1
68,5,907,47,32,54,-1,-1,-1,-1
69,5,907,45,33,56,-1,-1,-1,-1
70,5,907,45,32,57,-1,-1,-1,-1
71,5,907,44,32,58,-1,-1,-1,-1
72,5,908,44,32,60,-1,-1,-1,-1
73,5,909,45,31,58,-1,-1,-1,-1
74,5,912,45,29,55,-1,-1,-1,-1
75,5,911,45,31,55,-1,-1,-1,-1
76,5,913,46,32,54,-1,-1,-1,-1
77,5,913,46,33,53,-1,-1,-1,-1
78,5,915,46,32,54,-1,-1,-1,-1
79,5,916,47,32,52,-1,-1,-1,-1
80,5,918,47,32,53,-1,-1,-1,-1
81,5,920,46,33,54,-1,-1,-1,-1
82,5,921,45,33,55,-1,-1,-1,-1
83,5,921,44,34,57,-1,-1,-1,-1
84,5,921,44,34,57,-1,-1,-1,-1
85,5,922,41,33,59,-1,-1,-1,-1
86,5,924,42,33,58,-1,-1,-1,-1
87,5,924,42,33,58,-1,-1,-1,-1
88,5,926,43,31,58,-1,-1,-1,-1
89,5,927,45,31,55,-1,-1,-1,-1
90,5,927,47,32,55,-1,-1,-1,-1
91,5,929,48,31,58,-1,-1,-1,-1
92,5,928,48,33,58,-1,-1,-1,-1
93,5,929,47,32,56,-1,-1,-1,-1
94,5,930,48,33,58,-1,-1,-1,-1
95,5,930,48,34,58,-1,-1,-1,-1
96,5,929,45,36,61,-1,-1,-1,-1
97,5,930,44,35,61,-1,-1,-1,-1
98,5,931,44,34,62,-1,-1,-1,-1
99,5,933,46,34,60,-1,-1,-1,-1
100,5,935,48,33,58,-1,-1,-1,-1
101,5,938,49,32,57,-1,-1,-1,-1
102,5,940,48,33,57,-1,-1,-1,-1
103,5,940,47,33,58,-1,-1,-1,-1
104,5,940,46,33,57,-1,-1,-1,-1
105,5,941,45,33,59,-1,-1,-1,-1
106,5,942,46,32,57,-1,-1,-1,-1
107,5,943,46,32,58,-1,-1,-1,-1
108,5,943,47,33,57,-1,-1,-1,-1
109,5,944,47,32,56,-1,-1,-1,-1
110,5,945,48,32,55,-1,-1,-1,-1
111,5,946,49,32,55,-1,-1,-1,-1
112,5,948,49,31,54,-1,-1,-1,-1
113,5,949,50,30,53,-1,-1,-1,-1
114,5,949,49,32,55,-1,-1,-1,-1
115,5,952,48,31,58,-1,-1,-1,-1
116,5,952,49,31,56,-1,-1,-1,-1
117,5,953,49,31,57,-1,-1,-1,-1
118,5,954,50,29,54,-1,-1,-1,-1
119,5,954,49,30,55,-1,-1,-1,-1
120,5,955,48,31,58,-1,-1,-1,-1
121,5,956,48,31,57,-1,-1,-1,-1
122,5,958,48,30,57,-1,-1,-1,-1
123,5,959,48,30,56,-1,-1,-1,-1
124,5,960,49,30,57,-1,-1,-1,-1
125,5,961,49,31,57,-1,-1,-1,-1
126,5,962,49,31,56,-1,-1,-1,-1
127,5,964,49,31,55,-1,-1,-1,-1
128,5,964,48,32,56,-1,-1,-1,-1
129,5,964,48,33,57,-1,-1,-1,-1
130,5,966,50,32,56,-1,-1,-1,-1
131,5,967,51,31,56,-1,-1,-1,-1
132,5,969,50,30,55,-1,-1,-1,-1
133,5,969,50,31,56,-1,-1,-1,-1
134,5,970,52,30,53,-1,-1,-1,-1
135,5,971,54,30,51,-1,-1,-1,-1
136,5,971,53,30,52,-1,-1,-1,-1
137,5,970,54,32,52,-1,-1,-1,-1
138,5,971,53,33,54,-1,-1,-1,-1
139,5,971,52,36,57,-1,-1,-1,-1
140,5,974,52,36,57,-1,-1,-1,-1
141,5,975,53,35,56,-1,-1,-1,-1
142,5,976,53,35,55,-1,-1,-1,-1
143,5,978,52,33,55,-1,-1,-1,-1
144,5,981,52,32,56,-1,-1,-1,-1
145,5,983,52,30,55,-1,-1,-1,-1
146,5,983,52,30,55,-1,-1,-1,-1
147,5,984,52,30,55,-1,-1,-1,-1
148,5,986,53,28,53,-1,-1,-1,-1
149,5,987,54,28,52,-1,-1,-1,-1
150,5,988,53,30,53,-1,-1,-1,-1
151,5,989,54,29,52,-1,-1,-1,-1
152,5,991,55,28,51,-1,-1,-1,-1
153,5,993,54,29,51,-1,-1,-1,-1
154,5,995,54,28,52,-1,-1,-1,-1
155,5,995,54,28,52,-1,-1,-1,-1
156,5,996,55,29,51,-1,-1,-1,-1
157,5,997,55,29,51,-1,-1,-1,-1
158,5,997,54,30,53,-1,-1,-1,-1
159,5,997,53,31,54,-1,-1,-1,-1
160,5,998,54,34,53,-1,-1,-1,-1
161,5,1000,54,31,54,-1,-1,-1,-1
162,5,1000,53,32,56,-1,-1,-1,-1
163,5,1001,53,32,58,-1,-1,-1,-1
164,5,1001,53,33,59,-1,-1,-1,-1
165,5,1003,53,31,58,-1,-1,-1,-1
166,5,1003,53,31,58,-1,-1,-1,-1
167,5,1005,54,29,56,-1,-1,-1,-1
168,5,1008,55,29,54,-1,-1,-1,-1
169,5,1009,55,29,54,-1,-1,-1,-1
170,5,1010,56,28,52,-1,-1,-1,-1
171,5,1012,57,28,51,-1,-1,-1,-1
172,5,1014,57,29,51,-1,-1,-1,-1
173,5,1015,56,29,52,-1,-1,-1,-1
174,5,1015,56,30,53,-1,-1,-1,-1
175,5,1016,56,30,53,-1,-1,-1,-1
176,5,1017,56,30,53,-1,-1,-1,-1
177,5,1017,56,31,53,-1,-1,-1,-1
178,5,1019,55,30,54,-1,-1,-1,-1
179,5,1019,56,30,53,-1,-1,-1,-1
180,5,1019,56,31,54,-1,-1,-1,-1
181,5,1020,56,31,55,-1,-1,-1,-1
182,5,1021,55,31,57,-1,-1,-1,-1
183,5,1021,54,33,59,-1,-1,-1,-1
184,5,1023,55,33,58,-1,-1,-1,-1
185,5,1023,54,34,60,-1,-1,-1,-1
186,5,1025,54,33,58,-1,-1,-1,-1
187,5,1026,54,33,58,-1,-1,-1,-1
188,5,1028,54,32,59,-1,-1,-1,-1
189,5,1029,54,32,59,-1,-1,-1,-1
190,5,1031,53,32,60,-1,-1,-1,-1
191,5,1032,54,32,58,-1,-1,-1,-1
192,5,1033,54,32,57,-1,-1,-1,-1
193,5,1037,55,31,55,-1,-1,-1,-1
194,5,1038,55,31,54,-1,-1,-1,-1
195,5,1041,54,29,53,-1,-1,-1,-1
196,5,1041,53,30,55,-1,-1,-1,-1
197,5,1041,53,30,55,-1,-1,-1,-1
198,5,1041,52,32,57,-1,-1,-1,-1
199,5,1042,53,31,57,-1,-1,-1,-1
200,5,1042,53,31,57,-1,-1,-1,-1
201,5,1042,54,32,56,-1,-1,-1,-1
202,5,1044,55,32,57,-1,-1,-1,-1
203,5,1046,57,32,57,-1,-1,-1,-1
204,5,1047,57,32,57,-1,-1,-1,-1
205,5,1047,57,32,59,-1,-1,-1,-1
206,5,1047,56,32,60,-1,-1,-1,-1
207,5,1047,57,33,60,-1,-1,-1,-1
208,5,1049,57,32,57,-1,-1,-1,-1
209,5,1048,57,32,58,-1,-1,-1,-1
210,5,1050,58,30,57,-1,-1,-1,-1
211,5,1051,57,31,57,-1,-1,-1,-1
212,5,1055,59,28,52,-1,-1,-1,-1
213,5,1056,58,29,52,-1,-1,-1,-1
214,5,1059,59,28,50,-1,-1,-1,-1
215,5,1059,60,28,50,-1,-1,-1,-1
216,5,1060,59,28,50,-1,-1,-1,-1
217,5,1061,62,27,51,-1,-1,-1,-1
218,5,1062,63,25,50,-1,-1,-1,-1
219,5,1064,63,24,50,-1,-1,-1,-1
220,5,1065,63,24,50,-1,-1,-1,-1
221,5,1065,64,26,51,-1,-1,-1,-1
222,5,1064,66,26,51,-1,-1,-1,-1
223,5,1066,65,26,49,-1,-1,-1,-1
224,5,1067,64,27,49,-1,-1,-1,-1
225,5,1073,64,28,50,-1,-1,-1,-1
226,5,1074,63,28,51,-1,-1,-1,-1
227,5,1076,62,28,50,-1,-1,-1,-1
228,5,1075,60,25,53,-1,-1,-1,-1
229,5,1082,64,22,47,-1,-1,-1,-1
230,5,1080,61,23,50,-1,-1,-1,-1
263,6,1091,59,27,53,-1,-1,-1,-1
264,6,1088,60,25,51,-1,-1,-1,-1
265,6,1086,60,26,50,-1,-1,-1,-1
266,6,1087,61,25,49,-1,-1,-1,-1
267,6,1088,61,24,50,-1,-1,-1,-1
280,0,1253,48,27,51,-1,-1,-1,-1
281,0,1253,47,27,52,-1,-1,-1,-1
282,0,1253,48,27,51,-1,-1,-1,-1
292,8,1130,63,30,49,-1,-1,-1,-1
293,8,1140,61,26,52,-1,-1,-1,-1
294,8,1141,61,26,52,-1,-1,-1,-1
295,9,1130,66,26,49,-1,-1,-1,-1
296,9,1128,63,26,52,-1,-1,-1,-1
297,9,1131,62,25,51,-1,-1,-1,-1
298,9,1133,62,25,51,-1,-1,-1,-1
299,9,1139,58,25,56,-1,-1,-1,-1
300,9,1141,59,25,55,-1,-1,-1,-1
301,9,1142,57,25,55,-1,-1,-1,-1
302,9,1142,59,24,55,-1,-1,-1,-1
303,9,1142,59,26,53,-1,-1,-1,-1
304,9,1143,58,25,55,-1,-1,-1,-1
305,9,1142,57,26,57,-1,-1,-1,-1
306,9,1140,56,26,57,-1,-1,-1,-1
309,10,1251,53,25,47,-1,-1,-1,-1
310,10,1252,51,26,49,-1,-1,-1,-1
311,10,1252,54,25,47,-1,-1,-1,-1
312,10,1252,54,25,47,-1,-1,-1,-1
260,11,1120,63,22,46,-1,-1,-1,-1
261,11,1118,62,25,47,-1,-1,-1,-1
262,11,1116,61,30,53,-1,-1,-1,-1
263,11,1114,60,32,55,-1,-1,-1,-1
264,11,1114,60,33,56,-1,-1,-1,-1
265,11,1114,57,35,59,-1,-1,-1,-1
266,11,1115,59,33,56,-1,-1,-1,-1
267,11,1115,57,35,59,-1,-1,-1,-1
268,11,1119,58,31,56,-1,-1,-1,-1
269,11,1120,58,31,58,-1,-1,-1,-1
270,11,1121,60,29,54,-1,-1,-1,-1
271,11,1122,59,29,57,-1,-1,-1,-1
272,11,1123,59,30,57,-1,-1,-1,-1
273,11,1125,58,29,57,-1,-1,-1,-1
274,11,1128,60,28,54,-1,-1,-1,-1
275,11,1129,60,28,54,-1,-1,-1,-1
276,11,1130,61,28,53,-1,-1,-1,-1
277,11,1131,62,27,52,-1,-1,-1,-1
278,11,1132,63,27,50,-1,-1,-1,-1
279,11,1133,64,27,50,-1,-1,-1,-1
280,11,1134,62,27,52,-1,-1,-1,-1
281,11,1134,61,29,54,-1,-1,-1,-1
282,11,1135,60,30,57,-1,-1,-1,-1
283,11,1135,58,33,59,-1,-1,-1,-1
284,11,1136,58,33,58,-1,-1,-1,-1
285,11,1136,59,32,56,-1,-1,-1,-1
286,11,1137,58,33,58,-1,-1,-1,-1
287,11,1138,57,32,59,-1,-1,-1,-1
288,11,1139,57,32,58,-1,-1,-1,-1
289,11,1140,59,31,55,-1,-1,-1,-1
290,11,1140,58,32,57,-1,-1,-1,-1
291,11,1141,58,32,56,-1,-1,-1,-1
292,11,1144,59,30,54,-1,-1,-1,-1
293,11,1148,60,29,52,-1,-1,-1,-1
294,11,1150,60,27,51,-1,-1,-1,-1
295,11,1152,60,28,52,-1,-1,-1,-1
296,11,1153,60,28,53,-1,-1,-1,-1
297,11,1156,60,26,52,-1,-1,-1,-1
298,11,1156,60,26,53,-1,-1,-1,-1
299,11,1156,59,28,55,-1,-1,-1,-1
300,11,1156,59,32,56,-1,-1,-1,-1
301,11,1156,58,29,56,-1,-1,-1,-1
302,11,1156,57,38,60,-1,-1,-1,-1
303,11,1159,59,34,57,-1,-1,-1,-1
304,11,1157,57,36,60,-1,-1,-1,-1
305,11,1159,57,31,60,-1,-1,-1,-1
306,11,1157,57,31,60,-1,-1,-1,-1
307,11,1156,58,36,58,-1,-1,-1,-1
308,11,1157,57,36,60,-1,-1,-1,-1
309,11,1161,55,34,62,-1,-1,-1,-1
310,11,1161,55,33,61,-1,-1,-1,-1
311,11,1162,55,33,62,-1,-1,-1,-1
312,11,1163,56,33,60,-1,-1,-1,-1
313,11,1164,56,33,59,-1,-1,-1,-1
314,11,1164,56,33,59,-1,-1,-1,-1
315,11,1166,55,33,59,-1,-1,-1,-1
316,11,1169,54,31,59,-1,-1,-1,-1
317,11,1169,53,31,60,-1,-1,-1,-1
318,11,1169,54,31,60,-1,-1,-1,-1
319,11,1167,55,32,59,-1,-1,-1,-1
320,11,1161,58,28,56,-1,-1,-1,-1
321,11,1167,56,24,56,-1,-1,-1,-1
319,0,1252,49,29,51,-1,-1,-1,-1
320,0,1252,49,28,51,-1,-1,-1,-1
321,0,1259,50,25,49,-1,-1,-1,-1
322,0,1258,50,26,49,-1,-1,-1,-1
323,0,1258,50,25,49,-1,-1,-1,-1
324,0,1259,50,24,49,-1,-1,-1,-1
325,0,1258,50,25,49,-1,-1,-1,-1
326,0,1257,50,26,50,-1,-1,-1,-1
327,0,1258,50,26,50,-1,-1,-1,-1
328,0,1259,50,24,49,-1,-1,-1,-1
323,11,1169,54,24,56,-1,-1,-1,-1
324,11,1167,55,25,56,-1,-1,-1,-1
325,11,1166,57,24,54,-1,-1,-1,-1
326,11,1158,57,30,52,-1,-1,-1,-1
327,11,1155,58,30,51,-1,-1,-1,-1
328,11,1153,57,29,51,-1,-1,-1,-1
329,11,1155,60,28,50,-1,-1,-1,-1
330,11,1158,57,28,54,-1,-1,-1,-1
331,11,1159,62,27,50,-1,-1,-1,-1
332,1,1261,51,23,47,-1,-1,-1,-1
333,1,1262,52,22,47,-1,-1,-1,-1
334,1,1259,50,24,48,-1,-1,-1,-1
335,1,1259,50,24,49,-1,-1,-1,-1
332,15,1169,54,30,55,-1,-1,-1,-1
333,15,1171,57,30,54,-1,-1,-1,-1
334,15,1165,56,28,54,-1,-1,-1,-1
335,15,1172,58,29,52,-1,-1,-1,-1
336,15,1169,56,32,50,-1,-1,-1,-1
337,15,1170,55,32,52,-1,-1,-1,-1
338,15,1167,54,28,57,-1,-1,-1,-1
338,16,1181,55,28,57,-1,-1,-1,-1
339,16,1181,54,30,56,-1,-1,-1,-1
340,16,1184,55,28,55,-1,-1,-1,-1
337,0,1257,50,24,50,-1,-1,-1,-1
338,0,1258,51,23,49,-1,-1,-1,-1
339,0,1257,51,24,49,-1,-1,-1,-1
340,0,1258,51,23,49,-1,-1,-1,-1
341,0,1258,50,22,50,-1,-1,-1,-1
342,18,1177,54,31,55,-1,-1,-1,-1
343,18,1185,53,26,55,-1,-1,-1,-1
344,18,1179,51,30,57,-1,-1,-1,-1
345,18,1176,52,29,56,-1,-1,-1,-1
346,18,1178,55,27,52,-1,-1,-1,-1
347,18,1174,55,29,51,-1,-1,-1,-1
348,18,1182,52,28,55,-1,-1,-1,-1
349,18,1186,53,28,55,-1,-1,-1,-1
350,18,1186,53,28,55,-1,-1,-1,-1
351,18,1185,53,28,54,-1,-1,-1,-1
352,18,1186,56,27,52,-1,-1,-1,-1
357,19,213,78,21,45,-1,-1,-1,-1
358,19,213,79,25,41,-1,-1,-1,-1
359,19,214,78,25,42,-1,-1,-1,-1
358,20,1197,57,28,47,-1,-1,-1,-1
359,20,1203,57,26,48,-1,-1,-1,-1
360,20,1195,60,29,44,-1,-1,-1,-1
361,20,1195,60,30,45,-1,-1,-1,-1
362,20,1194,61,29,44,-1,-1,-1,-1
363,20,1195,62,28,43,-1,-1,-1,-1
364,21,1227,54,29,50,-1,-1,-1,-1
365,21,1230,55,26,50,-1,-1,-1,-1
366,21,1230,55,26,51,-1,-1,-1,-1
364,22,1206,56,29,49,-1,-1,-1,-1
365,22,1205,57,27,49,-1,-1,-1,-1
366,22,1204,58,27,48,-1,-1,-1,-1
367,22,1207,57,28,47,-1,-1,-1,-1
368,22,1207,56,27,49,-1,-1,-1,-1
369,22,1210,53,26,53,-1,-1,-1,-1
370,22,1215,50,26,56,-1,-1,-1,-1
371,22,1219,48,30,58,-1,-1,-1,-1
372,22,1218,49,29,57,-1,-1,-1,-1
373,22,1212,54,26,50,-1,-1,-1,-1
374,22,1215,52,25,52,-1,-1,-1,-1
375,22,1214,53,25,51,-1,-1,-1,-1
376,22,1214,52,26,52,-1,-1,-1,-1
377,22,1214,49,32,54,-1,-1,-1,-1
378,22,1217,51,33,52,-1,-1,-1,-1
379,22,1219,52,28,52,-1,-1,-1,-1
380,22,1216,51,31,51,-1,-1,-1,-1
381,22,1216,52,27,52,-1,-1,-1,-1
382,22,1219,52,30,51,-1,-1,-1,-1
383,22,1218,53,30,51,-1,-1,-1,-1
384,22,1218,51,29,52,-1,-1,-1,-1
385,22,1218,51,29,51,-1,-1,-1,-1
386,22,1219,51,30,52,-1,-1,-1,-1
387,22,1220,51,30,51,-1,-1,-1,-1
388,22,1225,54,27,50,-1,-1,-1,-1
389,22,1232,49,27,57,-1,-1,-1,-1
390,22,1231,50,27,56,-1,-1,-1,-1
391,22,1230,51,27,53,-1,-1,-1,-1
392,22,1230,51,26,53,-1,-1,-1,-1
393,22,1230,50,26,54,-1,-1,-1,-1
394,22,1230,49,26,55,-1,-1,-1,-1
395,22,1230,48,26,56,-1,-1,-1,-1
396,22,1226,44,29,60,-1,-1,-1,-1
397,22,1232,47,26,57,-1,-1,-1,-1
398,22,1233,46,25,60,-1,-1,-1,-1
399,22,1228,45,29,62,-1,-1,-1,-1
400,22,1226,47,28,57,-1,-1,-1,-1
401,22,1233,48,25,57,-1,-1,-1,-1
402,22,1232,50,27,53,-1,-1,-1,-1
403,22,1234,43,29,63,-1,-1,-1,-1
404,22,1233,45,30,59,-1,-1,-1,-1
405,22,1233,49,26,53,-1,-1,-1,-1
406,22,1233,51,26,53,-1,-1,-1,-1
407,22,1235,52,25,51,-1,-1,-1,-1
408,22,1235,52,26,52,-1,-1,-1,-1
428,0,1254,46,27,55,-1,-1,-1,-1
429,0,1257,50,24,51,-1,-1,-1,-1
430,0,1256,51,23,51,-1,-1,-1,-1
431,0,1256,50,24,50,-1,-1,-1,-1
432,0,1256,51,23,48,-1,-1,-1,-1
433,0,1257,52,23,46,-1,-1,-1,-1
455,24,1276,45,27,53,-1,-1,-1,-1
456,24,1278,46,29,52,-1,-1,-1,-1
457,24,1279,46,26,52,-1,-1,-1,-1
458,24,1278,45,25,54,-1,-1,-1,-1
459,24,1279,45,27,54,-1,-1,-1,-1
460,24,1278,45,25,54,-1,-1,-1,-1
461,24,1276,46,24,52,-1,-1,-1,-1
462,24,1279,43,28,56,-1,-1,-1,-1
463,24,1278,44,27,54,-1,-1,-1,-1
464,24,1277,45,25,54,-1,-1,-1,-1
465,24,1272,45,30,53,-1,-1,-1,-1
466,24,1273,44,24,55,-1,-1,-1,-1
467,24,1268,46,26,53,-1,-1,-1,-1
482,25,1355,43,23,47,-1,-1,-1,-1
483,25,1353,43,25,48,-1,-1,-1,-1
484,25,1354,41,25,49,-1,-1,-1,-1
485,25,1352,46,25,46,-1,-1,-1,-1
489,26,1302,42,27,53,-1,-1,-1,-1
490,26,1302,42,26,53,-1,-1,-1,-1
491,26,1301,42,26,53,-1,-1,-1,-1
492,26,1302,43,26,52,-1,-1,-1,-1
493,26,1301,43,24,51,-1,-1,-1,-1
494,26,1302,40,26,52,-1,-1,-1,-1
495,26,1301,42,23,52,-1,-1,-1,-1
496,26,1301,41,24,53,-1,-1,-1,-1
320,27,1178,59,26,53,-1,-1,-1,-1
321,27,1176,57,26,53,-1,-1,-1,-1
322,27,1176,56,28,54,-1,-1,-1,-1
323,27,1177,55,28,53,-1,-1,-1,-1
324,27,1177,56,29,55,-1,-1,-1,-1
325,27,1178,58,29,54,-1,-1,-1,-1
326,27,1179,57,28,53,-1,-1,-1,-1
327,27,1179,60,28,50,-1,-1,-1,-1
328,27,1180,59,33,53,-1,-1,-1,-1
329,27,1182,58,33,56,-1,-1,-1,-1
330,27,1187,54,32,60,-1,-1,-1,-1
331,27,1189,56,28,57,-1,-1,-1,-1
332,27,1190,57,27,56,-1,-1,-1,-1
333,27,1190,56,27,56,-1,-1,-1,-1
334,27,1189,56,28,56,-1,-1,-1,-1
335,27,1192,57,25,53,-1,-1,-1,-1
336,27,1193,58,25,52,-1,-1,-1,-1
337,27,1195,57,25,55,-1,-1,-1,-1
338,27,1192,56,26,55,-1,-1,-1,-1
339,27,1192,56,29,52,-1,-1,-1,-1
340,27,1194,57,25,53,-1,-1,-1,-1
341,27,1194,55,27,54,-1,-1,-1,-1
342,27,1197,54,26,54,-1,-1,-1,-1
343,27,1196,53,27,54,-1,-1,-1,-1
344,27,1200,53,27,54,-1,-1,-1,-1
345,27,1202,52,27,55,-1,-1,-1,-1
346,27,1203,54,27,51,-1,-1,-1,-1
347,27,1203,54,28,52,-1,-1,-1,-1
348,27,1205,55,29,54,-1,-1,-1,-1
349,27,1208,55,30,53,-1,-1,-1,-1
350,27,1207,54,32,55,-1,-1,-1,-1
351,27,1206,55,32,55,-1,-1,-1,-1
352,27,1207,54,31,55,-1,-1,-1,-1
353,27,1205,53,32,56,-1,-1,-1,-1
354,27,1205,51,32,58,-1,-1,-1,-1
355,27,1205,52,31,55,-1,-1,-1,-1
356,27,1207,50,30,57,-1,-1,-1,-1
357,27,1210,51,29,54,-1,-1,-1,-1
358,27,1214,53,24,51,-1,-1,-1,-1
359,27,1215,54,24,50,-1,-1,-1,-1
360,27,1219,54,24,51,-1,-1,-1,-1
361,27,1215,54,25,51,-1,-1,-1,-1
362,27,1216,56,22,49,-1,-1,-1,-1
363,27,1218,56,23,49,-1,-1,-1,-1
364,27,1217,52,25,54,-1,-1,-1,-1
365,27,1220,52,26,54,-1,-1,-1,-1
366,27,1222,54,25,52,-1,-1,-1,-1
367,27,1227,57,26,48,-1,-1,-1,-1
368,27,1227,54,28,50,-1,-1,-1,-1
369,27,1226,53,30,53,-1,-1,-1,-1
370,27,1224,52,31,54,-1,-1,-1,-1
371,27,1229,53,31,49,-1,-1,-1,-1
372,27,1233,53,29,49,-1,-1,-1,-1
373,27,1232,55,30,49,-1,-1,-1,-1
374,27,1231,52,27,52,-1,-1,-1,-1
375,27,1230,50,31,55,-1,-1,-1,-1
376,27,1229,49,31,56,-1,-1,-1,-1
377,27,1231,52,34,52,-1,-1,-1,-1
378,27,1230,50,32,55,-1,-1,-1,-1
379,27,1226,48,39,58,-1,-1,-1,-1
380,27,1227,48,37,57,-1,-1,-1,-1
381,27,1232,50,31,57,-1,-1,-1,-1
382,27,1234,48,29,59,-1,-1,-1,-1
383,27,1234,49,28,58,-1,-1,-1,-1
384,27,1236,53,30,51,-1,-1,-1,-1
385,27,1241,51,30,51,-1,-1,-1,-1
386,27,1240,49,25,57,-1,-1,-1,-1
387,27,1241,49,25,56,-1,-1,-1,-1
388,27,1241,49,27,56,-1,-1,-1,-1
389,27,1244,50,28,54,-1,-1,-1,-1
390,27,1243,50,27,55,-1,-1,-1,-1
391,27,1244,50,29,52,-1,-1,-1,-1
392,27,1244,50,29,53,-1,-1,-1,-1
393,27,1243,50,31,53,-1,-1,-1,-1
394,27,1247,50,29,53,-1,-1,-1,-1
395,27,1247,50,32,53,-1,-1,-1,-1
396,27,1246,48,34,55,-1,-1,-1,-1
397,27,1246,49,34,55,-1,-1,-1,-1
398,27,1246,48,37,57,-1,-1,-1,-1
399,27,1248,47,35,58,-1,-1,-1,-1
400,27,1248,48,35,57,-1,-1,-1,-1
401,27,1249,49,33,56,-1,-1,-1,-1
402,27,1251,49,31,55,-1,-1,-1,-1
403,27,1251,49,33,54,-1,-1,-1,-1
404,27,1252,49,34,54,-1,-1,-1,-1
405,27,1249,49,37,56,-1,-1,-1,-1
406,27,1254,50,33,53,-1,-1,-1,-1
407,27,1251,49,33,55,-1,-1,-1,-1
408,27,1249,48,36,56,-1,-1,-1,-1
409,27,1250,47,36,58,-1,-1,-1,-1
410,27,1248,47,34,58,-1,-1,-1,-1
411,27,1248,45,35,60,-1,-1,-1,-1
412,27,1249,43,36,62,-1,-1,-1,-1
413,27,1252,43,35,60,-1,-1,-1,-1
414,27,1253,43,34,59,-1,-1,-1,-1
415,27,1254,44,31,58,-1,-1,-1,-1
416,27,1254,43,32,60,-1,-1,-1,-1
417,27,1255,44,32,59,-1,-1,-1,-1
418,27,1258,44,30,58,-1,-1,-1,-1
419,27,1259,44,30,58,-1,-1,-1,-1
420,27,1260,45,31,57,-1,-1,-1,-1
421,27,1261,44,33,58,-1,-1,-1,-1
422,27,1263,45,33,56,-1,-1,-1,-1
423,27,1263,45,34,56,-1,-1,-1,-1
424,27,1263,45,31,55,-1,-1,-1,-1
425,27,1263,45,31,55,-1,-1,-1,-1
426,27,1261,44,31,57,-1,-1,-1,-1
427,27,1263,46,30,55,-1,-1,-1,-1
428,27,1265,46,29,55,-1,-1,-1,-1
429,27,1270,49,26,52,-1,-1,-1,-1
430,27,1271,51,29,51,-1,-1,-1,-1
431,27,1271,49,26,52,-1,-1,-1,-1
432,27,1272,49,27,51,-1,-1,-1,-1
433,27,1272,49,27,52,-1,-1,-1,-1
434,27,1272,50,28,51,-1,-1,-1,-1
435,27,1272,50,29,52,-1,-1,-1,-1
436,27,1271,49,31,53,-1,-1,-1,-1
437,27,1272,50,31,52,-1,-1,-1,-1
438,27,1273,49,31,54,-1,-1,-1,-1
439,27,1274,49,31,54,-1,-1,-1,-1
440,27,1274,48,31,55,-1,-1,-1,-1
441,27,1274,47,33,55,-1,-1,-1,-1
442,27,1275,47,32,55,-1,-1,-1,-1
443,27,1275,48,32,54,-1,-1,-1,-1
444,27,1275,46,32,55,-1,-1,-1,-1
445,27,1277,46,29,55,-1,-1,-1,-1
446,27,1275,45,32,54,-1,-1,-1,-1
447,27,1278,46,30,54,-1,-1,-1,-1
448,27,1279,46,30,54,-1,-1,-1,-1
449,27,1279,45,31,55,-1,-1,-1,-1
450,27,1281,45,31,54,-1,-1,-1,-1
451,27,1280,45,32,54,-1,-1,-1,-1
452,27,1282,45,32,54,-1,-1,-1,-1
453,27,1283,45,32,54,-1,-1,-1,-1
454,27,1284,46,32,53,-1,-1,-1,-1
455,27,1286,46,30,53,-1,-1,-1,-1
456,27,1288,47,29,51,-1,-1,-1,-1
457,27,1290,47,28,52,-1,-1,-1,-1
458,27,1289,47,28,52,-1,-1,-1,-1
459,27,1289,47,29,52,-1,-1,-1,-1
460,27,1291,48,27,52,-1,-1,-1,-1
461,27,1290,47,27,52,-1,-1,-1,-1
462,27,1291,46,27,53,-1,-1,-1,-1
463,27,1289,45,26,51,-1,-1,-1,-1
464,27,1294,43,33,54,-1,-1,-1,-1
465,27,1295,44,31,53,-1,-1,-1,-1
466,27,1299,44,27,50,-1,-1,-1,-1
467,27,1299,44,26,53,-1,-1,-1,-1
468,27,1298,44,29,53,-1,-1,-1,-1
469,27,1299,44,28,53,-1,-1,-1,-1
470,27,1296,44,33,53,-1,-1,-1,-1
471,27,1299,46,28,52,-1,-1,-1,-1
472,27,1297,44,31,52,-1,-1,-1,-1
473,27,1297,43,31,53,-1,-1,-1,-1
474,27,1297,43,32,53,-1,-1,-1,-1
475,27,1297,43,33,54,-1,-1,-1,-1
476,27,1298,44,29,54,-1,-1,-1,-1
477,27,1295,46,29,53,-1,-1,-1,-1
478,27,1299,45,30,52,-1,-1,-1,-1
479,27,1300,46,28,50,-1,-1,-1,-1
480,27,1304,48,24,47,-1,-1,-1,-1
481,27,1304,45,24,47,-1,-1,-1,-1
482,27,1302,45,29,49,-1,-1,-1,-1
483,27,1304,45,25,50,-1,-1,-1,-1
484,27,1304,43,29,51,-1,-1,-1,-1
485,27,1305,42,31,52,-1,-1,-1,-1
486,27,1308,43,29,53,-1,-1,-1,-1
487,27,1309,42,29,53,-1,-1,-1,-1
488,27,1310,41,29,53,-1,-1,-1,-1
489,27,1311,42,28,52,-1,-1,-1,-1
490,27,1310,42,28,52,-1,-1,-1,-1
491,27,1312,43,27,50,-1,-1,-1,-1
492,27,1315,43,25,49,-1,-1,-1,-1
493,27,1316,43,25,48,-1,-1,-1,-1
494,27,1318,42,24,49,-1,-1,-1,-1
495,27,1320,41,25,52,-1,-1,-1,-1
496,27,1317,40,26,52,-1,-1,-1,-1
497,27,1318,40,27,53,-1,-1,-1,-1
498,27,1317,40,27,50,-1,-1,-1,-1
499,27,1316,41,27,49,-1,-1,-1,-1
500,27,1316,41,27,49,-1,-1,-1,-1
501,27,1316,42,28,51,-1,-1,-1,-1
502,27,1316,43,27,49,-1,-1,-1,-1
503,27,1322,43,27,50,-1,-1,-1,-1
504,27,1322,43,27,50,-1,-1,-1,-1
505,27,1324,44,27,48,-1,-1,-1,-1
506,27,1324,43,27,50,-1,-1,-1,-1
507,27,1326,43,26,49,-1,-1,-1,-1
508,27,1325,43,27,49,-1,-1,-1,-1
509,27,1324,43,27,49,-1,-1,-1,-1
510,27,1325,43,27,49,-1,-1,-1,-1
511,27,1325,42,27,51,-1,-1,-1,-1
512,27,1324,41,28,52,-1,-1,-1,-1
513,27,1324,39,28,54,-1,-1,-1,-1
514,27,1324,39,29,54,-1,-1,-1,-1
515,27,1325,39,28,54,-1,-1,-1,-1
516,27,1327,40,27,52,-1,-1,-1,-1
517,27,1325,38,29,55,-1,-1,-1,-1
518,27,1325,38,30,54,-1,-1,-1,-1
519,27,1326,37,30,55,-1,-1,-1,-1
520,27,1326,38,29,54,-1,-1,-1,-1
521,27,1327,39,27,52,-1,-1,-1,-1
522,27,1326,40,27,51,-1,-1,-1,-1
523,27,1332,40,24,49,-1,-1,-1,-1
524,27,1331,39,25,51,-1,-1,-1,-1
525,27,1331,39,25,51,-1,-1,-1,-1
526,27,1334,39,25,51,-1,-1,-1,-1
527,27,1337,38,26,52,-1,-1,-1,-1
528,27,1337,38,26,51,-1,-1,-1,-1
529,27,1338,36,26,53,-1,-1,-1,-1
530,27,1340,37,27,52,-1,-1,-1,-1
531,27,1341,37,27,52,-1,-1,-1,-1
532,27,1344,38,27,52,-1,-1,-1,-1
533,27,1346,38,27,51,-1,-1,-1,-1
534,27,1345,38,27,52,-1,-1,-1,-1
535,27,1348,39,25,50,-1,-1,-1,-1
536,27,1346,39,26,50,-1,-1,-1,-1
537,27,1347,40,26,50,-1,-1,-1,-1
538,27,1346,39,26,50,-1,-1,-1,-1
539,27,1346,39,26,51,-1,-1,-1,-1
540,27,1347,40,26,50,-1,-1,-1,-1
541,27,1348,39,26,51,-1,-1,-1,-1
542,27,1348,38,27,53,-1,-1,-1,-1
543,27,1348,39,27,52,-1,-1,-1,-1
544,27,1348,38,28,53,-1,-1,-1,-1
545,27,1348,38,28,53,-1,-1,-1,-1
546,27,1348,39,27,50,-1,-1,-1,-1
547,27,1349,38,27,52,-1,-1,-1,-1
548,27,1348,37,28,54,-1,-1,-1,-1
549,27,1350,37,27,54,-1,-1,-1,-1
550,27,1349,38,26,53,-1,-1,-1,-1
551,27,1347,37,27,56,-1,-1,-1,-1
552,27,1351,37,24,55,-1,-1,-1,-1
553,27,1352,35,25,55,-1,-1,-1,-1
554,27,1355,36,25,53,-1,-1,-1,-1
555,27,1354,37,24,53,-1,-1,-1,-1
556,27,1354,38,25,52,-1,-1,-1,-1
557,27,1352,36,28,55,-1,-1,-1,-1
589,28,1260,50,24,48,-1,-1,-1,-1
590,28,1260,50,24,48,-1,-1,-1,-1
591,28,1261,50,23,49,-1,-1,-1,-1
592,28,1262,52,22,46,-1,-1,-1,-1
613,28,1262,50,22,48,-1,-1,-1,-1
614,28,1262,50,22,48,-1,-1,-1,-1
615,28,1261,50,23,49,-1,-1,-1,-1
616,28,1261,51,23,47,-1,-1,-1,-1
617,28,1263,52,22,46,-1,-1,-1,-1
656,28,1259,51,24,48,-1,-1,-1,-1
657,28,1260,49,23,50,-1,-1,-1,-1
658,28,1253,49,26,51,-1,-1,-1,-1
659,28,1252,50,25,50,-1,-1,-1,-1
660,28,1252,51,24,49,-1,-1,-1,-1
661,28,1254,50,24,50,-1,-1,-1,-1
662,28,1254,50,24,50,-1,-1,-1,-1
663,28,1252,51,25,49,-1,-1,-1,-1
664,28,1251,50,25,49,-1,-1,-1,-1
665,28,1251,51,25,49,-1,-1,-1,-1
674,31,1254,52,25,49,-1,-1,-1,-1
675,31,1251,53,26,47,-1,-1,-1,-1
676,31,1252,51,25,50,-1,-1,-1,-1
677,31,1253,52,25,49,-1,-1,-1,-1
678,31,1253,51,25,49,-1,-1,-1,-1
679,31,1253,52,24,48,-1,-1,-1,-1
680,31,1252,50,25,50,-1,-1,-1,-1
681,31,1251,51,25,48,-1,-1,-1,-1
690,28,1252,53,23,48,-1,-1,-1,-1
691,28,1254,53,22,48,-1,-1,-1,-1
692,28,1254,54,23,47,-1,-1,-1,-1
693,28,1254,53,23,48,-1,-1,-1,-1
228,33,808,863,99,185,-1,-1,-1,-1
229,33,820,850,85,149,-1,-1,-1,-1
230,33,812,841,97,183,-1,-1,-1,-1
231,33,821,846,90,166,-1,-1,-1,-1
232,33,819,838,97,170,-1,-1,-1,-1
233,33,822,839,100,177,-1,-1,-1,-1
234,33,832,842,106,185,-1,-1,-1,-1
235,33,835,838,104,187,-1,-1,-1,-1
236,33,832,834,112,191,-1,-1,-1,-1
237,33,836,833,103,191,-1,-1,-1,-1
238,33,848,834,104,179,-1,-1,-1,-1
239,33,835,836,112,176,-1,-1,-1,-1
240,33,845,830,117,182,-1,-1,-1,-1
241,33,848,829,105,178,-1,-1,-1,-1
242,33,861,823,100,174,-1,-1,-1,-1
243,33,874,822,92,162,-1,-1,-1,-1
244,33,875,813,101,197,-1,-1,-1,-1
245,33,892,815,91,191,-1,-1,-1,-1
246,33,892,817,94,165,-1,-1,-1,-1
247,33,896,819,94,161,-1,-1,-1,-1
248,33,899,817,92,159,-1,-1,-1,-1
249,33,902,814,87,160,-1,-1,-1,-1
250,33,899,814,104,183,-1,-1,-1,-1
251,33,903,809,104,187,-1,-1,-1,-1
252,33,903,809,104,189,-1,-1,-1,-1
253,33,903,811,106,186,-1,-1,-1,-1
254,33,909,812,101,185,-1,-1,-1,-1
255,33,912,807,107,190,-1,-1,-1,-1
256,33,906,802,116,192,-1,-1,-1,-1
257,33,924,803,106,188,-1,-1,-1,-1
258,33,927,801,106,191,-1,-1,-1,-1
259,33,941,793,101,198,-1,-1,-1,-1
260,33,952,790,92,190,-1,-1,-1,-1
261,33,945,786,104,205,-1,-1,-1,-1
262,33,961,785,97,184,-1,-1,-1,-1
263,33,956,781,103,199,-1,-1,-1,-1
264,33,960,786,100,192,-1,-1,-1,-1
265,33,968,783,98,195,-1,-1,-1,-1
266,33,970,786,101,184,-1,-1,-1,-1
267,33,969,783,104,200,-1,-1,-1,-1
268,33,975,779,106,209,-1,-1,-1,-1
269,33,979,788,97,189,-1,-1,-1,-1
270,33,983,783,101,188,-1,-1,-1,-1
271,33,984,785,97,185,-1,-1,-1,-1
272,33,990,783,101,186,-1,-1,-1,-1
273,33,990,783,112,191,-1,-1,-1,-1
274,33,991,775,111,196,-1,-1,-1,-1
275,33,989,774,114,190,-1,-1,-1,-1
276,33,1015,773,99,175,-1,-1,-1,-1
277,33,1024,767,92,177,-1,-1,-1,-1
278,33,1021,765,100,189,-1,-1,-1,-1
279,33,1024,768,106,189,-1,-1,-1,-1
280,33,1034,768,95,185,-1,-1,-1,-1
281,33,1038,765,94,191,-1,-1,-1,-1
282,33,1036,768,100,183,-1,-1,-1,-1
283,33,1038,768,105,183,-1,-1,-1,-1
284,33,1036,761,109,196,-1,-1,-1,-1
285,33,1038,766,105,184,-1,-1,-1,-1
286,33,1043,758,106,191,-1,-1,-1,-1
287,33,1052,760,99,186,-1,-1,-1,-1
288,33,1061,756,95,184,-1,-1,-1,-1
289,33,1066,752,97,188,-1,-1,-1,-1
290,33,1066,751,97,187,-1,-1,-1,-1
291,33,1076,749,92,176,-1,-1,-1,-1
292,33,1084,742,89,187,-1,-1,-1,-1
293,33,1086,744,84,160,-1,-1,-1,-1
294,33,1089,743,91,181,-1,-1,-1,-1
295,33,1098,742,92,183,-1,-1,-1,-1
296,33,1096,744,93,177,-1,-1,-1,-1
297,33,1094,743,96,180,-1,-1,-1,-1
298,33,1100,740,95,182,-1,-1,-1,-1
299,33,1105,742,102,179,-1,-1,-1,-1
300,33,1107,746,101,171,-1,-1,-1,-1
301,33,1105,746,94,164,-1,-1,-1,-1
302,33,1108,736,97,177,-1,-1,-1,-1
303,33,1118,736,94,176,-1,-1,-1,-1
304,33,1117,730,98,175,-1,-1,-1,-1
305,33,1117,726,104,176,-1,-1,-1,-1
306,33,1133,725,89,164,-1,-1,-1,-1
307,33,1143,724,88,172,-1,-1,-1,-1
308,33,1148,723,85,171,-1,-1,-1,-1
309,33,1153,724,85,170,-1,-1,-1,-1
310,33,1150,723,88,167,-1,-1,-1,-1
311,33,1151,719,92,173,-1,-1,-1,-1
312,33,1161,721,89,172,-1,-1,-1,-1
313,33,1161,722,88,169,-1,-1,-1,-1
314,33,1161,723,89,168,-1,-1,-1,-1
315,33,1163,718,90,173,-1,-1,-1,-1
316,33,1164,715,93,174,-1,-1,-1,-1
317,33,1161,712,98,176,-1,-1,-1,-1
318,33,1167,711,97,179,-1,-1,-1,-1
319,33,1176,706,91,176,-1,-1,-1,-1
320,33,1185,705,92,183,-1,-1,-1,-1
321,33,1183,703,91,174,-1,-1,-1,-1
322,33,1194,704,90,170,-1,-1,-1,-1
323,33,1203,705,78,154,-1,-1,-1,-1
324,33,1204,704,84,166,-1,-1,-1,-1
325,33,1203,703,84,164,-1,-1,-1,-1
326,33,1203,701,90,168,-1,-1,-1,-1
327,33,1210,696,89,173,-1,-1,-1,-1
328,33,1212,695,90,174,-1,-1,-1,-1
329,33,1212,695,89,172,-1,-1,-1,-1
330,33,1215,697,86,167,-1,-1,-1,-1
331,33,1219,697,86,164,-1,-1,-1,-1
332,33,1219,697,91,160,-1,-1,-1,-1
333,33,1220,697,94,162,-1,-1,-1,-1
334,33,1221,687,93,166,-1,-1,-1,-1
335,33,1238,688,89,166,-1,-1,-1,-1
336,33,1243,683,93,166,-1,-1,-1,-1
337,33,1241,682,88,161,-1,-1,-1,-1
338,33,1247,681,84,160,-1,-1,-1,-1
339,33,1253,680,77,152,-1,-1,-1,-1
340,33,1253,679,85,166,-1,-1,-1,-1
341,33,1249,675,91,172,-1,-1,-1,-1
342,33,1258,676,94,172,-1,-1,-1,-1
343,33,1256,673,91,174,-1,-1,-1,-1
344,33,1254,676,103,172,-1,-1,-1,-1
345,33,1257,675,101,172,-1,-1,-1,-1
346,33,1260,674,95,174,-1,-1,-1,-1
347,33,1268,671,95,174,-1,-1,-1,-1
348,33,1270,666,93,179,-1,-1,-1,-1
349,33,1276,664,92,181,-1,-1,-1,-1
350,33,1276,661,91,177,-1,-1,-1,-1
351,33,1279,656,93,176,-1,-1,-1,-1
352,33,1283,655,92,174,-1,-1,-1,-1
353,33,1289,654,91,159,-1,-1,-1,-1
354,33,1293,661,91,151,-1,-1,-1,-1
355,33,1302,658,83,159,-1,-1,-1,-1
356,33,1300,653,91,175,-1,-1,-1,-1
357,33,1298,648,100,176,-1,-1,-1,-1
358,33,1305,650,94,173,-1,-1,-1,-1
359,33,1304,649,94,173,-1,-1,-1,-1
360,33,1305,655,93,166,-1,-1,-1,-1
361,33,1309,655,91,165,-1,-1,-1,-1
362,33,1310,656,93,165,-1,-1,-1,-1
363,33,1317,654,94,161,-1,-1,-1,-1
364,33,1320,645,91,164,-1,-1,-1,-1
365,33,1323,649,90,163,-1,-1,-1,-1
366,33,1321,645,91,162,-1,-1,-1,-1
367,33,1316,646,103,158,-1,-1,-1,-1
368,33,1327,646,96,156,-1,-1,-1,-1
369,33,1335,641,92,157,-1,-1,-1,-1
370,33,1337,635,91,158,-1,-1,-1,-1
371,33,1342,637,87,161,-1,-1,-1,-1
372,33,1341,637,90,160,-1,-1,-1,-1
373,33,1350,636,87,163,-1,-1,-1,-1
374,33,1349,633,93,168,-1,-1,-1,-1
375,33,1341,633,102,168,-1,-1,-1,-1
376,33,1352,634,92,166,-1,-1,-1,-1
377,33,1353,632,94,172,-1,-1,-1,-1
378,33,1356,632,89,165,-1,-1,-1,-1
379,33,1361,633,89,162,-1,-1,-1,-1
380,33,1361,635,97,163,-1,-1,-1,-1
381,33,1371,634,89,162,-1,-1,-1,-1
382,33,1376,632,87,155,-1,-1,-1,-1
383,33,1379,631,87,152,-1,-1,-1,-1
384,33,1379,630,87,150,-1,-1,-1,-1
385,33,1384,625,86,153,-1,-1,-1,-1
386,33,1384,626,87,149,-1,-1,-1,-1
387,33,1388,624,84,154,-1,-1,-1,-1
388,33,1382,620,97,161,-1,-1,-1,-1
389,33,1386,624,95,157,-1,-1,-1,-1
390,33,1389,624,93,158,-1,-1,-1,-1
391,33,1391,624,94,158,-1,-1,-1,-1
392,33,1391,625,104,153,-1,-1,-1,-1
393,33,1393,622,100,157,-1,-1,-1,-1
394,33,1404,615,95,155,-1,-1,-1,-1
395,33,1402,614,93,157,-1,-1,-1,-1
396,33,1406,615,92,153,-1,-1,-1,-1
397,33,1409,612,92,154,-1,-1,-1,-1
398,33,1424,613,85,149,-1,-1,-1,-1
399,33,1421,611,90,155,-1,-1,-1,-1
400,33,1423,614,89,145,-1,-1,-1,-1
401,33,1424,614,91,147,-1,-1,-1,-1
402,33,1429,612,91,153,-1,-1,-1,-1
403,33,1428,611,92,152,-1,-1,-1,-1
404,33,1436,610,85,147,-1,-1,-1,-1
405,33,1436,608,92,158,-1,-1,-1,-1
406,33,1438,608,91,155,-1,-1,-1,-1
407,33,1435,608,96,151,-1,-1,-1,-1
408,33,1435,606,96,153,-1,-1,-1,-1
409,33,1439,604,90,148,-1,-1,-1,-1
410,33,1441,601,94,153,-1,-1,-1,-1
411,33,1447,600,90,148,-1,-1,-1,-1
412,33,1447,597,95,153,-1,-1,-1,-1
413,33,1454,595,90,153,-1,-1,-1,-1
414,33,1464,596,74,130,-1,-1,-1,-1
415,33,1461,592,86,153,-1,-1,-1,-1
416,33,1465,589,90,159,-1,-1,-1,-1
417,33,1466,591,87,159,-1,-1,-1,-1
418,33,1466,590,90,156,-1,-1,-1,-1
419,33,1468,591,85,148,-1,-1,-1,-1
420,33,1470,592,83,145,-1,-1,-1,-1
421,33,1472,599,86,136,-1,-1,-1,-1
422,33,1476,592,82,147,-1,-1,-1,-1
423,33,1479,591,78,144,-1,-1,-1,-1
424,33,1480,588,87,155,-1,-1,-1,-1
425,33,1483,588,91,155,-1,-1,-1,-1
426,33,1483,581,92,169,-1,-1,-1,-1
427,33,1489,584,86,150,-1,-1,-1,-1
428,33,1494,582,80,148,-1,-1,-1,-1
429,33,1498,582,76,142,-1,-1,-1,-1
430,33,1497,578,80,150,-1,-1,-1,-1
431,33,1500,574,82,157,-1,-1,-1,-1
432,33,1502,573,82,158,-1,-1,-1,-1
433,33,1504,573,81,157,-1,-1,-1,-1
434,33,1504,574,83,156,-1,-1,-1,-1
435,33,1506,574,84,154,-1,-1,-1,-1
436,33,1504,573,89,157,-1,-1,-1,-1
437,33,1503,575,91,155,-1,-1,-1,-1
438,33,1505,568,97,159,-1,-1,-1,-1
439,33,1505,562,102,166,-1,-1,-1,-1
440,33,1513,556,91,166,-1,-1,-1,-1
441,33,1516,565,85,153,-1,-1,-1,-1
442,33,1524,563,81,152,-1,-1,-1,-1
443,33,1526,562,81,150,-1,-1,-1,-1
444,33,1528,564,85,155,-1,-1,-1,-1
445,33,1527,563,91,160,-1,-1,-1,-1
446,33,1529,560,91,160,-1,-1,-1,-1
447,33,1529,559,88,153,-1,-1,-1,-1
448,33,1531,559,86,153,-1,-1,-1,-1
449,33,1532,559,89,154,-1,-1,-1,-1
450,33,1533,559,89,151,-1,-1,-1,-1
451,33,1540,560,82,148,-1,-1,-1,-1
452,33,1543,560,81,149,-1,-1,-1,-1
453,33,1542,561,84,145,-1,-1,-1,-1
454,33,1541,561,89,139,-1,-1,-1,-1
455,33,1543,557,90,142,-1,-1,-1,-1
456,33,1547,559,89,143,-1,-1,-1,-1
457,33,1558,555,80,138,-1,-1,-1,-1
458,33,1558,555,84,141,-1,-1,-1,-1
459,33,1564,549,85,159,-1,-1,-1,-1
460,33,1565,551,84,148,-1,-1,-1,-1
461,33,1563,548,86,146,-1,-1,-1,-1
462,33,1565,550,83,141,-1,-1,-1,-1
463,33,1564,548,83,144,-1,-1,-1,-1
464,33,1572,549,79,135,-1,-1,-1,-1
465,33,1569,546,82,142,-1,-1,-1,-1
466,33,1573,547,84,139,-1,-1,-1,-1
467,33,1571,546,86,145,-1,-1,-1,-1
468,33,1570,544,93,150,-1,-1,-1,-1
469,33,1571,540,92,154,-1,-1,-1,-1
470,33,1573,543,91,151,-1,-1,-1,-1
471,33,1577,542,93,146,-1,-1,-1,-1
472,33,1590,541,81,136,-1,-1,-1,-1
473,33,1589,540,83,138,-1,-1,-1,-1
474,33,1588,536,83,144,-1,-1,-1,-1
475,33,1590,536,85,138,-1,-1,-1,-1
476,33,1592,533,82,142,-1,-1,-1,-1
477,33,1594,537,87,133,-1,-1,-1,-1
478,33,1591,536,89,143,-1,-1,-1,-1
479,33,1595,533,88,147,-1,-1,-1,-1
480,33,1598,529,88,160,-1,-1,-1,-1
481,33,1597,537,88,143,-1,-1,-1,-1
482,33,1599,539,89,140,-1,-1,-1,-1
483,33,1599,539,92,142,-1,-1,-1,-1
484,33,1599,533,92,149,-1,-1,-1,-1
485,33,1599,533,92,146,-1,-1,-1,-1
486,33,1598,535,92,146,-1,-1,-1,-1
487,33,1603,531,100,152,-1,-1,-1,-1
488,33,1612,530,86,147,-1,-1,-1,-1
489,33,1616,533,87,144,-1,-1,-1,-1
490,33,1618,539,80,120,-1,-1,-1,-1
491,33,1620,534,81,132,-1,-1,-1,-1
492,33,1623,532,81,135,-1,-1,-1,-1
493,33,1623,530,86,137,-1,-1,-1,-1
494,33,1627,528,82,137,-1,-1,-1,-1
495,33,1637,529,82,136,-1,-1,-1,-1
496,33,1638,527,81,141,-1,-1,-1,-1
497,33,1633,528,83,142,-1,-1,-1,-1
498,33,1634,529,84,136,-1,-1,-1,-1
499,33,1636,526,83,142,-1,-1,-1,-1
500,33,1636,525,84,142,-1,-1,-1,-1
501,33,1639,524,86,143,-1,-1,-1,-1
502,33,1643,520,93,147,-1,-1,-1,-1
503,33,1638,519,92,149,-1,-1,-1,-1
504,33,1643,520,91,143,-1,-1,-1,-1
505,33,1644,520,91,138,-1,-1,-1,-1
506,33,1649,520,84,134,-1,-1,-1,-1
507,33,1652,520,84,133,-1,-1,-1,-1
508,33,1650,519,86,133,-1,-1,-1,-1
509,33,1651,516,84,136,-1,-1,-1,-1
510,33,1651,519,90,134,-1,-1,-1,-1
511,33,1652,514,86,139,-1,-1,-1,-1
512,33,1648,515,90,139,-1,-1,-1,-1
513,33,1651,517,82,138,-1,-1,-1,-1
514,33,1652,517,86,134,-1,-1,-1,-1
515,33,1656,515,81,136,-1,-1,-1,-1
516,33,1654,516,80,134,-1,-1,-1,-1
517,33,1659,516,80,128,-1,-1,-1,-1
518,33,1664,516,72,127,-1,-1,-1,-1
519,33,1665,515,76,127,-1,-1,-1,-1
520,33,1671,516,68,123,-1,-1,-1,-1
521,33,1674,517,63,118,-1,-1,-1,-1
522,33,1678,520,63,114,-1,-1,-1,-1
523,33,1681,515,59,119,-1,-1,-1,-1
524,33,1683,513,61,121,-1,-1,-1,-1
525,33,1681,512,62,123,-1,-1,-1,-1
526,33,1680,511,66,126,-1,-1,-1,-1
527,33,1680,510,65,129,-1,-1,-1,-1
528,33,1681,510,65,128,-1,-1,-1,-1
529,33,1685,509,62,131,-1,-1,-1,-1
530,33,1683,507,69,132,-1,-1,-1,-1
531,33,1683,505,72,133,-1,-1,-1,-1
532,33,1686,506,71,129,-1,-1,-1,-1
533,33,1686,505,71,129,-1,-1,-1,-1
534,33,1687,506,69,127,-1,-1,-1,-1
535,33,1688,506,67,124,-1,-1,-1,-1
536,33,1689,506,67,122,-1,-1,-1,-1
537,33,1688,505,72,124,-1,-1,-1,-1
538,33,1686,504,75,128,-1,-1,-1,-1
539,33,1687,506,72,125,-1,-1,-1,-1
540,33,1686,504,74,129,-1,-1,-1,-1
541,33,1688,505,75,125,-1,-1,-1,-1
542,33,1687,504,77,127,-1,-1,-1,-1
543,33,1687,502,77,129,-1,-1,-1,-1
544,33,1689,504,77,126,-1,-1,-1,-1
545,33,1689,503,76,128,-1,-1,-1,-1
546,33,1689,504,73,126,-1,-1,-1,-1
547,33,1692,503,70,126,-1,-1,-1,-1
548,33,1692,505,73,126,-1,-1,-1,-1
549,33,1691,504,73,126,-1,-1,-1,-1
550,33,1689,503,75,128,-1,-1,-1,-1
551,33,1692,503,74,128,-1,-1,-1,-1
552,33,1692,501,73,129,-1,-1,-1,-1
553,33,1690,503,75,129,-1,-1,-1,-1
554,33,1692,503,73,128,-1,-1,-1,-1
555,33,1694,505,73,125,-1,-1,-1,-1
556,33,1691,504,74,126,-1,-1,-1,-1
557,33,1692,503,74,127,-1,-1,-1,-1
558,33,1692,503,74,127,-1,-1,-1,-1
559,33,1693,503,73,127,-1,-1,-1,-1
560,33,1695,503,71,129,-1,-1,-1,-1
561,33,1695,502,70,129,-1,-1,-1,-1
562,33,1695,504,68,126,-1,-1,-1,-1
563,33,1696,503,68,127,-1,-1,-1,-1
564,33,1694,504,70,126,-1,-1,-1,-1
565,33,1696,504,68,126,-1,-1,-1,-1
566,33,1696,504,68,125,-1,-1,-1,-1
567,33,1697,505,67,124,-1,-1,-1,-1
568,33,1696,507,65,121,-1,-1,-1,-1
569,33,1695,507,67,121,-1,-1,-1,-1
570,33,1695,506,69,122,-1,-1,-1,-1
571,33,1694,506,72,123,-1,-1,-1,-1
572,33,1695,506,72,124,-1,-1,-1,-1
573,33,1695,504,72,126,-1,-1,-1,-1
574,33,1695,504,73,127,-1,-1,-1,-1
575,33,1697,505,71,126,-1,-1,-1,-1
576,33,1695,505,71,128,-1,-1,-1,-1
577,33,1697,504,66,128,-1,-1,-1,-1
578,33,1696,504,68,129,-1,-1,-1,-1
579,33,1694,502,71,132,-1,-1,-1,-1
580,33,1694,503,70,130,-1,-1,-1,-1
581,33,1701,503,65,128,-1,-1,-1,-1
582,33,1697,503,69,131,-1,-1,-1,-1
583,33,1699,503,74,134,-1,-1,-1,-1
584,33,1698,503,67,131,-1,-1,-1,-1
585,33,1701,507,63,126,-1,-1,-1,-1
586,33,1700,507,66,126,-1,-1,-1,-1
587,33,1704,508,63,125,-1,-1,-1,-1
588,33,1703,507,63,126,-1,-1,-1,-1
589,33,1704,508,62,124,-1,-1,-1,-1
590,33,1706,506,63,129,-1,-1,-1,-1
591,33,1702,508,65,126,-1,-1,-1,-1
592,33,1703,508,63,126,-1,-1,-1,-1
593,33,1703,509,60,125,-1,-1,-1,-1
594,33,1704,510,58,123,-1,-1,-1,-1
595,33,1704,510,58,123,-1,-1,-1,-1
596,33,1704,511,57,122,-1,-1,-1,-1
597,33,1700,510,61,121,-1,-1,-1,-1
598,33,1701,508,66,124,-1,-1,-1,-1
599,33,1695,507,74,131,-1,-1,-1,-1
600,33,1692,508,72,128,-1,-1,-1,-1
601,33,1697,504,71,130,-1,-1,-1,-1
602,33,1692,507,68,124,-1,-1,-1,-1
603,33,1688,508,71,125,-1,-1,-1,-1
604,33,1689,510,68,123,-1,-1,-1,-1
605,33,1687,510,70,121,-1,-1,-1,-1
606,33,1684,509,72,122,-1,-1,-1,-1
607,33,1685,507,74,128,-1,-1,-1,-1
608,33,1682,509,70,123,-1,-1,-1,-1
609,33,1682,506,73,128,-1,-1,-1,-1
610,33,1680,504,69,127,-1,-1,-1,-1
611,33,1678,505,70,126,-1,-1,-1,-1
612,33,1677,503,71,127,-1,-1,-1,-1
613,33,1672,500,75,132,-1,-1,-1,-1
614,33,1671,497,71,134,-1,-1,-1,-1
615,33,1672,499,70,132,-1,-1,-1,-1
616,33,1673,501,67,131,-1,-1,-1,-1
617,33,1673,501,65,132,-1,-1,-1,-1
618,33,1668,500,71,132,-1,-1,-1,-1
619,33,1668,500,70,133,-1,-1,-1,-1
620,33,1665,499,72,135,-1,-1,-1,-1
621,33,1662,499,73,134,-1,-1,-1,-1
622,33,1662,502,74,133,-1,-1,-1,-1
623,33,1662,503,73,132,-1,-1,-1,-1
624,33,1660,499,70,138,-1,-1,-1,-1
625,33,1658,502,74,131,-1,-1,-1,-1
626,33,1657,501,76,132,-1,-1,-1,-1
627,33,1657,500,78,133,-1,-1,-1,-1
628,33,1658,502,76,131,-1,-1,-1,-1
629,33,1658,502,77,132,-1,-1,-1,-1
630,33,1660,503,73,130,-1,-1,-1,-1
631,33,1658,501,75,133,-1,-1,-1,-1
632,33,1658,500,76,133,-1,-1,-1,-1
633,33,1659,502,75,130,-1,-1,-1,-1
634,33,1658,500,76,133,-1,-1,-1,-1
635,33,1659,499,73,133,-1,-1,-1,-1
636,33,1659,499,74,131,-1,-1,-1,-1
637,33,1657,498,76,133,-1,-1,-1,-1
638,33,1660,499,76,132,-1,-1,-1,-1
639,33,1657,499,77,133,-1,-1,-1,-1
640,33,1659,500,76,132,-1,-1,-1,-1
641,33,1656,500,79,136,-1,-1,-1,-1
642,33,1656,501,78,135,-1,-1,-1,-1
643,33,1656,501,80,137,-1,-1,-1,-1
644,33,1658,499,79,140,-1,-1,-1,-1
645,33,1658,498,78,142,-1,-1,-1,-1
646,33,1661,502,76,135,-1,-1,-1,-1
647,33,1666,497,69,139,-1,-1,-1,-1
648,33,1665,496,71,139,-1,-1,-1,-1
649,33,1659,495,76,141,-1,-1,-1,-1
650,33,1663,496,72,142,-1,-1,-1,-1
651,33,1661,497,74,141,-1,-1,-1,-1
652,33,1662,496,72,140,-1,-1,-1,-1
653,33,1662,495,73,139,-1,-1,-1,-1
654,33,1664,493,72,141,-1,-1,-1,-1
655,33,1664,495,71,136,-1,-1,-1,-1
656,33,1664,497,70,133,-1,-1,-1,-1
657,33,1665,495,70,137,-1,-1,-1,-1
658,33,1666,496,68,136,-1,-1,-1,-1
659,33,1665,495,69,137,-1,-1,-1,-1
660,33,1668,499,67,134,-1,-1,-1,-1
661,33,1668,497,66,135,-1,-1,-1,-1
662,33,1668,497,68,134,-1,-1,-1,-1
663,33,1672,498,65,135,-1,-1,-1,-1
664,33,1674,511,62,121,-1,-1,-1,-1
665,33,1676,511,59,121,-1,-1,-1,-1
666,33,1678,517,57,115,-1,-1,-1,-1
667,33,1677,511,59,121,-1,-1,-1,-1
668,33,1675,501,63,136,-1,-1,-1,-1
669,33,1676,503,61,129,-1,-1,-1,-1
670,33,1677,503,61,129,-1,-1,-1,-1
671,33,1676,503,63,131,-1,-1,-1,-1
672,33,1675,502,65,133,-1,-1,-1,-1
673,33,1675,503,66,132,-1,-1,-1,-1
674,33,1670,501,70,134,-1,-1,-1,-1
675,33,1672,502,68,132,-1,-1,-1,-1
676,33,1673,503,68,130,-1,-1,-1,-1
677,33,1673,504,66,127,-1,-1,-1,-1
678,33,1675,505,64,125,-1,-1,-1,-1
679,33,1673,502,64,128,-1,-1,-1,-1
680,33,1674,502,61,128,-1,-1,-1,-1
681,33,1673,509,61,123,-1,-1,-1,-1
682,33,1672,509,62,128,-1,-1,-1,-1
683,33,1667,519,65,113,-1,-1,-1,-1
684,33,1667,522,64,110,-1,-1,-1,-1
685,33,1666,514,65,118,-1,-1,-1,-1
686,33,1669,523,63,110,-1,-1,-1,-1
687,33,1664,506,67,126,-1,-1,-1,-1
688,33,1662,512,68,123,-1,-1,-1,-1
689,33,1663,509,66,123,-1,-1,-1,-1
690,33,1662,512,66,119,-1,-1,-1,-1
691,33,1657,508,69,122,-1,-1,-1,-1
692,33,1656,505,74,128,-1,-1,-1,-1
693,33,1652,503,76,130,-1,-1,-1,-1
694,33,1647,503,80,132,-1,-1,-1,-1
695,33,1649,504,79,132,-1,-1,-1,-1
696,33,1654,505,72,129,-1,-1,-1,-1
697,33,1649,504,70,130,-1,-1,-1,-1
698,33,1650,507,66,124,-1,-1,-1,-1
699,33,1649,504,65,128,-1,-1,-1,-1
700,33,1643,503,67,128,-1,-1,-1,-1
701,33,1642,507,67,125,-1,-1,-1,-1
702,33,1639,510,68,120,-1,-1,-1,-1
703,33,1636,501,69,133,-1,-1,-1,-1
704,33,1635,501,70,134,-1,-1,-1,-1
705,33,1634,502,69,134,-1,-1,-1,-1
706,33,1631,509,67,124,-1,-1,-1,-1
707,33,1630,510,63,123,-1,-1,-1,-1
708,33,1629,510,63,122,-1,-1,-1,-1
709,33,1627,508,66,124,-1,-1,-1,-1
710,33,1627,511,63,121,-1,-1,-1,-1
711,33,1626,509,63,121,-1,-1,-1,-1
712,33,1624,507,62,123,-1,-1,-1,-1
713,33,1626,509,59,119,-1,-1,-1,-1
714,33,1624,511,63,119,-1,-1,-1,-1
715,33,1619,508,65,126,-1,-1,-1,-1
716,33,1621,507,54,125,-1,-1,-1,-1
717,33,1612,506,63,125,-1,-1,-1,-1
718,33,1613,505,56,125,-1,-1,-1,-1
719,33,1609,505,64,130,-1,-1,-1,-1
720,33,1605,507,62,125,-1,-1,-1,-1
721,33,1606,506,63,124,-1,-1,-1,-1
722,33,1602,505,66,126,-1,-1,-1,-1
723,33,1600,505,67,126,-1,-1,-1,-1
724,33,1600,508,61,121,-1,-1,-1,-1
725,33,1599,507,60,122,-1,-1,-1,-1
726,33,1591,507,60,123,-1,-1,-1,-1
727,33,1590,504,61,127,-1,-1,-1,-1
728,33,1584,499,68,129,-1,-1,-1,-1
729,33,1589,502,55,122,-1,-1,-1,-1
730,33,1587,501,54,122,-1,-1,-1,-1
731,33,1581,500,58,125,-1,-1,-1,-1
732,33,1573,495,68,131,-1,-1,-1,-1
733,33,1575,493,54,125,-1,-1,-1,-1
734,33,1571,493,51,116,-1,-1,-1,-1
735,33,1567,491,51,112,-1,-1,-1,-1
736,33,1561,491,58,115,-1,-1,-1,-1
737,33,1566,488,53,117,-1,-1,-1,-1
738,33,1562,487,58,115,-1,-1,-1,-1
739,33,1559,486,63,114,-1,-1,-1,-1
740,33,1552,481,65,121,-1,-1,-1,-1
741,33,1550,481,64,118,-1,-1,-1,-1
742,33,1548,478,62,123,-1,-1,-1,-1
743,33,1542,482,63,119,-1,-1,-1,-1
744,33,1546,477,55,122,-1,-1,-1,-1
745,33,1545,477,56,127,-1,-1,-1,-1
746,33,1542,479,56,120,-1,-1,-1,-1
747,33,1546,477,50,122,-1,-1,-1,-1
748,33,1539,479,57,122,-1,-1,-1,-1
753,34,1529,480,48,107,-1,-1,-1,-1
754,34,1524,475,49,109,-1,-1,-1,-1
755,34,1523,475,48,107,-1,-1,-1,-1
756,34,1522,475,47,108,-1,-1,-1,-1
757,34,1520,474,47,110,-1,-1,-1,-1
758,34,1521,474,46,107,-1,-1,-1,-1
759,34,1520,473,46,107,-1,-1,-1,-1
760,34,1518,473,47,103,-1,-1,-1,-1
761,34,1513,471,46,106,-1,-1,-1,-1
762,34,1512,469,46,107,-1,-1,-1,-1
763,34,1512,468,45,110,-1,-1,-1,-1
764,34,1511,466,45,112,-1,-1,-1,-1
765,34,1510,467,44,112,-1,-1,-1,-1
770,28,1254,53,24,48,-1,-1,-1,-1
771,28,1256,52,24,49,-1,-1,-1,-1
772,28,1252,52,24,49,-1,-1,-1,-1
767,34,1504,465,44,112,-1,-1,-1,-1
768,34,1498,462,51,118,-1,-1,-1,-1
769,34,1499,461,49,119,-1,-1,-1,-1
770,34,1500,461,49,117,-1,-1,-1,-1
771,34,1496,460,54,117,-1,-1,-1,-1
772,34,1497,458,52,118,-1,-1,-1,-1
773,34,1498,456,50,117,-1,-1,-1,-1
774,34,1495,456,51,117,-1,-1,-1,-1
775,34,1494,456,52,116,-1,-1,-1,-1
776,34,1493,455,53,119,-1,-1,-1,-1
777,34,1493,458,53,111,-1,-1,-1,-1
778,34,1493,452,53,121,-1,-1,-1,-1
779,34,1491,451,55,122,-1,-1,-1,-1
780,34,1489,453,56,117,-1,-1,-1,-1
781,34,1489,455,55,114,-1,-1,-1,-1
782,34,1489,451,57,125,-1,-1,-1,-1
783,34,1489,456,51,110,-1,-1,-1,-1
784,34,1488,456,52,114,-1,-1,-1,-1
785,34,1487,456,51,113,-1,-1,-1,-1
786,34,1488,453,51,116,-1,-1,-1,-1
787,34,1487,454,51,112,-1,-1,-1,-1
788,34,1486,449,53,120,-1,-1,-1,-1
789,34,1483,450,55,122,-1,-1,-1,-1
790,34,1484,446,49,116,-1,-1,-1,-1
791,34,1486,448,45,80,-1,-1,-1,-1
792,34,1478,444,54,126,-1,-1,-1,-1
793,34,1475,447,52,122,-1,-1,-1,-1
794,34,1476,446,51,125,-1,-1,-1,-1
795,34,1475,447,49,123,-1,-1,-1,-1
796,34,1475,448,48,119,-1,-1,-1,-1
797,34,1475,450,50,118,-1,-1,-1,-1
798,34,1475,450,50,117,-1,-1,-1,-1
799,34,1475,451,51,114,-1,-1,-1,-1
800,34,1477,447,49,119,-1,-1,-1,-1
801,34,1473,451,53,115,-1,-1,-1,-1
802,34,1474,449,52,115,-1,-1,-1,-1
803,34,1474,449,52,114,-1,-1,-1,-1
804,34,1474,449,52,114,-1,-1,-1,-1
805,34,1472,452,51,112,-1,-1,-1,-1
806,34,1472,452,52,114,-1,-1,-1,-1
807,34,1472,452,52,114,-1,-1,-1,-1
808,34,1475,450,51,112,-1,-1,-1,-1
809,34,1476,454,48,109,-1,-1,-1,-1
810,34,1472,452,51,114,-1,-1,-1,-1
811,34,1471,452,51,113,-1,-1,-1,-1
812,34,1471,452,51,113,-1,-1,-1,-1
813,34,1472,450,51,114,-1,-1,-1,-1
814,34,1471,451,51,114,-1,-1,-1,-1
815,34,1469,449,53,115,-1,-1,-1,-1
816,34,1472,450,50,112,-1,-1,-1,-1
817,34,1471,448,52,111,-1,-1,-1,-1
818,34,1469,447,53,111,-1,-1,-1,-1
819,34,1468,449,49,107,-1,-1,-1,-1
820,34,1469,450,48,104,-1,-1,-1,-1
821,34,1468,451,48,107,-1,-1,-1,-1
822,34,1468,447,52,108,-1,-1,-1,-1
823,34,1467,445,51,111,-1,-1,-1,-1
824,34,1461,441,54,121,-1,-1,-1,-1
825,34,1458,441,52,119,-1,-1,-1,-1
826,34,1458,439,52,122,-1,-1,-1,-1
827,34,1458,439,50,120,-1,-1,-1,-1
828,34,1458,437,50,121,-1,-1,-1,-1
829,34,1458,436,51,122,-1,-1,-1,-1
830,34,1455,437,53,117,-1,-1,-1,-1
831,34,1455,436,53,118,-1,-1,-1,-1
832,34,1451,439,56,110,-1,-1,-1,-1
833,34,1449,438,58,114,-1,-1,-1,-1
834,34,1451,437,60,117,-1,-1,-1,-1
835,34,1443,435,66,115,-1,-1,-1,-1
836,34,1445,436,63,115,-1,-1,-1,-1
837,34,1440,434,68,118,-1,-1,-1,-1
838,34,1436,433,71,118,-1,-1,-1,-1
839,34,1439,435,68,117,-1,-1,-1,-1
840,34,1440,435,69,117,-1,-1,-1,-1
841,34,1443,436,63,113,-1,-1,-1,-1
842,34,1441,437,64,113,-1,-1,-1,-1
843,34,1443,435,63,119,-1,-1,-1,-1
844,34,1446,435,62,116,-1,-1,-1,-1
845,34,1445,435,61,116,-1,-1,-1,-1
846,34,1445,434,63,116,-1,-1,-1,-1
847,34,1444,435,64,115,-1,-1,-1,-1
848,34,1439,433,65,122,-1,-1,-1,-1
849,34,1440,437,64,112,-1,-1,-1,-1
850,34,1440,437,64,111,-1,-1,-1,-1
851,34,1433,434,70,113,-1,-1,-1,-1
852,34,1438,435,67,109,-1,-1,-1,-1
853,34,1438,433,65,111,-1,-1,-1,-1
854,34,1442,435,60,109,-1,-1,-1,-1
855,34,1448,433,52,113,-1,-1,-1,-1
856,34,1445,437,57,107,-1,-1,-1,-1
857,34,1445,440,56,106,-1,-1,-1,-1
858,34,1445,442,58,104,-1,-1,-1,-1
859,34,1443,443,57,99,-1,-1,-1,-1
870,37,1257,51,26,49,-1,-1,-1,-1
871,37,1258,50,25,50,-1,-1,-1,-1
872,37,1253,49,26,52,-1,-1,-1,-1
873,37,1254,49,25,51,-1,-1,-1,-1
874,37,1252,51,25,49,-1,-1,-1,-1
875,37,1252,50,26,50,-1,-1,-1,-1
888,38,1261,51,22,48,-1,-1,-1,-1
889,38,1251,54,24,47,-1,-1,-1,-1
890,38,1251,54,24,47,-1,-1,-1,-1
891,38,1251,55,23,46,-1,-1,-1,-1
892,38,1252,54,23,47,-1,-1,-1,-1
893,38,1252,54,23,47,-1,-1,-1,-1
927,28,1252,52,23,48,-1,-1,-1,-1
928,28,1252,53,23,48,-1,-1,-1,-1
929,28,1252,53,23,47,-1,-1,-1,-1
930,28,1252,53,23,47,-1,-1,-1,-1
931,28,1252,55,23,46,-1,-1,-1,-1
961,37,1254,53,24,48,-1,-1,-1,-1
962,37,1254,53,24,48,-1,-1,-1,-1
963,37,1254,53,24,48,-1,-1,-1,-1
964,37,1262,51,22,48,-1,-1,-1,-1
965,37,1254,52,24,48,-1,-1,-1,-1
966,37,1255,53,24,47,-1,-1,-1,-1
1561,41,1261,51,23,48,-1,-1,-1,-1
1562,41,1261,51,23,47,-1,-1,-1,-1
1563,41,1261,51,24,47,-1,-1,-1,-1
1564,41,1261,51,23,48,-1,-1,-1,-1
1563,42,1338,36,22,53,-1,-1,-1,-1
1564,42,1334,35,25,56,-1,-1,-1,-1
1565,42,1329,36,30,56,-1,-1,-1,-1
1566,42,1329,38,28,54,-1,-1,-1,-1
1567,42,1331,38,24,54,-1,-1,-1,-1
1569,43,1326,37,26,56,-1,-1,-1,-1
1570,43,1324,38,27,56,-1,-1,-1,-1
1571,43,1323,39,29,55,-1,-1,-1,-1
1572,43,1325,39,27,54,-1,-1,-1,-1
1573,43,1328,43,25,49,-1,-1,-1,-1
1574,43,1331,44,22,47,-1,-1,-1,-1
1604,44,1277,48,24,48,-1,-1,-1,-1
1605,44,1267,46,24,50,-1,-1,-1,-1
1606,44,1253,48,32,51,-1,-1,-1,-1
1604,45,1309,5,23,31,-1,-1,-1,-1
1605,45,1309,5,23,30,-1,-1,-1,-1
1606,45,1309,5,23,30,-1,-1,-1,-1
1607,45,1310,6,23,29,-1,-1,-1,-1
1604,46,1302,53,22,41,-1,-1,-1,-1
1605,46,1305,53,23,41,-1,-1,-1,-1
1606,46,1301,54,21,43,-1,-1,-1,-1
1607,46,1300,54,22,43,-1,-1,-1,-1
1608,46,1301,52,21,44,-1,-1,-1,-1
1609,46,1301,52,21,44,-1,-1,-1,-1
1610,46,1300,53,21,43,-1,-1,-1,-1
1573,47,1321,46,23,47,-1,-1,-1,-1
1574,47,1318,48,22,45,-1,-1,-1,-1
1575,47,1315,43,23,48,-1,-1,-1,-1
1576,47,1314,42,24,48,-1,-1,-1,-1
1577,47,1315,42,22,47,-1,-1,-1,-1
1578,47,1316,41,23,49,-1,-1,-1,-1
1579,47,1316,42,25,49,-1,-1,-1,-1
1580,47,1316,40,25,52,-1,-1,-1,-1
1581,47,1317,42,24,49,-1,-1,-1,-1
1582,47,1315,43,24,48,-1,-1,-1,-1
1583,47,1313,44,24,47,-1,-1,-1,-1
1584,47,1310,44,23,49,-1,-1,-1,-1
1585,47,1311,48,20,43,-1,-1,-1,-1
1586,47,1307,46,24,49,-1,-1,-1,-1
1587,47,1306,43,25,52,-1,-1,-1,-1
1588,47,1304,43,27,53,-1,-1,-1,-1
1589,47,1303,42,28,53,-1,-1,-1,-1
1590,47,1303,43,27,52,-1,-1,-1,-1
1591,47,1304,45,25,49,-1,-1,-1,-1
1592,47,1302,44,28,51,-1,-1,-1,-1
1593,47,1303,43,26,52,-1,-1,-1,-1
1594,47,1304,47,22,47,-1,-1,-1,-1
1595,47,1304,50,22,45,-1,-1,-1,-1
1596,47,1304,53,21,44,-1,-1,-1,-1
1597,47,1306,54,19,42,-1,-1,-1,-1
1598,47,1306,53,20,43,-1,-1,-1,-1
1599,47,1306,53,20,42,-1,-1,-1,-1
1600,47,1298,54,23,44,-1,-1,-1,-1
1601,47,1304,53,21,42,-1,-1,-1,-1
1602,47,1303,50,23,46,-1,-1,-1,-1
1603,47,1296,50,24,47,-1,-1,-1,-1
1604,47,1294,51,23,47,-1,-1,-1,-1
1605,47,1296,52,22,46,-1,-1,-1,-1
1606,47,1293,51,22,47,-1,-1,-1,-1
1607,47,1288,49,25,47,-1,-1,-1,-1
1608,47,1292,49,23,48,-1,-1,-1,-1
1609,47,1292,49,22,48,-1,-1,-1,-1
1610,47,1290,50,22,47,-1,-1,-1,-1
1611,47,1288,49,23,49,-1,-1,-1,-1
1612,47,1280,43,29,54,-1,-1,-1,-1
1613,47,1283,48,26,48,-1,-1,-1,-1
1614,47,1281,47,29,50,-1,-1,-1,-1
1615,47,1281,47,28,50,-1,-1,-1,-1
1616,47,1279,48,28,50,-1,-1,-1,-1
1617,47,1280,49,26,49,-1,-1,-1,-1
1665,48,1232,46,29,55,-1,-1,-1,-1
1666,48,1232,43,32,59,-1,-1,-1,-1
1667,48,1228,44,34,57,-1,-1,-1,-1
1668,48,1229,44,34,58,-1,-1,-1,-1
1633,49,1269,51,25,47,-1,-1,-1,-1
1634,49,1264,52,29,46,-1,-1,-1,-1
1635,49,1268,50,24,47,-1,-1,-1,-1
1636,49,1265,49,26,49,-1,-1,-1,-1
1637,49,1263,49,28,49,-1,-1,-1,-1
1638,49,1263,48,27,50,-1,-1,-1,-1
1639,49,1259,49,28,50,-1,-1,-1,-1
1640,49,1261,50,26,48,-1,-1,-1,-1
1641,49,1261,48,28,51,-1,-1,-1,-1
1642,49,1261,47,30,52,-1,-1,-1,-1
1643,49,1263,48,28,51,-1,-1,-1,-1
1644,49,1263,48,28,50,-1,-1,-1,-1
1645,49,1260,48,27,51,-1,-1,-1,-1
1646,49,1261,49,26,49,-1,-1,-1,-1
1647,49,1258,48,29,51,-1,-1,-1,-1
1648,49,1257,49,29,52,-1,-1,-1,-1
1649,49,1257,49,29,51,-1,-1,-1,-1
1650,49,1256,49,27,50,-1,-1,-1,-1
1651,49,1256,51,26,48,-1,-1,-1,-1
1652,49,1256,50,27,52,-1,-1,-1,-1
1653,49,1254,51,27,51,-1,-1,-1,-1
1654,49,1255,51,27,52,-1,-1,-1,-1
1655,49,1249,51,28,51,-1,-1,-1,-1
1656,49,1249,48,26,56,-1,-1,-1,-1
1657,49,1249,46,29,57,-1,-1,-1,-1
1658,49,1250,44,31,60,-1,-1,-1,-1
1659,49,1254,46,29,57,-1,-1,-1,-1
1660,49,1249,46,28,57,-1,-1,-1,-1
1661,49,1254,51,27,51,-1,-1,-1,-1
1662,49,1248,51,26,51,-1,-1,-1,-1
1663,49,1248,52,25,50,-1,-1,-1,-1
1664,49,1248,50,27,51,-1,-1,-1,-1
1665,49,1248,48,24,53,-1,-1,-1,-1
1666,49,1244,47,27,55,-1,-1,-1,-1
1667,49,1244,48,25,54,-1,-1,-1,-1
1668,49,1244,48,25,55,-1,-1,-1,-1
1669,49,1239,47,29,58,-1,-1,-1,-1
1670,49,1237,53,31,51,-1,-1,-1,-1
1671,49,1234,49,29,57,-1,-1,-1,-1
1672,49,1239,54,24,51,-1,-1,-1,-1
1673,49,1240,54,23,51,-1,-1,-1,-1
1674,49,1242,55,21,49,-1,-1,-1,-1
1675,49,1241,55,21,48,-1,-1,-1,-1
